x1 x2 x3 x4 x5 x6 x7 x8 x9 x10 x11 x12 x13 x14 x15
6.9419409881084 5.08358536693736 -12.641992840231 0.00486457851142291 0.792318602963976 4.79117400842323 3.99670004219174 3.58728117064003 -1.09120191460376 -0.289806522009343 1.43437217976764 3.75926355034828 2.71996257690438 4.38886959753495 -8.23687819555595
0.189138175658098 0.774778371461211 -5.92934121753861 -1.2300394635555 3.13463585130669 -3.29291730709777 4.99926127901113 -3.49652973966276 4.63176909638161 -3.3765756557423 -1.07052047604451 4.61114049354063 11.2749758230468 5.3989662929885 -3.52995750467853
5.62611649056206 2.38124491411122 -5.15494563174462 -2.28619338405014 -4.07711906287392 1.88794130050546 10.6640891379798 1.54742906149671 5.71949843311655 -1.26925746023733 -2.36491871070536 -1.41897630427054 4.3174277662694 -0.639868063918935 -5.59417386318737
0.467690942747115 4.2422218177085 4.35411160244478 -1.74105148611941 -6.88817798537691 -0.884149930626896 2.74092417050133 0.265080105254275 -0.198881754574633 -2.92330365339633 -10.3913926333321 3.10224845693284 -4.71619380154753 -3.9071329532183 -8.56845900483052
-0.909253455623191 3.35666912290132 2.20959993127161 4.20402746326668 0.0922460160164129 -3.98242591492734 2.63259424782375 -5.32276188649269 1.48093093587434 -3.41174918790715 5.13371670040706 -0.548807744277798 5.39459228437886 5.27231348512676 -4.1058783234186
11.1698356842468 0.505355445082243 3.40453703012603 1.16625030550373 -2.65461996228144 5.81087534596427 -9.84385397317748 4.40113607941293 -4.41660276121926 3.82412329787258 -1.89390181599961 7.73371615205691 -2.27039870496721 -1.78501940913578 -9.60440642358569
11.0937145083734 2.55723732497117 -0.060187155046785 -0.470018678499116 4.13595042540483 3.26437645011567 9.6351496789643 5.68275982299869 -0.0302626480959081 6.0912229300393 -7.05554621234751 4.73212631811786 3.1704354509415 5.45652779195588 -8.33754233311937
-2.28525241958334 3.15096228202213 -1.51407566436616 6.62513238405288 0.246961436255108 2.65309428816495 0.648102175055969 1.34542062914488 2.8144159906838 1.33997591853149 3.65124260159068 -0.132731358096953 10.100045058219 3.18820389653948 7.86304171858723
4.43144126433983 2.78120737398654 -5.80552599310986 4.66138689124833 -1.23392186229852 2.67601663029638 6.08226037243058 2.79624062308472 -0.339858906000063 1.99294099827821 9.50118573780452 3.24406723008114 0.0782497455631339 2.79417341848374 -2.68002300274483
-1.52710015745906 3.03164522180836 -3.40006905045396 4.92984385204451 -2.01249465193663 -1.64434318736628 -0.673934079319919 -5.17090514466815 2.96667986350273 -4.16396252080098 -1.71395138105736 5.41546344668913 -1.16522449454007 -1.17119661054884 -2.70373091471039
10.8052296246823 3.9873101995561 -1.4739503032495 -2.4478899131144 -3.95561583361831 1.78108135919327 -0.774994678150432 3.90221638460153 3.91501811501267 0.49000895696804 -6.6326079236026 1.75983173528435 4.76631888823734 1.74534696625977 -12.6884527367624
-0.264569228014252 6.60173898917169 0.523660068985933 0.976262460876587 4.97757565493175 -3.08546945978425 5.28331399607823 -2.87740098815074 8.1020375452584 2.29143057711104 -0.186837138530604 12.2916120742054 -1.25875640431584 12.2010263614332 -7.18028955111133
9.69851102323718 5.15714277637812 -3.17558977847416 0.901787018105684 5.03973875177785 2.75366035218499 7.5433143154909 8.33994478313002 5.78612082732646 5.14402162152767 0.487071926363565 0.958891337715644 10.7550784255662 6.6021695766949 -7.60017661536859
-0.672497239569345 -6.25814070997386 -1.90531196073241 7.17379918343049 -2.24215719608519 0.0110949383422771 4.34174264274503 -0.368729661740332 5.02837962599381 -1.97536864190164 -3.30397025948182 1.79371289556146 3.52976585271034 3.84620376075733 -9.09959120208311
-0.32193044620335 1.68542932090814 2.39844360288513 1.80494010053756 -2.56908678163378 0.857906433216899 6.85592865675179 -6.20474272312084 2.06292194786977 0.826724336329569 0.73979159458844 0.316577307846327 15.6326089389346 5.3522855318631 -7.84434601953913
10.6934200342139 -2.49023718199007 -5.57164331516247 0.970718877399766 -3.28284553891283 4.2481310431486 -7.91471731614448 0.705708398504648 3.83041459868997 -1.54080050777558 -7.69356943591518 -1.31657888507338 10.374158918532 -2.90163271595091 -8.24779163629791
-1.47994843573462 2.31967991934999 4.59276089749917 -2.08386477763035 -2.47056124362265 -3.44575183927493 10.3324730059238 -6.02482284696948 1.57009235012534 -5.34751063372345 2.04970117977513 -1.82396372499132 8.95762157455668 -0.556598657525156 2.60235739387581
0.114660374204815 -1.6308401936278 0.819015428208101 -2.84597949168937 -1.61141330568389 -0.41574133824934 -3.90463606632852 -7.93260844139489 3.52239436748134 0.552205966388981 -6.17533117778334 5.63017073566578 1.83405421096718 1.66261196018518 -7.05495231115594
8.75727645061863 5.63309444904447 0.694884989496795 -0.76871344670557 4.47670809480331 4.81909629269978 0.598662070902838 -0.181278860940873 4.24763084488517 -1.68326373514211 -1.96186463726717 6.38154580286329 1.84144693791462 8.31293009930473 -8.5382907444332
0.354382340512051 -0.0498767084682732 3.09733692133107 3.50827638049222 2.73250360576564 0.250759022687468 9.90735352641045 -3.359726334948 4.39665808200634 -1.859969184354 0.386397308760524 -0.390175381986456 8.16879119300859 4.96837120302698 -4.58791681983696
1.8098581487549 7.86677786049518 5.94528348644613 2.30174228317511 1.4834277800965 0.659256201791869 4.97764832044049 7.38869500059498 6.25494664001565 1.96552207102067 -0.0459880283160652 4.17925767801291 -0.954705169764883 6.49705523015493 4.26373505366875
-1.19492805233417 1.91455303000783 -3.18739746179606 -2.13739287262475 -0.0312270304885099 -2.33512049774355 3.29179055483665 -2.10945453758491 1.90434029727699 -4.83470937866592 2.66539807676956 4.47572127436799 3.17967329323408 4.22537157373723 -1.8141547918293
2.1212134268583 0.310133731065877 -6.49298226942088 -0.351563478426156 -2.26135562030796 2.1963325137964 14.8877142023435 3.36123069314581 -0.163482207336491 -0.167016974146605 3.57236293280898 1.29564329755893 2.6215095769655 4.05495318632514 7.77073764827422
1.56390029937035 4.50401740128063 -9.29964551517856 0.487334653067749 -0.903783295535568 3.15879104128953 2.99207770810832 4.73386821858085 2.32671002190113 1.69437111261137 -6.36685141029681 -0.341834274568253 18.5970731948372 4.40777194351411 6.06690153648393
-0.831345415692945 -2.46061153704012 -0.625688789166925 -4.86708348054935 1.19068370444437 1.79931922708375 4.62847139853921 1.62023849160814 0.0370057856218917 -0.851654890606416 1.58294339066394 -4.28080409127112 11.9521119577528 4.03038770135149 8.56417585056804
4.87399497513493 0.74906056964708 -1.47773491579962 6.23355187016392 2.36392082139657 0.103106372344306 8.06336036810059 4.90908652856877 2.3251424834527 1.12561355844276 -2.76675522659644 8.26490897590491 2.76335997898982 4.62338871740521 -2.52128528686128
-0.513965198646456 3.99812527326484 -4.45682576623661 -0.229720836267385 0.682292320786939 1.70340239629878 8.01964725661222 2.61073195814792 3.75534254237327 1.33202927541375 2.63993676482078 2.69535277709131 2.31849574926017 1.87406509482992 5.20289583112547
-3.65422766428016 -0.980769184518649 1.67860395896575 0.0846149194185546 3.36899394063894 -2.11448781689662 -3.91732807733991 -3.9189297157768 -0.303421242639476 -2.52006346253527 0.481250261553369 9.19719662592909 -1.66183224511985 2.22680673004344 -2.45850521525243
-1.60466760373923 9.38637810234236 0.776375609086265 3.21915320386427 -5.06361904124025 0.637853606147418 -2.6922707014931 2.89154833653391 5.36953271355913 3.87269756704633 -0.749205954617737 7.2793494190474 -5.67236711145505 0.813260557505277 7.50964528141642
5.22095793190244 -1.14905143566116 -10.1737493292789 1.0943761409303 2.19582433791885 1.13697109232204 -3.09236429656028 3.63361438323485 -2.75751628793539 1.00584746110064 -1.49312688242194 0.0526533225621226 14.3249261001295 1.92331251585288 -3.56753543584921
-2.35386553109876 3.81812753372178 -1.85348337410447 4.65286831674856 2.67077318960499 -3.79124413631512 15.6149843636123 -3.56185936710477 4.37198846452636 1.31189815219214 -0.060018033695629 5.5313622991992 2.22463035017659 12.6317130478388 -4.43583135595222
-0.830323484779684 -0.492915426417649 6.31290521259501 3.20613516344103 -1.49540927531404 3.35228873345428 2.81272009910884 6.40226797722212 -0.250325917748964 0.886373630539348 -0.161047430772059 3.27946807865698 5.27475103065794 3.54519108719368 7.67672560623347
0.253080611204576 0.491730275474967 9.50312406435263 7.66371653909915 -3.97281050710959 -2.10161263158298 -2.76059647893756 -5.53465504040266 4.11450537643337 -0.994776211659558 3.57568183061698 2.48890745200308 -2.01146235313374 3.24179020248817 -4.10062540300365
-1.45899161391101 5.23410294304011 -2.98074195188446 2.67256601441315 -2.41636195756168 1.77119410457871 -4.81139464438959 -0.684890077092653 -2.41660357648478 -1.6491675327921 -0.677315946034619 5.42928062102466 5.55086658717128 3.2517682363668 7.97718125165335
-0.535991293221033 3.97754435466621 10.2475926956026 1.17289873193877 4.54394863096628 3.02020531631721 9.81178418535551 3.13293867199324 6.26915641353896 1.53784119413866 -3.37702965972009 1.33286243369013 2.5687407527182 8.35784907423236 4.11169674395751
10.3739392871044 2.15326527579075 0.966217622247703 6.91226603605452 6.50153881467703 -0.948007988752833 1.04047945075714 4.45471309137401 6.73167567778916 -1.6880198440483 10.3573669571032 10.6377800448731 9.70346323810819 10.8688607364047 -4.73164322546111
7.66702373468876 2.6092501697879 -4.17585910978971 -0.633501847149785 -0.659013878912493 3.9861728955709 -3.47592940088762 5.02057649615184 2.10116818634959 -0.337129549124941 -5.0512319333292 3.85550599059928 4.92941662442485 1.45854067915304 -5.51105875407577
-0.0463423547594168 0.0858519918940372 2.74797362037219 0.495276042647871 0.053745681639853 3.92914576039669 8.51360560614635 4.47785533562829 5.60056529769291 1.31968998096256 -2.81527428049832 -0.743803408045805 8.69020495562336 4.70892848496963 4.04333356091546
-2.41639813672983 -4.60159541388835 0.377936856043028 -0.999736822377248 -5.16532754112019 -0.526576286336529 5.44106269385447 -4.69473681772205 4.6961846537797 -0.237369730983536 -2.34721114013883 7.96290760270439 10.5788318673739 4.59532456604617 -1.07068481335662
0.72161463683113 2.43942154896679 8.6058484315975 5.20632667741395 1.06460781127433 -0.434955603776277 0.367391258585923 1.88944719932588 2.21937745908796 0.852029923280463 4.86523662273923 -6.22984789074552 15.0535823552616 3.0693733880832 7.60717305261694
8.70528119497157 1.70520503002223 0.336766501231041 1.52594145580376 3.10717560666196 2.9187340810878 -3.0262573923357 4.35215384864663 5.32396080939027 7.40439293251378 -0.945368566197514 6.56542956374858 12.5233382889834 6.77010479714835 -8.40894792869073
8.88204643565911 -3.60340718100922 -2.58810870594424 -9.38723995256588 -0.864992611127428 1.94148124178041 3.33992403034453 8.62979498531762 6.4449880497929 6.89600639986225 -1.71603017983395 14.6458415193266 -1.49846620443037 4.91837936641588 -6.64907390156974
-2.78419749098899 -2.03570597339721 3.2619927990315 4.39347179127802 0.844880095824897 -3.16967807348873 8.11015250760225 -3.24989211446003 0.541716121190324 0.403624620584544 -2.34786838504378 6.68787901582851 10.5156112769349 4.1516795991104 -7.71734949283687
10.775386554485 2.84805102245059 -7.18303638375923 -7.77782118034901 -4.47814754524991 2.1442636296393 0.488900645451465 -0.995680706903703 1.52625761075633 5.65933558321477 -0.133269498685848 1.04110613711027 -7.32741170989705 -5.05353449099401 -7.62413026156907
1.33901683037677 7.635709853545 4.05659282324336 -2.993210277951 -0.881018729908924 -0.924749449202045 -7.55479779383876 -0.930918801678625 4.63988626408659 7.98200564115141 -2.3790378603676 11.4678038891162 -3.3225929940346 4.50609843540409 7.32174316473757
10.1366019278256 4.29629742982344 3.35474513340423 -1.13096519581186 1.85913706276743 4.44562764718449 -0.386804253812331 4.77255505822413 2.70320063489153 5.99965310627109 5.38099572328064 -4.84210879092999 11.2089075876943 3.15882559453913 -5.55858013348368
-3.02500048491979 2.8124185837489 -2.3287793086897 8.45109817938351 -0.536119358617231 -6.35283019492067 0.703359960701268 -7.6889696617208 2.32077166502435 -0.927140502838761 -1.96305412886926 4.56964420153777 2.62610120528756 3.9758126399054 0.378989299703481
5.4589445360045 0.142647380823709 1.00084350047319 5.83539030791094 1.32855361711726 0.200960472537187 1.12386470712431 4.00392044446214 2.43972869744607 -0.406643667614057 -4.27919700694236 -0.785758086602939 5.16888825867966 1.70209196464723 -8.6831844464476
8.39896190569671 4.22823578256586 -0.591277194019194 6.69667323992654 0.778179727788155 1.37035243441943 -1.88118831547633 6.00284449435938 6.32079720620629 2.23132007628365 0.944902342561052 6.66338326597124 11.422158092795 9.53583305735598 -7.64606904082406
2.69067817803529 1.47360054938021 2.04572362586647 2.89875945865222 -0.991623474819916 -3.47129315134867 6.55754650410491 -9.05393746567685 2.34852953816392 -0.435369222911107 2.15007670686952 2.53721612698945 7.54329872780517 4.62962525024171 -2.99270939382131
8.70861277326316 7.9018374115682 2.42461936575586 2.98332670597554 0.978813400905087 4.72274921502011 -3.46644501030375 7.82243694361339 0.177646588655705 -1.33567299463516 3.43903622267765 1.66927582136 -2.39314115414363 3.5726202848683 -8.3983732639413
-2.7506452748414 5.56880913401771 -3.53016777937971 -0.914926448625073 3.17663110202508 -1.02484909965125 6.00286116694563 -1.78110632924482 3.7860822370056 0.450350580178238 -0.0695201565624589 2.4728596806589 16.6298327823215 5.75878292647039 -4.82441333710418
3.03254128705862 -2.72556272681158 -1.0171688145363 3.11901414183294 1.64007222135349 1.50142458259629 14.8024132148848 3.61330691703408 3.84484209574595 1.43067180375731 3.29019337947548 -2.97802151546681 2.00830169117115 4.86380965904788 -6.66902406989062
-4.54019617248276 -4.72881500927798 7.32076462560888 9.18114095956149 4.47258243508227 -2.09864446845184 6.20234125471117 -0.482699909915061 3.98951701422804 -4.61121438703659 4.32881332252706 3.93591041837243 -1.16826770688238 9.16903808158806 -6.74404644966067
6.82015868442882 -2.65535999169524 3.50110591323598 -1.23342019362471 -3.85355238191367 3.89156833639257 5.36618707039292 1.97442698109932 2.58407656051358 -0.998034382074926 -6.28502487831328 4.62366549447658 5.77747113849813 3.25760049616399 -3.8953808915334
0.312271800481933 -0.467715651892199 -3.94478766414317 0.280056452626635 4.63442869717248 1.44632489221485 3.50031850488629 6.83351804190326 4.0015021015516 3.78884890430501 3.59507615617659 9.14769461241657 6.9923990810665 11.857588036012 3.58151009430391
-0.999421141814394 -0.742172312020519 7.36734170047681 2.39466231121291 -3.8694515332396 -1.58560512864748 2.85601987727053 -6.49043382292974 3.06352298080788 0.617552712911253 -4.38483130585918 -2.83115508299686 -4.19509460183091 1.74486539583516 -5.49946741749077
6.70452589522799 -1.7349874402697 3.92626986498466 -0.173643636395066 -1.70124717540894 -1.32465968896687 -3.43948504769919 6.87725288506432 -4.31829232027042 0.0737536684705977 1.84629244202712 2.69411711573855 0.890102343344901 0.906092890829578 -9.03738954473115
-1.44413059569357 0.134459288207359 -0.301998788007912 -2.37407938486378 3.00512402534192 -2.05999801526176 -1.38691556526593 2.36563852493134 2.09728573385949 4.47314169755858 -3.41116918045848 -0.0289739744512976 -0.417093843128248 2.97107173727466 4.02864762012709
0.429497602479588 8.08908506878538 -4.96218400230823 8.62956586748173 1.51630892217345 1.92077239827998 -1.42838297289917 3.77290043739232 3.21040235826347 -0.169490320783584 -3.64429142685705 4.43579292180578 0.475681000260845 5.55020409980877 2.65806760637675
0.902593756038568 -1.72157611779891 5.9360400223342 -3.53379805890226 -1.38422815917491 2.84854697828653 6.29604666107816 2.94237922372339 2.88015957530349 -1.650981171044 4.36755541549644 3.44392634431265 3.01097033601226 3.21844494024119 2.85905795885118
-0.599352248697215 5.77905883456717 5.7434015283361 -2.86748942539096 -1.65338143597606 3.35396853042431 6.89923419551785 1.31793400846782 3.81974779130705 -2.2713816423299 -1.44290120527597 0.342705074105185 6.46571150688247 3.93315048211335 5.33056550120411
-2.61423598624653 -4.06941638370225 0.232449119605142 6.22210555824168 0.477942201798282 -2.83904413899137 1.95182668235704 -1.65925156238572 2.77301004263889 -2.87654362936657 3.32509617702625 -0.654922804300745 7.85951387737115 0.573050328623843 -3.22897334876348
3.9157770188242 -1.73100234667052 8.1140448452216 2.254799941185 2.66815769509647 -2.73439891163123 -2.02840150750343 -0.142419287747262 0.804398857302828 -0.670146690059893 1.20838761348451 9.08385288453548 2.174015099491 5.85925120896447 -5.27457646153353
-0.360188666931345 3.92698438042366 -3.53859224383366 3.76609735620838 -5.76888090431461 4.66091541963246 -4.62273152609277 5.56622939636212 -3.50099393911337 2.22302481600215 -2.61477422984349 -4.22181286776978 6.58768689535396 -1.94425773342567 8.19866215676931
6.63198643555364 1.78137648473142 -1.23902749151806 -0.382021732117537 0.730064320383839 4.11918355764506 4.65718339806695 5.40142050183089 -1.01682452395705 -2.11716180308571 -3.20254384166788 3.26377787045628 3.98359567636374 3.76018369409173 -8.75421106052824
6.68044330218604 0.140840157282943 5.05957222109118 7.50875402690315 5.6655950579845 -0.549306766110473 6.8128726248827 1.45582996107963 7.1018876869346 4.73756670778927 -2.72213952376065 -0.25645403365035 9.19412820608174 6.04940810181208 -8.71528911548794
8.00451707938862 -2.6573576256953 1.99082192675499 5.44014377325257 -2.39969100707107 3.7113799259939 -4.61310191436309 2.477665200788 4.55005483993984 -0.175428496929606 2.97460606128924 -0.995561168627552 14.5326043929812 -0.555786997727076 -5.86178408400312
-1.86297953265747 0.331324222837716 3.87914317321989 -3.61438672419911 5.13039019468343 -0.865988192805928 6.21202761476792 -0.0887667519154349 4.75469451208612 -3.34547656875383 -2.50213902078049 7.82102649874073 0.756876348612376 6.65752910712879 -8.76023931904876
1.54436233974546 8.10410420728529 5.49695625636532 2.45720134817391 1.90486292525328 1.92919143380015 11.2109901623803 4.60483034272392 3.36869827532816 -2.01428601196981 5.65569151893652 3.03603327081764 1.29590899326744 6.93076377141198 4.74038828967354
-4.53582312071425 0.663397395751159 -0.526546507044676 -3.93046384782098 -2.0508278807027 -1.38626129376423 3.54631551396081 -1.66613922382086 1.1585469939492 -3.07723175009238 -2.3037209727564 11.4620840790688 -6.50840798223526 1.87460257980224 -5.36646442832264
-3.8400933322103 3.78981922400411 3.23842762776791 0.678240323005991 -1.96975152273191 2.38971416753969 7.73562739640647 3.15835133714522 1.58264506236335 -0.600155849357587 3.97720165721749 3.47119732252425 6.84963515820004 5.44279445037295 7.78511992820463
-5.24101697378548 3.94759606502631 -1.04496359178848 -0.741486307313762 4.5772581068392 -1.71012297102323 -0.690769377142153 -2.05537343458068 1.83121822869777 -1.04362923994476 -3.83046997444583 5.33260719027649 2.66406982072184 7.38573271932093 -4.62906908335123
-0.650630994732195 -2.17442386200797 -2.40158992243526 -2.3119236726121 1.38112506893264 -1.34099691953544 4.46670453497459 -0.139859319266458 1.1024237441816 -3.53809095917746 0.506104754978125 4.88534482976203 6.26075632424362 4.22437577510898 -8.30018181911431
1.17264103464526 -6.34609936521157 -0.763287113096011 1.74333701169959 -4.91477730354727 0.218100370005061 9.33575192627989 3.25783355204127 2.82776659116132 5.00676985919831 2.32823156930962 -3.29935305709792 5.10358215818689 -0.683755214676895 1.21951653703255
-1.85323614934863 4.47547131532778 0.469848928028326 -0.777436197297037 1.22581594233029 0.317390462621405 8.59670834334345 -4.01493911271468 0.896485145064226 -2.056610181245 0.566240155238583 1.48358438733715 4.48813865127301 8.83617859312868 -1.77698708766161
10.7725364297411 -0.468693976734997 -8.29471718314446 -4.64205572543313 -2.62801204653412 5.70095333059373 5.65754229243076 6.84560014316633 3.00562816065376 4.29717061471397 1.75036801738177 4.46318275387694 13.7944132980694 2.69633236143565 -8.66095624093525
-3.75688552308343 -0.696913942454119 -5.60966607703275 -7.69849212017294 -1.6257607643162 1.30952031825608 -4.82715568674066 6.03743249583825 1.93733529549093 0.553146260184144 -10.3793294612266 10.1501400257657 3.40047300699202 3.91173130333339 5.59884234331188
-3.71165162067211 1.68724354655658 -0.115584564978344 7.05421662500798 5.66022201459373 -1.75019257227981 15.9118504114072 1.52652345781373 5.00607605909132 -1.63499078340038 4.91509409994921 -5.85118913438305 8.88905310495566 5.61897895235164 -4.47356445771056
1.17026278457413 5.31184498008528 1.46549871512906 4.60519621931611 1.77767798590947 -0.659364524269604 2.07873262319037 -2.89176757087983 0.725043000739111 -0.891523204380514 0.233182816508523 1.81856778419912 0.767701536608906 0.688674303026446 -6.62724970622219
9.74754833710633 3.37610730525653 3.95019314327242 9.91911489517995 3.11822170233013 -0.710658889715797 7.49954577821393 0.546735079237202 1.23607812913586 2.30020441107202 1.93639819434946 3.03491103846545 9.62800567797813 5.87523301054265 -8.82093558969424
0.950325757218772 0.964107746346119 -0.255047015514791 7.88143062221778 3.02093607883634 -1.49041794555623 14.0309462770962 -2.78472004011263 4.6907641616755 -2.3662021471881 -0.370178127901346 1.88486748670938 13.7472956435386 10.4983984454409 -6.69338974301954
-2.18872826132514 2.39563882062888 -1.58388393247938 4.16666553070534 5.30994554044243 1.39089137468629 0.3697161292732 4.06200037877946 -0.647430273790903 -0.466954904591805 -1.61785931987108 10.5138568435183 2.70192951947111 7.41911357780309 3.77017964825138
-1.45133478698701 4.34440800508144 0.0227247368229261 2.74895019486419 -5.85584266809776 -3.14268617046178 -0.668960859499458 -1.49834812353671 -2.91699214209336 -3.62086648530545 -3.95377182533421 2.66098310667229 -2.63570128080344 -0.264473476844292 -7.49873183892614
8.54054843128187 3.57455649303672 -2.31321534911484 -4.51316512303877 -4.73627034061373 2.85695637102304 6.94964825373962 6.81691052687902 -0.15090300980708 4.91229634384796 -5.21688385381616 0.69547200411121 4.36887305046734 1.58427034290356 -7.01230275379823
11.0653514744426 -2.38575143249616 -0.989089423022619 -5.59282418579455 2.62854289632806 2.73368096698004 3.75735256524635 7.82960237298214 -1.22086400624029 0.51689604244876 0.900584840355576 3.24347975801413 0.765876366140063 0.658321878620368 -4.04923456992776
-0.060661900006447 4.68271307682952 -3.506206510868 0.667880685101254 0.649173224889278 -3.96896400438611 -0.892382127985535 -0.758655035945778 2.32320398830838 0.18321995015516 -3.91739153289057 -1.84782024633041 12.5166863285896 -1.44502001903119 -8.69686967111078
-0.379488641153518 3.51361685576042 -4.45422853350752 -2.35175654591326 -4.3905342704838 4.14743876485968 1.42071912035823 4.62844126913515 -6.80291614129091 2.51322042990685 -4.86058026867126 -5.82497725248177 -5.02514251724299 -4.87571891061727 1.35893262196489
-3.6968337225781 3.28176667906959 0.419563965789691 1.18083675472137 1.07701337521091 3.991170139557 1.47948943799527 3.17691379167122 -0.0809134986663951 -0.259724950018022 -1.21904036353236 1.01429898090363 8.17629487015729 3.4368705378464 -2.14242270708716
6.39600180215994 0.388775463996465 -4.64153104509659 3.72259421596035 -0.466964363913914 4.81316889474108 4.36167915868339 3.5796798410861 0.947581563837796 4.3005355579758 2.49321910247605 3.08134632032789 7.70697430345992 7.25997836930178 -5.62634430785871
7.16835358032801 1.98915619898668 3.48304286508089 5.83803432451062 1.13771087308044 -0.202026334551061 14.9589858428819 4.72136646779928 -0.296479732884751 2.33974010632407 0.54348433015115 0.146553397190508 -1.98047081099258 4.04499065100405 -9.10357932558122
0.525577655154124 -0.903623565992483 1.36889621342707 -6.69672109930599 -0.436975408853573 -0.323492144482314 -0.434470079607072 -4.00031354572861 0.576102680037279 -1.31743001953846 1.33786956263713 10.7585377998396 -4.14441334786698 2.32280455482074 -6.78148661344308
-0.612829999808996 0.234283844905682 11.4297931494347 13.7520221360024 0.847670866876871 -1.4902079607463 10.6862659806344 -0.564069716036375 1.67260593790927 -4.2563119142785 5.89110051063076 0.511653492308392 2.39765239343472 8.47624461907057 -6.55844800279872
-2.57713316189314 8.12673264244756 -3.03637347318293 7.34283513701441 -4.06200194873033 -2.19580466226402 2.65503691666578 -0.560374294249134 2.20003398552706 1.16437503184564 -2.96465214995148 3.75465331314327 -0.54087038196444 7.74861262518394 -7.32749905554863
8.94674295591745 4.78507511165562 -2.21607340892677 1.15859508177592 1.68950322780538 2.79511564384916 7.59298959938187 5.38779970028009 3.88843751166596 2.88239124875515 -5.05469187085615 6.36168180638966 1.57668399190305 1.78952377568372 -9.45117785340627
-0.423100964671121 8.16766857168242 1.21706551608447 -1.92701302022115 4.83676480355328 3.66016823466948 6.37330361439862 4.38802222507842 1.44028942237456 0.585883988777567 3.77678365168297 2.84954187014228 10.0741369469067 10.2750744287719 4.27930879575111
0.383284785679911 -1.63642867828218 0.703230732911495 -2.19188883567755 -5.38861788854425 2.0861681445421 3.9680744311123 5.00410416552833 -3.87718908813436 -1.15365585882459 1.91978784158233 -2.11715505700836 1.75590932643253 -4.64501026086941 2.27298716547086
0.514555400716383 1.87612267735361 -2.53999636178165 -5.54662795303497 -1.00410553553029 0.199251098126728 4.54844729000495 5.73813614105595 -1.58649068412006 3.06566651493586 0.225578381280054 1.65618790046222 3.93357924703178 5.0987492275547 5.15721517644223
3.05164800853904 0.87133720494469 2.9084018311532 -6.76931609310911 -0.960711232637885 2.52450149141524 11.949704279237 10.4373908744265 1.17459657653974 -0.210683250403569 -0.0320516942602454 1.39537354585176 -6.72426919156117 5.54983732854532 0.534085826513733
-0.471653585940583 0.919842763319467 -6.59851627106453 3.87637334002078 1.43350933978351 -1.11939149767391 2.36514344005991 -4.22998564680529 -3.99369248349823 -4.85884136238268 -3.88480315350038 0.300530300749523 10.3371505473545 5.69598685099032 -0.55169969877728
4.27252682245432 2.51948073777224 6.83644541863298 -9.5689014628206 -2.97976434907264 4.15309893043426 1.3919787211416 2.45951552171777 4.61275001450253 2.77247589146202 6.54697267908449 4.62245231300844 6.49867813934251 2.56686900812887 6.9798026262393
4.48516111658409 7.69955105809452 -10.1310412769 -3.97761274333229 2.76767122179251 0.390675012686763 -10.1816127331558 4.70283756876152 6.76306197834866 0.0936156571601618 1.59685009112849 14.2926383767473 -6.36751561776163 8.31909203872971 1.51149720072321
9.2067492634357 3.85744949552715 4.17167012304849 1.60797878676134 0.846454418752963 2.43046936336652 -1.40388675060317 6.11077249682116 2.89195373744482 1.38668387976045 4.18754602096465 0.315830640931535 3.04831834974423 -0.671491114162863 -6.20571172481625
2.55613989312617 2.88185371249082 -7.57820753855086 -6.90251468910566 3.55400235092341 -4.63844321568988 6.43198686619366 -7.54572810480146 6.25401620154208 -0.507877887295908 5.44297759629976 10.2095761644532 3.30917939820949 7.90445860427849 -3.79705617086754
-4.37218958513902 2.2899393953466 -1.86366774107951 -0.131557211987422 -2.27947403658588 -3.82985918683131 7.60569350665173 -5.13801398098377 -1.59277318988286 -3.40792083394554 -5.46962536785959 -2.4941921523931 1.3003326297573 -3.54284006183406 0.570769079864365
10.3166694256366 0.725874778667626 7.45856202255357 -5.11018518605963 -3.16067051056657 3.92476005869831 -4.40376400232157 3.82865619299685 -0.678044748842428 2.00779354194457 2.19884566072647 3.7266237333613 -3.7758960712402 0.981578540687805 -5.18879768391588
7.53740557611382 3.67556861117527 -0.993321117769868 -0.807619704237021 0.544486975268839 0.637676692050367 7.71900139381982 5.9290024529012 -0.251595310516147 2.36283581236911 2.20835555766206 6.15155140592475 5.67263112125142 7.79433868208677 -7.60752785696191
11.3801190671599 4.76501563638988 4.3265577100449 9.12777493185122 1.75316569496165 0.13612651823633 0.58610220482382 7.58521548542675 -0.492066639277797 -0.836427738664795 -0.612299006350431 0.411081900885891 18.2703730415155 3.72693096761291 -5.31462632289609
8.71406326701082 -1.01448886721046 2.35359518490282 0.682263409775704 1.29062053615385 3.93795805623027 -2.099450548519 1.99768168072585 -0.836831237764435 1.76497985281912 2.91265853304996 4.37795720148544 5.38800739229327 -1.99024311689121 -6.89264983589323
10.8928520925831 5.73091625838785 4.07629025523337 -3.23775823130356 -1.08042210809969 0.449888213379544 3.87146808122281 2.81385434129407 -3.01160087341123 5.75163634576164 8.03836669092146 5.10093857176748 0.058887434781179 2.2480625631568 -6.03646570909502
9.41125096042616 5.65723779781515 0.672995417602789 -0.904858378181567 1.27035654444019 4.30955146493922 4.79256042777526 6.86946812982341 3.35813201264436 3.81916146467018 -1.38530661938498 1.07239045142299 12.1228503991207 -0.701936647375912 -7.57739023208169
1.93850738673203 -0.4016325184272 -2.92293626690956 6.51921041887347 7.99912878115384 -0.166785936066137 6.11687872584132 -3.42079356561684 3.55035161424693 -0.31528010637792 2.77964189316408 15.7815086378398 -1.43753899104765 12.8908586970916 -6.93340183357711
3.21259649722656 8.96424978933471 -4.25988077178512 1.35108073532106 8.07421152463871 5.50293927770214 10.9713422009238 2.48047724532644 8.97269409732838 -2.58205326690391 4.83657759081073 -0.0421893069745289 5.26952344297226 6.49198703635743 3.97545972723745
-1.25171904523339 0.194606522450707 -5.13056136770063 -2.33584442177654 -2.77388458143222 -1.26197053030065 8.40302734740222 -4.15147317423326 -0.0652060869547522 -1.19117468764848 2.90441563781279 -1.94466046298715 -4.67386589770042 3.14979514537765 -4.33268517943062
-3.34268803938826 -0.91856335772445 0.875429216471708 3.47877181508824 -5.33665952331093 -1.03835191919313 7.4874493155183 -0.0883911408477753 1.31447012369987 -0.998420684756057 3.90899932955337 -7.51139304092001 1.97353256880879 1.66350417700755 -1.77282978122262
5.75685366363166 -0.580643863309675 -2.38399885809681 1.34559867925661 -0.1213476015198 0.145793109201926 5.63049685938426 7.74093992895339 2.0962617411598 2.70760876742302 4.14431172127691 4.54198989909929 0.0580752889024128 6.78532688028361 7.21427613789398
6.00015614931985 2.40727800846243 0.830699395178504 3.4721605615213 3.95980047046034 1.86094982369496 8.86525018263162 4.34917525104471 0.972752084542894 0.0877270638301397 -6.0611424715014 -0.366890931358279 3.53482530197391 4.29561649600844 -5.88267282335399
7.50086137107201 -3.63901713723145 -1.43090511485836 -7.92184698585202 -7.03395555679686 -4.56021150704564 -1.44400957352874 5.18320056837091 1.87228042855293 1.16493065279168 -7.33866026269272 0.373014728584837 1.78271181786084 0.482727154346778 -8.63869208023136
-2.20080501427336 -2.39807650982078 -4.08147704902046 -1.08080994141515 0.532292913054954 1.79600514894955 -8.40611025539121 2.06929289444476 1.51840790267349 -2.9983865244218 0.172448943693622 8.75359137674421 0.265871105938294 3.46498049853408 1.84446368964274
9.99776067504004 4.41218831469981 0.794190812155689 -5.58073789319027 2.50101237175512 0.565795232780358 6.11369012925373 3.50018764827815 3.85459730156408 -0.600117131239412 4.36200154146429 -4.37341859171324 13.4624066321934 3.67824316746787 -9.10974508641035
3.64958478058082 2.29395184353838 -8.79114075106144 -2.51308927993617 0.13810022541255 -0.773475415866896 -1.68882447288933 -5.65626491358688 5.256938295286 -1.46650345675729 3.48075557122959 8.0571150354017 -1.3421059542062 5.32147790775049 -7.89290501498512
-0.301847186508235 0.710467928961451 2.057179509992 -4.91340247326067 -3.49008835372465 2.21493237235573 0.655271703127 2.64523343196645 0.480360017095287 2.01297990303636 -4.62942959912912 1.39209125524933 -2.95093888817857 0.365423591637856 8.53275101864986
0.552730210418314 3.78202565335387 -0.0951157353085074 0.107676653632253 -2.98189546804663 -2.23879007795899 8.66576279864304 -3.67475379598001 2.97896770100947 0.982988141831583 1.72882457851083 -0.950202165686632 2.74129051644349 4.5489674733922 -4.2504193125941
-0.390474437573106 -1.84834579425872 1.54181113494398 -1.75041543202399 -0.898359927339393 -2.20392920262911 4.3896374611501 -3.68179618050169 4.25133062389267 -0.611033032120025 3.06103148069904 5.45469591540754 6.03582065359556 4.80770743057192 -6.60908373719402
-2.73287958927669 -7.17131119471458 -0.991489719874834 0.0799219800609516 -5.84852160013147 -0.532168395060668 10.5815223219323 -3.12304100286132 1.14468554624628 -3.38510086010322 -4.57761353258834 1.13138163781735 -1.53993900205792 1.80565099731876 -4.97652762609473
9.00620185050881 0.0919385438463656 3.59451932815888 -3.47844280442716 2.44595551979946 1.19111784871527 10.3887456194269 4.17955990969966 10.1555464427725 1.53271323977318 4.02220361346186 5.15439551426441 -6.72994995994072 5.60814697525824 -10.9300800183469
10.2081315685364 2.94173390199126 6.40516183314189 5.03583583684298 7.31673767788098 1.7121395315091 4.8642851993452 1.6373382104529 10.7899072673275 -4.81072794379943 6.20266786666997 11.0703244401891 7.91929796603586 12.9652904575881 -7.79177519689461
7.82694902625216 -1.789319067204 0.367792448408368 3.26405547021323 4.06134009649948 2.43717151353905 14.5868753388803 3.09015391826097 4.92330409658373 0.73217119363533 -1.33847043752708 0.579851172669478 10.952972875372 9.02729978328361 -7.77255865096
-1.60480669954016 -0.448619009476514 6.77004170419887 6.15949224971783 1.88690975653531 2.13042205036045 5.78760989461024 2.94634777057197 2.53359047328636 -3.73333627404288 -0.515700807618527 0.48458195303647 -2.27148569569823 4.23989610317296 2.10288224317817
0.81868022082055 7.63679884451548 2.05397622312266 2.79825158443742 -1.6201087897524 3.43890219015831 0.444155644040459 5.48366149810687 0.41583098014854 0.519435137280201 4.14241564584899 3.62599842059262 3.18731274918666 4.40836799319178 1.91324451088045
-1.72241189090647 5.95513409186641 6.40722899060378 -2.74336046540904 5.68968862020119 1.61501329602065 8.7737369395915 5.82274319163178 1.9024631060366 4.66826200284417 -3.33892793967973 7.75866296131776 -11.106094925542 1.62528368482808 4.34810558165533
2.36779325172285 -0.950020090764243 -4.19534423645994 6.88039539781324 2.19388272299045 1.09154375199498 6.90637610692946 3.48364385679822 2.48273850642529 1.77043039715273 5.90656171881572 4.7109743540122 -6.40772350907189 7.4309598011263 3.1189688811098
6.11332337930404 -5.3233755289949 -6.95302547093434 5.27290184902414 3.72900353605129 0.554012117317254 0.658885015249114 3.29723772435421 0.933120704889352 3.99634084723537 5.69336036187799 8.8141535761758 6.98343148401354 8.46299253936564 -5.12041328707544
7.03987963910795 3.90211289127819 1.83151879726634 5.45793512374572 1.52136616371046 2.89542077561674 8.37919303188735 0.944355149865293 -0.681668531369255 -3.06590019788474 7.66511727451155 4.23154964262539 -1.19302548382824 5.47471836721819 -8.95173686787428
-2.86692047959589 5.24182432585612 -4.0272957255384 4.22574971085534 0.238198305047121 -2.20392234610571 0.604582863149588 -0.693722597255273 0.431447827309736 -5.95673947681198 3.20806817819491 5.3845477249899 -3.68267106361582 5.09246695396205 -4.29984856342487
1.45008269005213 -1.33545965786613 -4.39780564388602 3.54297640212076 -6.20942440459524 1.65405963554893 -7.9779534191456 6.47607647548158 -3.02677400424756 1.84115262019956 -5.27524055659964 2.98484482887413 -6.08926001286562 -5.46992862626888 5.08085640164233
-0.755390638661316 2.19220070274221 1.29253320454736 4.48302404714544 -3.20662968582654 5.9580612543893 11.7932152953709 5.04651781270762 0.52001950750414 -0.104073361259498 4.9034675471878 -0.634901591780667 4.77528276649841 7.57005011981679 2.49704239043096
1.15892216688047 1.70715740962556 -2.0005667321119 -1.34759108153841 -3.71779221024834 0.558115617402372 0.159892570457539 6.03499324234318 2.3876078568641 1.62664409451496 -0.75495725610453 -1.98925916905903 5.75351168189641 6.67777411376231 6.13946932874197
-4.29909930306435 2.29457784651697 -0.644920952004805 3.6242110482313 2.46315995430178 -1.91356838824822 0.318587937936723 -4.752994519731 3.20077685116421 -2.65472795170693 0.201663010146816 8.46122138951342 6.60101133600895 5.24274111940419 -6.30037556895194
9.13986793924116 -0.39511124260396 4.75098012097229 0.361676650144665 2.73185520163178 5.39124812377259 1.90794894256909 4.02338041327724 5.9546860013795 2.9435407213514 4.34841259375477 9.1140204988334 6.31163897269272 9.65442098626893 -5.0890574401434
0.893664547518909 2.61371364559508 -0.403764386945432 5.16023471828494 2.70308889285053 2.94271650030928 8.95385352164894 2.30024711850099 3.02365711287348 0.000348980450014968 -0.412660216319566 5.44272954925971 7.59007877450196 3.99797644053458 7.69633031948481
0.180972311451834 1.04274391923164 0.703828878038317 0.637729722876604 -1.42118858075519 1.58333585184282 1.8322049966333 0.601911733095932 3.01584095257909 0.599129898278424 -0.499741456113321 4.07040691184718 -7.36290878306908 2.63181622599059 1.91121921037162
-0.880238651667483 0.922033207378788 7.87011573167257 -3.8707785344504 3.31524943213443 -1.79979962447732 12.2908095572684 -8.18308199415432 4.26451799778376 -2.82317015896175 3.06677274596367 6.40121746855331 9.23115030586905 10.0583624671969 -4.55573283269366
1.22964542059605 -0.543531004496596 -1.15966083155127 -4.95196493883598 0.773587328274983 -3.18218413936562 -0.783658273744731 -2.92751153174589 -3.01833720909646 -1.30074302673038 -1.91392432847658 1.92494940275182 10.056056824389 -3.66980119685238 -6.64261647204103
8.6303581435469 0.0894627297322927 0.51256270140427 2.94180638466673 0.6781732358681 3.25407124466542 12.7139527771048 3.06448831712824 4.23390813985523 6.04101703843421 -3.03147015892946 4.99982989072234 -0.130197243992225 8.93893874708323 -4.89437940251836
-2.09218538033371 -2.7833936609935 -3.08509894791694 0.0633169149885784 3.90542249280481 3.02338376830522 12.1435221557217 5.45089321913174 4.752943696362 5.06084110740493 -4.46916253598997 2.1499575205646 6.04088696639776 4.9026854964669 9.36918845606052
-0.135339486075605 7.3049036117646 3.89345062436101 8.0064375060837 4.45742372049578 1.53646454239445 -3.84831794991216 0.873032326031292 7.50394116632191 3.06366182458012 -1.37817931646638 1.311514484333 12.3267144333805 8.52613281866352 2.64579646922542
2.08202896648559 5.54558659407263 5.41674273193507 0.69404877792384 1.23626113034902 2.59066372114975 0.397103860589846 6.94288349974304 0.196328456570105 2.40514372226147 3.95706921116862 10.3862497833711 -1.03316451090141 7.03484688699647 3.96796509617922
1.69459519904145 -2.53476148205409 1.25557274114006 3.38727208455313 -1.14229453399254 -0.272647525185934 11.0333728318803 4.80298920082198 2.21999286665858 3.54772217592275 0.610873979683457 2.350620109696 -0.911827072193907 6.76305950469384 2.92081243431573
3.09927054209996 3.3535912087226 1.91450515641835 -0.610039377989468 2.77345658778422 0.527575664533253 9.7101766870108 5.95784704451324 6.12411253306493 2.9520094615819 6.24882593055837 2.06606233847836 7.92629839718961 7.94037127195823 5.98852955461062
