x1 x2 x3 x4 x5 x6 x7 x8 x9 x10 x11 x12 x13 x14 x15 x16 x17 x18 x19 x20
3.46120657496511 0.519869557779189 1.09481842571541 0.426454166059559 -1.84765462997345 6.28573407890652 1.21599076174311 -9.99459921349071 6.17273077174127 0.575479032007512 -1.62917927359471 2.21187496327572 3.87043966703866 3.79972065942806 -3.71096390411503 0.568027811857664 0.169337971031359 -10.7173827026896 3.61737711376219 2.680301854353
5.05671683222893 3.22901151445175 0.518412719697668 2.69887239172083 5.30518100064525 7.64295608493437 -2.71169999953356 -8.93917305477032 1.9035123971588 0.190994872465175 3.05581660835948 5.99412132745446 6.09260902953258 2.13326851253117 -3.39538096973038 4.21944238959949 -3.05472572688035 7.73623724153336 -2.36554216682935 2.80523503169415
-4.34878252377076 -1.02421113612314 -2.55232684205403 -1.97644766015244 -1.65996737441615 1.76815960523369 -1.03034438490548 1.35758363437156 5.5420767997676 -2.16831771321134 -3.2223883540983 1.55222102687296 3.88505397429725 5.12529302457122 2.18636597590677 5.46923672004012 -9.17828082435213 1.16016723527021 3.63697756614903 2.48596305928811
-0.767650473126145 0.721851437262618 -1.02973284727209 -0.019360719598053 -3.27997134047224 4.61495970298134 3.02636630834824 -11.3546418471677 0.593217942838315 -2.34376285726388 0.643145623819356 4.13480408408272 1.84816918187252 3.39131197308735 4.85761818055499 0.869445240535536 6.53998758313659 3.47332325077738 -1.4864629482449 -0.538311206804749
7.85096905411883 1.08706326920126 4.10746066143303 -1.33513256208398 1.33000372547324 0.492216516139153 1.62549501683275 3.12591992224652 5.74502315665894 -0.659272692746433 -3.77202914164861 3.59729493508337 2.16273067350966 -0.396462171254297 1.31743694328133 3.98248716242185 -0.532659836324958 1.64288707807274 4.10990209422106 -1.47894881830875
-1.89974448784848 -3.55213491678545 0.293641431334499 1.12219915200929 1.91670835271121 2.78971697661213 0.838486652650485 3.59012267150452 1.87551934489573 1.41220915423771 -1.34251145055222 3.46431452924198 4.95241209992473 5.47403607125491 1.26424874228836 0.987877061126899 3.76203745856748 2.38466886846212 3.41076471759795 2.2308343415644
5.34935176508796 0.571570194268634 2.040800138323 2.76429983573323 -0.716695344907112 -2.60368573561525 1.98672753999197 -3.85414966018294 -1.031631832358 -0.938093381275939 0.0662389251094997 -2.03758237257817 -2.688099271898 -5.20335394236809 1.55283607354399 -2.26813072499234 0.377112038124849 -5.39616822986526 -3.87940058468084 -0.810452657823941
4.33618390673666 -1.3502242900559 10.123814989556 4.22723179031129 -3.04874722566547 -0.289709374050462 3.23959979814388 4.27766694903698 -3.71553959418305 -1.92874630040765 4.75810434205051 1.21706759547664 4.52580656626797 5.69277183306437 -6.27781650735083 2.83633641524046 2.48345909060842 0.996596014243609 2.42863189729638 -1.37802245990635
-2.20746141694332 4.4159380556906 6.82016146357845 0.254336084733941 0.121158066340605 -2.09723176809773 -0.843358108993882 -14.3020005878832 -3.92960091230232 -1.48802451509903 0.690427031527488 0.0162423743502367 -2.51569053400287 -0.904550371248945 2.18130507010174 2.37746011614156 -1.01168706108057 -1.78812481363106 -1.55180448793163 0.613547763502919
0.226281770981726 2.81408407887327 0.5207033299587 8.81583366259824 -2.0313768928628 2.40024559496351 7.39693493785853 -7.16689585761123 3.29313447398934 -3.87762153334989 0.0395357609589533 1.63450398221035 6.04828971442453 6.44995780459817 2.38430135096977 4.16465332118543 6.88662766507074 2.54254975323142 -1.45537943693378 4.90125925218511
6.47214229977633 1.14108887080968 2.0316247512212 0.663077762004783 1.19327902008606 4.62022702921545 2.05961337592668 -9.05181361275318 2.18533169419813 9.20212846952382 6.3873179575896 0.889004417174191 -0.00483637809586845 4.19866150672739 5.30236889437868 -4.19664424910588 3.52350042672699 3.46544557090687 1.48689713765437 6.52156825299759
-5.48746242502357 0.500655397127886 -2.72454319933554 2.15106552503988 1.70245864834479 5.3345745235204 -2.4097781623894 -11.3871197674029 2.99026140912444 4.29817808356446 3.67204922841667 2.60500057944998 0.731610729654995 3.81603675099328 -3.38800924288612 1.77389930780892 -0.00625895906725699 4.64004212900663 -0.534185656468853 -0.470604486342565
-0.773767723933394 5.44400091762709 -0.210727921742648 1.40233104655951 -0.604229900481869 -5.1970485638951 2.20202727404706 -4.45080757679093 5.65002772949723 -1.64235755219222 2.8245885951394 -3.27242351969013 0.475489563099446 -3.11663250143438 -1.60654322724019 -3.95693454254084 -3.3347769904998 0.00801957251505103 -3.28547493079054 0.410748348736107
-3.65067918881404 -3.51339099271375 5.35488127955997 5.50959192848627 -3.26766203172134 3.70951531813842 3.98024312199072 1.87389304784878 3.95357339990641 2.45845066470876 -1.80356713135846 6.93518698840236 11.7794541546396 6.32597126084008 3.67708289439386 0.185365168070408 8.87358977371703 2.37094840986442 4.65802473750973 1.07863566590408
7.41195935774929 -0.119529748610298 -0.00772714645333794 7.0244104672479 3.70090203895766 5.57403994974024 -2.48755177511712 -7.35521164431276 0.81998902688991 -2.71879003871672 -7.15462614909791 0.213477131079726 -6.92844165329392 -1.55076021388861 -3.64994956238261 -4.54108416335868 0.472301671747074 -5.3530812215074 4.12968725415758 -4.87546144830101
-6.55194164040318 -0.327125896011251 3.48280669306026 1.26074009400814 0.406309290137247 -3.41306352811909 -5.27108048456006 -2.94966638040046 3.34475705039158 0.157976330270293 1.41759892968451 -1.3055131731284 -0.320512126687057 -2.20916195441008 5.36222355883927 -1.47485251753736 -1.66977551416791 -2.46154257744465 -4.28548177676002 4.94538794594956
4.02950500653256 0.266848491487131 -1.04635790574026 6.03760442043885 2.34749245923748 -2.21224680748552 -1.59423646951256 -1.29808782560144 0.357690684369731 0.230956414534116 7.06725605656922 -2.14517549854255 -3.34543202692384 -5.76867453932855 4.14129664730389 -0.447381641829119 -3.16006829982115 -0.709988452247701 -1.81052422252577 7.68172987626608
4.17800717801947 -2.10152382005554 3.79553600615568 -4.66928467778881 -1.41846534329086 -1.62572698872657 -6.88663119699557 3.10567594489749 6.3431773221265 -2.16300929322908 -3.36700820912678 3.98714990406397 5.51387662432642 6.71545744632928 -0.232947875236461 5.08520500010821 -0.291978786264465 -0.700455802521565 3.82045730428563 0.776778060783161
-0.304031123212063 -1.63805030511007 3.89103414562434 3.6750486193049 2.12556287483511 -2.83856081206314 3.72673242915102 -4.31709177657535 -3.3264862274713 4.99977464329545 -2.51861105574113 -3.85067305133713 -2.48142243567161 -4.53795334904748 2.02835427320668 -0.466942401638383 5.53870972761842 0.992944004750769 -3.60894057479814 2.82554270127115
7.01695979635917 1.85219741896171 3.38707402484697 1.76973539152885 1.91383661549026 6.4622240411393 7.19130356383707 -13.603517612576 8.1612093846997 3.62298913056132 0.745192087067515 0.147687650385702 0.135166420642676 -0.590525084673761 4.11168841707922 -0.300401973942619 -2.11564682633036 -1.2591759171832 0.551244346919426 1.18486739852524
8.28884049129704 -0.89646708491139 -2.93962985872765 -4.22308384843755 1.25032199819233 4.11025222736357 -6.38892894256546 -7.49401034686048 10.1303677732426 -5.71792177723024 -6.0119555956319 2.30218857390921 9.76223698660067 2.1369853990488 8.4471219193731 4.25612804395314 -5.21635117986302 7.67287529733185 2.72140671390205 -0.98373389310998
3.40446359942785 -1.12850964120509 6.48651030065589 0.898580425367715 -2.5634336844926 -1.84287662375613 3.31382530900266 0.392955564326982 4.91664724334912 0.616433759150943 9.70336967241529 -3.74155741147384 -1.50226749109863 -1.09605394627554 3.21905337663614 -0.628364464458918 -8.83896961676675 0.530932331820939 -1.72134934448035 2.66132860780479
3.75858903257025 -3.16351809664187 2.22415186308186 6.27744618941219 -2.96045612961344 -0.523028959676521 3.16247829076621 -1.28404946571792 -2.3249962293365 1.778083909061 7.06794313813393 -2.5802927995348 -1.99008362758594 0.674708904989011 11.1597171190672 -1.91461734979615 3.25636833620104 3.9726867359057 -2.80100008671364 5.03556255613977
-5.29891987530154 2.77403455011771 6.0159821812844 14.1281711551732 -4.54685777956772 3.27469971487853 5.67419179939472 -7.70437021868893 8.42830842565092 2.63967392981592 -1.74952301434319 1.19666197451504 0.107499999189188 -1.29367525682768 -1.88665980258596 0.810215073184751 3.62093493653332 -4.97716758932517 3.34007170318978 2.62701766468525
4.91903142399927 -7.06294616374886 -1.56279459720505 6.15667662583973 -1.54576258275264 0.0745819988607184 3.62354179546326 2.03441918915574 -2.34077237956352 -1.00850768502671 -0.810643400115326 2.72824305759833 6.59373951360472 4.43262553358406 5.43904278772734 1.1829432793275 -3.31681794283945 1.53512348361725 2.52848387832864 4.38170700589083
6.65823470600935 1.50092163747418 0.559909504203431 -1.85079313891838 0.533780334781551 1.89025768118983 -2.47925465310565 0.24674740518013 7.87370238440005 1.42946759790816 0.661604507267391 4.77560297166508 1.54406667173754 8.4124222886828 -3.07903069079669 0.649849359047377 4.69808699347374 0.121017772565486 3.1622046865619 3.58607182222135
-0.0991451238903411 4.31528203512357 5.09141239216818 -1.27430312625035 0.13815753393737 -1.46046585876231 3.78167943260162 3.01624949383964 2.52109808254573 -2.93379843025639 5.05701831761215 1.37071113246647 4.30932497252824 5.8488480352969 5.11516618866093 2.35251552249338 8.83286873321734 -2.04322752333681 3.02841392784014 -3.22360883351839
9.28675941920037 2.40678176184132 5.86384965025642 2.32524014604678 0.605452155697293 -3.38913161900563 8.57715972461781 -1.2050581767165 6.30849541369884 2.9966629128396 4.68183858688017 -2.54081061567297 1.33343120625971 -4.36451055099934 0.852022217821555 0.37286895965201 -3.49233391055766 -1.54518023749108 -2.39227228523248 5.28714224687971
5.41802346674721 -3.46174292502236 -4.24749066791047 -2.01747483926763 1.07022174977004 -0.488432870447793 -0.931088793999177 4.576251618324 1.63632576546352 -0.362155257290386 2.70659147037015 0.61183777298668 -4.07677989068476 -1.21163748851322 7.65718271949378 1.94825453726439 -7.88065991640134 -0.929311285155234 -0.00795317565172748 1.33802310967531
-0.861412514524006 1.22160392709129 6.83170310360712 7.46409255073729 5.04190255243833 4.58050359092838 -0.293027153192096 -13.8749174297559 -2.9559472497108 1.366837610118 2.62446022692178 4.24959495576174 -1.47743616281888 -0.155274749154732 -4.70891215398875 0.154659584584685 -5.82545893337759 2.21168472935848 -3.60779781028666 2.61500728564366
0.494163773886147 -0.480104504563357 -1.69759909289021 1.80599081921845 -2.44663871468224 -0.198215092146753 9.95504831289658 -1.38380189983923 0.175380369063133 -5.73761149175844 -1.70767199805494 -3.17582079904376 -4.16412718938349 -0.560030677697085 -3.80104341674211 -1.6385818323658 -0.967158822222222 -3.1976282013637 -3.17925224395177 4.15757129602622
11.8667512080982 -1.44234116747221 -2.68016039590741 8.14064654098719 1.64253825210402 1.02643172537148 5.70671405351795 -11.0891452259349 3.09402215436165 -3.79965485081226 -0.0828261314777862 2.17513095156873 0.246036532037819 1.45789442645008 -4.42887340233885 -0.961502104100429 -6.30795531690903 -0.151492877276717 1.82213845263669 4.58689880755228
-3.30764380620389 -3.71645552720808 6.51476968424407 1.45060962019468 3.86385395355448 7.77891805206202 10.2914121264302 -6.49187777884043 2.59215483998379 3.51470804370895 3.27356448670561 2.74449008524916 -0.175023998879314 5.49084936227627 -6.19984438006227 -2.89769959893846 -2.01964593018695 8.22558122251914 -3.05701845361046 6.32981412081196
4.51570308637102 3.9641870649564 1.007308070706 3.02597152304933 1.01732714602539 6.04574248572225 -3.46198354456103 -9.89024920873565 -0.241948067029584 1.22271260912067 -3.8625781963948 -0.54689419771492 -0.159676031058735 1.42286975051312 1.49877271530582 -4.24798699546113 7.71770227660213 -4.16851510119258 -0.422998870746897 0.851321428560757
2.93609148543896 0.506214516496325 2.00069119036382 -8.07762242824475 -3.61101088932194 -1.09007301728969 4.02103288399286 -8.85685067134234 -3.74934954464792 -1.77749146114982 6.14532872125789 1.66917107191865 -0.202041107166924 1.82820526257233 -0.82576529221761 3.17759418936955 -11.2386294631978 3.90394923605382 -0.765168498036231 -2.40265779596346
3.02179105571404 12.2722778038815 2.41132689994241 -1.6505747756005 -0.115591396744439 4.13743415004991 7.03660542609856 2.21512964605784 3.3043101621623 1.48367843447358 -0.599178151148355 2.67291664125042 1.38177701867565 1.88919188037016 -8.97641878225448 3.55653728089104 4.16419087006274 1.65266437549919 5.36623633397724 -1.20836506045802
2.46261473969858 3.28632966243219 3.99658624158826 -2.19658343285229 0.677402423932786 3.06063808751715 -3.68572065329292 -0.485546420326359 3.2483511762265 0.794406029273358 -5.79008621798604 -3.02353036186376 -0.532840095608726 -5.01820148019869 -1.77704972583644 -1.77101201711802 -8.46592108304165 3.22231380461487 -2.65994750153077 0.716784438955335
8.78989857982764 1.99987547925843 4.05792364051914 -3.06793553389725 2.09275968671747 2.2233536743698 -6.67670607372611 1.87196781302965 -2.86928504985544 0.0706175630030498 3.3280797104171 -1.80027992024748 1.13521484409948 9.24609866951385 -3.30561584029359 3.28101225795014 -1.95954257721976 1.8862349291004 1.50018782035364 -5.46931413832518
6.22413135365343 -1.02697956365929 2.60057458007189 7.47488931921688 0.881999966622664 -0.0941298758340625 7.67499244485394 0.166766726709255 3.93865323118125 -0.870353662641423 -7.15628927947412 5.80974880529811 2.71747025922318 1.40406080532948 -7.61158584892705 0.500356049510031 1.10400254514009 -0.465767925369623 4.19570222453671 1.23697285766453
5.16296604328095 -4.70904209062413 -0.722550366337832 2.33950638560989 -1.32998734981374 1.02216270796949 1.57147234189311 1.73345031192503 2.06029387527538 0.491200949584156 1.47933793520637 7.28431469436532 2.26793202645971 0.325329104612831 -6.93844366085453 1.96657529456157 -2.87863384317137 -1.7294820103189 2.17936534647315 5.33029108680047
0.867437629074508 3.02611813290681 5.88773972673905 2.45581070626718 1.79599917920946 -4.04689705163221 -4.1598780116818 -1.34530474452549 0.993148572287777 0.86614466476948 4.54205741327924 -3.33115112240153 -2.72550051230262 -5.98228249565295 2.04203745155067 -4.16714027367893 3.62954453658887 -1.43014236546623 -3.41800776680128 3.6273245994332
2.69915960499757 2.34559881792475 -3.93381105815558 6.29022636290095 0.268907218236007 6.73338213203537 -0.233065414742354 -9.75696992673049 -1.31969896485779 0.640645537130021 -1.18088536314005 3.32523060391415 -3.0923978311636 -1.8142626791722 11.6391686593615 1.81612777126371 2.08219939680246 6.12340755106616 3.22868342661333 3.06573059504308
1.65811317671973 3.17073773616713 0.533641216980743 2.76912285591422 3.34400375822448 7.52944137890435 3.76261001042782 -9.15893813637757 0.925268780301501 -2.40076041019997 -1.03345846595671 3.8495370564426 0.28845179380493 1.21547508719043 -1.28455097789612 -1.52373568911319 0.362536459822588 3.68288356733699 -0.165942617047556 3.26704077320749
2.5353091146793 1.74115457171668 -1.24203990189904 5.75601457597966 3.14223384434956 -0.613732832612415 2.2047538112828 -0.386162807314022 3.44361364229639 -0.572231272412825 -1.83585674029816 -2.58813138877452 -2.01916572166381 -1.9014151289466 4.31685363348677 -2.67062600750704 -3.04709238995957 2.04318681283168 -3.35623186939785 0.986451034577388
15.643484646996 1.18715713337758 6.32452593715614 1.45179505654567 -0.513311964680291 4.41130835753991 8.24016090787338 -7.39110513096938 -2.91497974905881 0.161288280438775 -3.78463380978578 -0.267118663323055 5.82693003869081 1.20414631705231 1.71077787670946 0.525959073925942 0.37030533865811 -0.356228346442335 -1.71682685338782 4.88513217018629
6.22709845742303 -1.46352810886485 4.50293021518492 8.18020657853548 1.1607576274305 -2.48093900127954 7.8123491595026 -2.44694096258461 6.10985101659384 -4.64234753117419 0.904681484031118 -5.7617453033137 3.85710775663678 3.43500562196706 -2.88532694713853 0.160483456768988 -1.77535661249809 1.66889698178352 -2.16133387117564 -0.768800417620659
5.87365747429103 2.13057116632617 1.0391678460251 3.50675710313131 0.080745597998229 1.24322956624221 -7.0099049040403 -0.523202529635242 6.00257084563107 -1.84724983293905 4.77890264972527 -4.07398948694975 -5.25180594452086 -4.53150567198762 4.00574395068787 -2.28944853613224 8.22316497599495 -0.0484989322546774 -2.80786287459518 4.41647251230875
0.304258990866851 1.87854522493608 -1.14986677152667 11.0374016698669 7.03142102055629 -2.90674096526764 -1.39033139843412 -0.389628642514899 4.0125953522536 -1.34285897418835 -4.41166505824173 -2.94793556133755 -4.92477816735603 -1.61557701019438 -1.45631736346147 -1.56953447882606 -1.55336465468619 -2.61091207055364 -4.85252351255055 3.93709379242277
-2.71672668021678 -5.9625747769744 -2.99225578583894 4.83147829774353 2.00922348738982 0.509450747077592 2.23051009657808 3.61257488238245 1.66516925082364 -0.926091644706365 -4.0628983232789 4.59668886714318 4.19828707815166 4.84386221791586 -5.54722702610295 0.324892130090348 1.77413159294621 0.0819388352964171 3.37332927355752 4.73318893477391
2.39910571737929 3.91097106931279 4.38643179181863 -4.60890951077864 1.79574366768353 2.23019028488698 9.03330240191591 5.234881095328 -0.396800441117895 2.29681923831449 -0.319765491342778 -1.52295956234364 -3.28965892120654 3.31242381449033 4.97584680414821 5.0593522115251 -5.51459295504697 2.25795463823931 2.05170232679979 1.78333084879458
7.603718993013 2.05701931487013 -4.83247126137984 -3.51795182697724 1.47586014991258 1.14998938513406 0.335062419014108 2.17924151130676 2.73654595665109 -0.268255635579156 4.02611182610716 4.85364075726864 2.96382786090501 1.93313366927794 4.42734816916123 3.73427602286763 -8.18798993534474 1.81222850563691 2.55484347703459 -3.64333135173335
0.155534041194098 0.239110234705051 -2.99497506386822 5.08092859227576 1.7109877666157 8.71081867081895 2.5686338345172 -8.17233868335544 1.1549150446939 6.45752679275807 4.27782456963683 -0.0509934634071569 1.91643004487973 3.71448959335148 -6.4445121312531 6.48406324391415 -1.20005440808665 -4.57014463856788 -4.95882834258687 4.36922222818348
-1.62461990236725 1.5565030403214 0.737934158856403 2.35640621457945 0.19030166227729 -0.316506654506788 5.06659502027031 1.29455604580625 3.94003680495639 1.14950986995531 3.31304257271123 1.54714925164123 0.381419461396728 2.90467928763205 1.73204315054458 3.69696632387483 0.876697487261657 -0.249923522031676 4.45899435941504 3.79135718474335
6.61138265367512 -0.0948811512834855 1.58102176416375 2.02119588935721 -1.3762250977671 -0.332155587998459 -2.47293283747261 5.03060992679218 4.58914829706579 1.75896660894162 1.04421291143462 4.24557045936188 -1.3845275786548 4.0111738761734 -0.540424969421766 -1.00123923673527 3.75160069715203 0.209244385101867 3.07358277723 0.0402254444644683
8.11740679180973 0.0312168454994424 4.76778292816631 2.38057295065095 -5.06464280790303 -2.08112315270843 2.29873718344763 -1.15049947554512 5.80245654811641 -5.22225888375036 6.94795324225004 -2.2771261372661 -6.05303254895654 -3.96538026468222 5.77158269814398 -0.588902230933576 -0.614005993470267 -2.38300797857761 -2.94828402847194 1.10989686980855
12.8440669028476 2.15989718620308 0.0770996724668604 6.78143248350445 2.08557811881931 1.04781819265862 0.361726206509914 -1.63382442730629 0.150015467678069 -3.62861783590825 9.41236276279105 1.21835797459977 5.71401032707086 -2.42394700460712 5.3270595496243 1.4807728057959 -2.33005337285902 1.08071577550161 1.02173492092879 -1.27841772662898
6.27597521899336 4.84644279184193 -1.17881891298776 2.17754299456391 1.03914512654114 -1.48818711678447 6.29709406799307 -1.42220988052753 2.65155342715938 -4.4305233583593 0.852284932720529 -3.2380943911637 -0.892317757486673 -2.29536470030663 3.62841860585462 -1.96744560582951 -1.96231702580752 -2.99200755255416 -4.1731923428787 3.87853849390903
9.25797525840151 1.2011382000938 7.17149005751404 -5.30919179527929 2.73001930052336 -0.0825119330363262 6.00316381894897 3.1677050370092 3.17571275779074 -0.183450293798177 5.7224484610464 3.23561682526477 7.54108988300648 3.47961415967509 1.1233800530912 1.11969376429703 -3.19260300601283 1.2186882684254 3.39857586358385 1.53935527473274
5.9098903256049 -4.80685290959286 6.45274779769549 -1.22155333160095 -1.06502014865379 0.401088004628003 5.69620959993463 -2.63962170496138 4.37820994669598 1.91046811338833 6.11085805730869 -4.02223237160101 -1.82912603681048 -4.3475084226316 7.85322823369112 -1.49146881786146 11.3896472966295 -3.48402225881955 -4.60927846847308 1.64591751965192
7.69461930939724 -5.23480060403788 -2.30307445017135 1.09676698203546 3.69692102261418 -3.12139148125272 2.22685326997163 -3.27983162563192 -0.491941447115186 0.475897377205997 3.27816668457534 -3.3963256919122 0.068565023215263 -1.64005622300888 0.914845152948798 -2.25555233792302 -4.74692543148993 0.8603608738008 -4.46262797036583 1.22697391466321
9.61078806844942 0.504709034442175 2.71732976300094 0.0580040813516804 -0.175457403906999 2.16262040231226 -3.7805778244883 5.09261894983394 0.525586371092125 -1.71702146833311 -0.418798852831267 -1.05373879392896 1.90477799898145 2.31719276750639 -3.15775709369951 0.107585952773128 3.30016798036572 0.450857615103077 1.69232472720033 5.61473797213572
9.60394466721033 -1.02397715075353 5.56488615215479 2.71862723863861 0.0904715588887211 -4.48409780845783 2.25730359112759 -0.104696540166543 4.23895710659185 -1.70662629681957 0.472734402762989 -3.43714729510214 -2.1889460529571 -4.9952969171049 2.52625820384359 -3.35250420219148 1.63384860193968 2.54533281051617 -3.00943310734185 12.6045035022821
6.69894460158613 -4.50172149785655 2.22535195476146 2.51312654151532 -2.41454661604799 1.60260294222742 -0.36452524308122 -12.1199777164961 1.34233631494458 -0.342935552452135 4.34188465008131 4.66321457547676 2.51075764733147 0.789936377813076 2.20661866960019 2.91680101322416 -1.62982193140626 -2.016031054018 -2.94274236519899 -3.59169947160247
-0.331606643614577 6.56032944518464 2.68490356593059 0.856238970517246 0.173970578237942 -2.58830581789533 0.747984914616691 -2.16779802663146 -3.19734713918768 -2.51170674414265 3.09343555540184 -4.33342070011752 -5.81353890680423 1.29244722115335 -4.80596156466369 -1.68988488751459 1.05146848141269 1.55626075466376 -2.83138750346317 -2.22544646121194
3.3465876399031 -3.60130785850001 -5.10635763106984 -6.17003714050428 -1.32081137271538 -0.599569966516129 5.61889657788717 -2.4746871552415 3.80534117246059 -2.9686962886533 -2.70696223768151 -4.57563148093218 -1.83880416593043 -2.1001121882646 -5.24658690739843 0.411083659388828 -6.7065053929357 -1.04199306592009 -1.52944324986779 -3.53320947124304
8.03624586876503 0.913370684932081 0.728140538819434 2.9842063243154 0.701982974082199 5.61046955359246 -0.230313814113823 -12.0230352995428 2.99672741536221 -0.100586097435271 3.23384672919348 1.21437811825958 1.16329542271131 -2.58427806683484 1.07376304397769 -0.57823950510339 0.747165290462365 -4.82928601265484 4.17613200894327 0.744126109388295
3.65681469548726 -0.538489951982444 5.32214280967883 0.757521301107101 2.67636865816273 -3.8680310015533 -1.45728849362262 -5.63373157089425 -2.14275466001379 -1.1329998915575 2.30150956366392 -2.941806233722 0.69970171739621 -2.55828234506828 8.68395685841096 -1.515613829167 -0.200036545547375 -2.63380166934883 -2.02853403629064 1.54126550932997
6.15556877869797 0.178461830048159 -3.50178998705163 5.95229833997017 -0.207299496558573 -0.328769117577578 5.69757346388598 -2.27156471832529 4.07927904529225 3.6793553191909 -1.61548845557074 -3.5813780116228 0.3915012735587 3.30661592741083 7.67267610404471 0.304556506472177 -3.87718465587315 -0.223347344873491 -2.76714502600474 4.65294242683563
7.25723840059049 0.24264970018254 -0.909911595918327 3.35288598192693 -1.81787526726318 5.57343543690636 -0.00436310602508705 -8.77383914203325 2.20910025415195 -3.69398573502755 -1.34358017404287 0.955910545267194 5.87302395558479 2.1675403374774 3.21111787374985 3.77416413066354 4.14931977365783 -9.80193181365888 -7.56810534947218 1.41146972185585
3.15274509443165 1.14342352825713 0.318156776656783 -1.57063628954738 0.666797842236349 4.01726476436947 0.420423669527159 -13.6899848920959 2.84493772109081 -2.41462044994267 -0.548058509692205 6.56650237345999 7.5608543267402 -1.38415744850179 2.37719903661467 0.847348317390251 -5.44676358866753 -0.140702176558882 -1.0378389065701 -2.3622882827565
2.20176940055115 -3.73251825279733 6.29659218185075 5.03262510620132 -0.476984477802367 4.5845486461233 1.64221449481043 -1.10971650916759 1.66342465460374 1.99898500866957 3.32989429729684 -2.39822841796733 -5.22102397553905 -6.59846711156042 0.927159319700067 -1.18670228195404 -1.65211259914662 3.58515461070937 -3.32814019837091 10.3450950770741
-0.0918845388861769 -1.48213003737065 11.9080147227417 4.88553461259192 1.01891789942086 -3.52786335486439 5.40395004503915 -3.16910624465823 0.734911495521806 -4.0864454956523 -1.88852351059741 -3.19645964587472 -0.0854392452948192 -6.0985440627856 3.17312594491946 -1.14983953822046 -2.89066966975288 -3.42668525452872 -3.26945429367055 3.55979254039277
4.92696740305068 0.701675893746487 4.28898841931517 9.86505098241582 0.184703065610723 1.635723295149 3.31460987322406 3.90459679827804 1.15838245275301 1.50003528874022 3.23285422279554 3.03548611600456 5.23960688094595 1.56511146229069 -0.279575045090941 1.3679262723392 11.5354922756814 -0.352127198353141 3.46248460317361 -3.61259072189691
-1.41711063826518 -4.90699012736248 3.00438302209627 3.80586870757056 1.65238181685557 -1.05387314730602 4.15069122448845 -1.71695902754415 -1.03309041892509 -1.22809754298888 -0.618922625660871 -4.79003126583792 -3.30369525283723 -3.95740352517861 -2.36782136574523 -1.97198692620596 6.7159989133856 -1.93784796711643 -3.33137356237473 0.672584957504822
6.48159405718844 3.99507823437714 -1.96487912106705 6.39729912842337 0.0627525618821839 8.32898872867928 -0.651458918904216 -9.53999135782212 6.77442673798503 -3.04641535087277 -5.50718306184328 0.183846569573023 -2.78949442628477 0.954679176680876 3.25152936246713 -2.20968905676804 2.63927401743812 -1.85503480842359 6.92881408066836 3.50880954588177
-0.789973962224017 6.48907998413233 7.12317904268261 1.13663349194876 6.78034787899138 5.77200709054761 1.26073675860967 -7.63844970992397 -5.73297415107861 -1.61964826850056 1.98517815322451 0.986281508702425 2.65591428949751 2.84100270347083 0.392822910320075 2.92845905371859 -3.20044866365809 -1.40387641476369 3.19140164011934 -2.8235997301422
1.98737498735029 0.31581242079024 0.693369080057844 -1.34302359539332 1.49803207199714 1.9105407820492 1.39096913639377 -10.8082089486074 3.86067388624794 1.72163986006275 4.73530280966298 0.574472066907192 5.29038753902367 0.113254837769478 -4.42197640023244 2.08217439091801 -9.339528055236 0.435282315420472 -1.18375560652612 -1.40947949102344
1.71755153010787 -0.0988726638174343 1.78519017046533 0.922806904379667 -0.651642637939064 3.48562282593474 -2.12631945643044 1.14318882655466 -0.17986113455222 0.80765427446951 1.22651555237924 3.8323299128259 4.36452151460487 5.06253976544904 0.0902181857069693 1.16745572124101 -5.27072083618178 -2.14872282034659 4.31565909178137 1.10359239616032
2.60618213505725 -1.89442240913208 -2.42104530157132 4.71235846859245 1.84986481672261 -2.48293837646802 3.21248152941514 -2.62985552283675 1.52679239410815 -1.60400910287776 3.51646033259671 -5.06067640146592 -1.72328011551384 1.86973715356277 8.49534717285547 -1.61919094538455 -6.82727725964443 2.90823004513237 -4.98261013980726 -0.983311427030239
-0.407163194548196 6.37003687372807 0.912725537649558 -0.786904910684633 0.463321161732063 3.48190003707336 -0.187249308956675 0.839858779020545 3.16931223982181 -0.889837519210736 0.300623339225204 -1.26750450992501 1.52689337862265 -1.48807653504256 6.1691793573605 0.711881691160707 -3.22659501658647 -1.62004853067641 -2.90028198917403 2.87198438094106
7.32557865833214 -8.23140859301882 3.64934428101102 8.88793676073612 -2.02361741752432 0.412164803492204 -1.08953078584911 -0.0346834477934284 -0.135867564087418 -0.376262174422349 -7.38605909855169 -1.02418735600996 0.102752742230586 -5.69216192614329 -8.80275861349927 -1.05191315889082 -1.45531184786409 2.76751360290447 -1.94139060615022 0.266556441384779
6.84567832638371 0.427298241212355 -0.91415664035878 -8.81413294651471 -1.52554526723258 -0.57023328320089 -2.041961552861 -2.40579569852046 -0.0573981787066908 -3.15288408224603 2.12128509770524 -3.65404206710887 -3.70890447892274 -7.12351098068428 -8.3351310718517 -1.0532228783497 1.3340904268521 -2.16784421122377 -0.960706455662212 0.502038666692046
6.47866426445001 -3.89790319197726 -0.939280471850686 6.5026872881117 -0.397251155569422 2.70956455154732 3.49891575622184 -0.514668603274463 2.61287774784047 2.34074006810202 14.3121072481261 3.19776112970618 2.90843270496966 3.95602365919332 0.555775504684538 3.17215432350655 -4.98963163846803 1.92653978643218 3.27714426506473 1.02143991268152
-3.49691167181789 2.50760299510256 0.566609463309368 2.96047902539512 -0.504320495011895 1.29327775237756 -2.25961313428124 3.88393418445474 -2.04233480038429 1.89026621174645 -0.292257807730122 1.84436076659519 4.84576639546042 4.38734179858416 11.9247618700177 2.71077363783407 -3.63467350939934 -0.583779345344851 3.72242852361593 4.82039814838991
6.52657367210989 3.79909203629411 0.20492246095361 9.34297626193803 -0.956341310478758 5.75786640984515 -0.954577554764797 4.52772055492829 -1.96689200101712 1.56836006058287 -4.49209576705976 2.65820468278441 4.50038767247199 2.12781403521959 -2.14160980206439 0.298479420248835 -0.535423748047422 2.17363622556044 3.06577773008525 -5.49263689656825
4.21375036815701 -0.850770328652019 3.40366272821435 7.31220042642338 -1.31114044602936 0.71504216335642 2.3664389835519 1.56199157991549 10.2171377561033 0.935106981636272 -0.271387770792951 2.02177043843523 -4.44861750140677 0.607279942361997 7.76509620077293 -1.76142376907184 2.63242465617523 2.09277506481748 1.55447180080017 -2.7576406315516
5.18604972343789 0.770364876522791 0.538764762627346 -5.08830950944298 -3.18445927877642 -3.19518445253301 5.5284716278962 -1.81145239823868 0.131875658206506 -1.33738793047327 -0.793761922087516 -2.43750745442518 -5.8186886410025 -4.04441486816986 -7.12886470161888 -3.75163721508136 -0.13327633934766 -0.715893064692781 -3.77343097438152 -0.275369794705208
4.35407755917809 -1.3303388655569 -4.012499261672 1.67492642161907 -8.59033836525838 -0.0276583147630856 -6.58930508344722 -12.7358836245086 0.0973775557278294 2.91067521942248 -2.73438344138647 4.8916917210358 4.33667908868726 1.38324246873087 1.2421367160435 3.11290412338853 -3.1585316028547 4.64457159579255 3.05506661340017 -0.193239728339767
5.55446899990381 3.48893811301641 3.45020884416267 2.39966607871195 -1.94387795727397 0.280935411161595 4.73233192117177 -3.554625794698 2.08083979415402 -1.71239669414479 2.48732800763856 -3.87365574764214 -1.01538873589236 -3.98833875091584 -0.439056281611939 -1.92437298218761 -0.532898629954261 -2.29904521406386 -3.54606061697652 2.32381771716601
-6.06976200731592 -0.34759815451418 0.316875738042263 1.48354062894123 -0.183089632001972 -1.32942391229106 1.89068533304588 2.30825565909051 4.59516704814827 -2.9184358914963 2.93890156395162 2.11430357722045 -1.33877867435575 2.58617683390949 4.553578549848 -0.490490685089523 -1.24449886437328 -1.10744673769567 0.454014526671354 2.74643381609292
8.375643261323 0.177423621101458 5.94639685335798 4.70225603118158 0.0446097739795226 -0.152935636345332 0.12586341852158 5.22232487883524 1.57366554343277 1.28203708573724 -3.14467540475536 4.72296881238476 0.675367764342983 3.1209882755947 2.28861505922867 -2.38955870446618 -2.31542473023701 -1.61403098810411 3.68161243678089 1.44340157675808
8.16291501270567 -3.81168689777062 2.01647128182889 6.08608096620932 0.742886961614083 -1.9419299126151 0.588023987667233 -2.20439812322006 1.40460007296124 3.05699620327973 -3.38115495360998 -3.02751820265904 0.750893455469603 -5.63734692827631 3.57649700590316 -3.18576836053282 -2.71226645984825 -1.70823993554259 -3.43637787440414 -0.533505420020994
-1.61374600783382 3.36053639069937 3.11812823945335 4.48691481811979 1.47223301250753 5.11241417943982 -7.78884394383313 -8.74700601103219 6.25719871083291 -3.4011349258355 -8.02710385567838 -0.326225891288384 -4.62143621896432 0.325192977632002 14.8333926680339 -1.71865913870961 2.79426492048287 1.08881971900898 3.30642250401879 1.44476172366324
-0.779046758265884 5.66944534616838 3.13140928984679 -1.34455891973965 1.65821097011815 1.60880660867708 -4.99916896922901 -2.04317374576282 5.56722283003861 -2.74876083687548 -3.07602787867886 -0.796447862389298 -3.67247646900156 -2.7690542476871 7.06870573279559 -0.701951351166223 5.15051514555194 -1.40341232223706 -1.82096185460495 4.03389000354396
-0.982810160564715 4.95337520989578 -0.816077302800746 1.04830581075573 3.5803328016285 2.69056099619526 -6.12877539632641 3.56921173556602 4.71330789177837 0.72388825266089 -4.88289091128276 0.156314539938417 -1.13489145699872 -0.873674285258328 -3.24088203330801 -0.507702609147363 4.65944725706518 0.184693140270375 2.63455068151437 8.66371214757336
3.14364995156175 2.8432316761391 5.315849400109 8.47417432835343 -1.15322772332787 0.236408044591248 0.602120421238768 0.436461347327278 1.72385434815971 -4.45509932563477 -1.62577301345211 0.759735501723108 0.876932880516139 3.90641362753361 -2.25883986264783 5.10488420630335 -10.2059475066976 -0.0112017414747785 2.68265144318614 4.33172634317985
8.4179707630356 0.540965812451352 1.68822720041565 9.10988120822487 -1.8033164480512 -1.01946557336403 -3.59447597550266 -2.25795223081468 3.30339421359821 -0.968249516822635 0.701103522833959 -3.82344119386676 1.83250350876514 1.358297492943 5.93672702704644 -1.87672203292015 7.6020521697539 1.81561416205165 -4.88167526552841 4.1579122941776
-2.9761210024403 -2.68383260925158 10.1512594023652 0.706238917359145 0.43488987686098 5.51058240109843 6.59135239667854 -8.63698518190421 1.55044723536904 -4.8653565470214 5.37423231926839 -1.98713853389828 -2.03808805157369 -1.33211420731414 -4.89480348643776 -3.33519702971902 4.28433990541336 -6.99078965673338 -1.21714324741722 6.96873521002075
-0.923678640975963 3.21122075353967 8.19292136215222 6.01794350735605 0.677927178138299 -1.62331326657259 1.87243339033432 0.228938323063552 2.59666719198578 0.583003744055037 1.34591484412079 -5.61921720086142 -4.68536058719325 -5.8954485147876 7.43059243120552 -0.685796563126554 3.49150118648854 -1.16002464166257 -4.60306330727638 3.21488106074283
1.13827663959466 3.2920636607536 1.51839309768122 -4.28221358124386 -2.01862173816887 1.22381292463524 -0.446892017287303 -2.30095547019138 7.98518144811826 1.32228412686568 11.9778798822506 -4.50368683704481 -5.25137548630726 -4.71662504042675 5.42478402762881 -1.65221520469717 3.58685786408218 2.28654452735439 -1.11907448675896 1.72407397543374
-1.26422292517016 2.53774118159785 6.57256018029051 7.21539116706762 5.93090974786629 0.134874388979318 -0.306575623646213 -10.6053481139825 2.92783801200959 5.40163526106727 6.86647909815419 1.17880181716283 -3.00754836605044 -0.0677782383099697 -0.827675067935229 0.208909933816077 0.565922186211201 6.84467916606473 -0.630794991506216 3.62936153553053
6.98314242945644 1.47513960125119 0.740594801083152 4.13591323857961 0.347512623934975 0.126924474822224 3.19969938975953 3.97935897179983 -0.980797529516725 0.53542587459842 -8.86891490334317 1.2811628261541 3.62199988262437 0.76453203961013 9.13716276864408 1.74910423015482 -4.65558231738039 2.01338283172212 1.45576719783853 -2.7613994124775
-2.63366229232465 -0.25699872170252 -1.4637944329842 7.17627959205884 -1.19422585184264 0.311516231170175 3.26931868188622 -3.21086517775589 6.1909229799748 0.0705098313879097 0.835174438741514 -3.55816503234702 -0.00466603777042174 -0.3610232075641 3.22932823617752 -2.53358964430942 -2.85946898743403 -1.77213738218864 -0.857556027686384 2.93545239460655
-5.00410293550785 1.33747537250057 3.28313686906182 6.50781563920046 6.7259257052502 5.92178248614734 1.04139029287145 -7.89025532262427 7.20566698601697 -3.24809181972871 5.89954732664522 1.79337254271279 -1.44590275584193 3.50296345552751 1.96994273348241 1.88429156331011 7.29216382328957 8.31023935789265 2.58968516882264 1.41138271657724
0.553382569773619 2.57840183011445 6.92592050853747 2.06939535365871 -1.13184594615234 11.4669772766415 -1.09623808700103 -6.30147614361431 3.80049115443948 -0.21152625223693 9.21668353757424 3.77973706591332 8.16192884323697 2.77486768494521 -4.10893990235501 -0.722918455871745 -4.64384985073164 4.10157000999203 2.09908949797276 6.87564447694296
12.2672052070393 2.03635574089847 2.10316229098216 2.09063261440596 1.9478869449041 -0.218140331152168 -0.368150935613914 2.3888229450059 10.1895356071397 2.34986483277775 5.69899140693781 2.00604258038993 -3.75971551435179 -0.602236206631355 -1.50666150443303 -0.699630354238237 1.22619213799978 -0.32121546263028 1.8464788766153 1.52595012799559
6.55938756092678 1.95402860201284 11.4548364662718 1.5313377238362 1.79001176103153 -1.25310857447812 4.70260066465195 0.628690524897092 4.42405877300087 -2.05220741201817 6.44342933218185 -3.84260397387584 3.07825200425719 2.74511999625236 9.14424661766813 -3.01734750463946 0.863139104233648 -5.22593434092828 -4.23197359771413 2.67893753098984
6.72035127318023 1.37273794599174 -5.47784393355388 8.20375008126722 0.00843062252478677 -1.26187217649752 5.0029812248508 5.28762370991743 2.08821699360967 0.655630944974304 2.98764349248906 6.57173598351595 -2.16040193893994 0.28097818750094 4.89861743745687 -1.02448872573811 -2.19274635407898 0.444825207093679 1.67076086631713 7.45044164696331
8.26414142755259 -3.88129428821919 5.79434502210909 0.354767116561818 -4.81558903619259 4.40731705959047 6.21912763600613 -11.4262743292771 4.83790880313167 10.2496564970352 5.16615779568471 2.63882078618626 2.33510620777582 -1.38513369621467 3.77223634646172 4.36638726907158 -5.0334873079279 -1.75019896666574 3.20820521475606 7.35080051047075
2.11660609134025 1.55220139915705 -1.19751336221 2.58373297239769 -1.12922596664185 -0.486221615770283 5.05442790611778 3.15981759320567 1.32488858251456 -2.77962949172334 -0.404002420704653 6.37463086951443 1.59796082633384 5.18328989979555 -0.207393940993244 0.473646705242777 -5.82634872660637 1.94390664851599 1.13020787008257 3.02383237289639
-4.41920670726174 0.631408608071073 -0.546964856286968 3.17989860181596 2.74969474089341 -2.80674949330807 4.46204980349648 4.93001711378477 0.69014337080556 -2.26426705748458 1.27616221503447 0.731635046314438 2.96899007396329 0.24956222967004 -1.79515732747202 -2.18820674913288 -5.66049300176866 1.64355128476599 1.14247527280079 4.94034004716807
2.93098345861528 -1.62602773214293 -1.79599813426783 1.5647152891559 0.954755711455649 3.86751582454124 6.71950819594362 -8.91881317272074 4.60430632694788 4.07670229665671 -1.83834190520485 -1.41800469186903 1.26100822489385 0.112043582425961 2.35297805558749 -2.44675306424014 0.853406546607897 -2.35046647845061 -0.357957511384729 3.35570734950249
-0.146207364707515 -2.61900770341695 2.85834593625476 -6.13766042114347 1.9234815153188 -3.45942377747151 7.67720983047398 -1.34886677140779 -4.88491426892723 -4.63136077573026 -1.21855842188081 -2.16636509270135 -2.16930209038673 -3.0111356926921 -3.40161700268341 -0.335802534146646 4.47833320934228 3.78550638222071 -1.35779378340173 3.93201080355756
-0.745189837544121 1.70288312639213 6.54141795185314 -2.4603793313024 -1.61128829901512 2.68840959771689 -3.07008125180365 -6.89198208470109 8.33952184715226 4.88170913657072 4.35197079366702 1.81685730692581 0.693464975231083 2.33769986810367 2.92955873555583 -0.411491610070994 2.67512075025165 0.168256453338232 3.46029780452037 0.173300620053699
-5.36483971626151 5.96397316540305 -1.5395812962968 0.67998512565308 1.44308306693631 -0.214722479142311 7.56261687654052 3.65154434944193 4.89333154825361 0.352791973345842 -1.09361042913817 3.58019432139757 1.15507713410742 5.71575206443469 -0.68359857237164 -0.984788303105522 -9.13038106679786 1.04132304040249 4.39567780846322 0.878428164188266
4.42294482416317 -2.541338765132 -1.51268222171097 4.75942129953897 2.83041199877621 3.29584782746784 0.263010629971413 -11.3699073487231 8.85248992424896 -11.3873979869935 9.85725314809432 3.18949391361301 -4.20557881820214 -1.16799754922227 -2.34113349051333 -3.2304302239226 3.9878806462073 -2.87518492075069 -0.223723815103153 -1.05520336017582
4.8599308574935 -0.18507326743718 2.42580849264244 7.85608605976325 -0.116909420814146 2.55822421408103 4.74846940607919 2.07346577940884 6.87552355369399 3.93262085497547 2.86385526661229 2.55766697094097 -2.95196714595321 3.33194306833619 8.34445823030929 3.11494535768355 -2.43088817814962 2.26788456506822 2.87997013940294 6.59000219519075
2.38591404933022 2.19097576111009 3.50874028203804 -1.19693258538175 -2.92412349240506 3.1152040521787 -2.58453834150701 -1.54665653602791 3.26540684278966 -2.78777135999598 4.23981348631909 -3.12411466272511 1.24685349728001 -1.38606955525301 3.09025369155346 -1.76697507891028 4.96688106890535 0.645977486926873 -3.40680168522246 -1.05062435195285
9.24409029356113 -1.83273321305464 -4.29834628321716 -2.80364077641611 3.48533829036694 4.94517540986381 3.37420624421009 -5.98662665008862 0.213288434942861 1.96217202508947 1.31848723883389 -0.801632405697876 -0.196525640445174 3.20098048378017 -7.08988049507475 1.9878880879325 1.78134122478112 1.67754082836242 6.32268873300782 1.85774403561096
2.28512103376862 -4.76079234308882 2.30194193539508 7.30571077279675 -4.09687038042672 7.98240858509968 3.68385009843296 -9.90767023165714 -5.51180023105641 -0.719296165481324 0.638521936727614 6.00296632888449 2.77380670312763 2.89846339142429 1.18245263229649 -5.72220654385332 -2.47028304351433 1.57852353005273 5.43652663925503 -2.80714018277299
5.62584995413049 0.350435411142157 1.58659625202261 -4.42756743621483 1.61796127152806 5.51011673748615 3.35409287779747 -8.55783796372609 -3.4106759237483 -2.87577585669081 8.50118472267851 -2.50167273300174 -0.685938335269311 3.93391192130187 0.788875373420676 1.30392633229104 1.8441393942223 1.10866166761226 -0.916413333767353 -0.513392304331472
3.8584170219492 4.60076438083389 3.72548294284688 0.915409361141064 0.32874942000332 0.513551031687105 -0.339534481205502 -1.76378514752245 0.338995315213285 1.05252158436401 -1.81588030709559 -1.8406591628839 -0.0561222032947093 -2.46027794636129 5.09475919024688 -4.39354683869782 -0.8050768544888 0.719156090860279 -2.74983050950439 2.29505720986132
7.39960748271703 -0.7517971183088 2.51101267939391 1.4122351729154 -3.36483499597597 3.51699253648024 5.22710352235556 1.72403277309254 7.07145108069361 0.292499514847296 5.47851440253457 -0.398112266384248 2.11362364396053 5.65508993379076 -1.58901816912453 0.954059504045718 -4.97132363853365 2.4785855935612 4.6923059657957 2.96995729704438
0.459727688565136 -3.33414557879222 2.94012420602536 7.34855721976935 0.644016053378004 1.21948985674785 -2.40529122378736 2.32950460788984 4.8733758833798 -1.41102577360973 3.82414415387132 0.652779951717396 5.26109359625802 7.28908053774579 3.40188710680868 -1.52693348567809 5.02878295400251 1.11586578959185 3.27828523751744 2.26513381858138
5.22824466859774 -7.80518998176858 -0.0181444392135921 0.780300397436205 1.16199421642693 6.4585899140494 1.97229288292906 -6.31165068063473 0.688772004028187 -2.69843194637523 2.01126108371135 3.35576002296809 0.869306007771464 4.14416278671787 8.86443711518818 -0.438044425252443 0.342998420899355 7.79939428805915 6.78920302439681 5.62512653267575
6.69688719445637 0.993104764045261 3.81477191287016 -2.53734597303583 -2.3021285847686 1.32871884423765 4.7623944080597 5.69130041465617 -2.22881285301877 2.39920347677626 2.60611247401492 3.47777794153246 1.45135488641892 1.3206853203926 3.19391056050741 2.21166458684004 0.369078190394891 0.0330518884515764 2.31577178283766 4.83225593694013
6.12245568779308 1.80321410400734 0.315690979016536 -0.908596199272107 0.579103338302112 0.4928446396598 -0.606127969565196 2.77008147164514 1.41852881164797 -0.404921547616676 -1.43886404093229 2.10580023015188 -1.40400233354526 8.39337939697034 -4.39308183319717 -0.960288075924528 3.75232235675762 -0.100194788918106 3.63260125328629 -2.6811807209908
4.75828554110572 6.16300677659105 5.04762523960699 3.61436342708741 0.783473726130528 1.8839180351748 -1.42993632679573 -11.895156089537 8.95429786116098 4.37620676616522 7.78639729204289 2.8754925948895 -5.94582736562433 0.951985041475357 0.421227173922498 -1.36816027234381 2.00321391811526 -0.39711639488934 2.92578623383309 2.95599069383544
7.40957341943139 1.38677164488183 2.62258178314776 5.7360218693129 0.843968350277513 -0.00907855520202006 -0.471553067470176 -1.58181511097049 -4.6539947275704 -2.68135370861877 -5.3989493908888 -2.82574235933543 -4.86343506146873 -7.32892894560774 2.71537735780994 -2.43406808879525 1.44084004003326 -1.01654120990971 -2.07605174179663 -2.802731810715
1.79946162667592 -0.801650898001005 -0.258043313699605 -3.77090612122 -1.0406368398666 1.29688779670995 2.0453463950507 1.26038288491752 3.67979401130369 1.57220127994834 3.50949347783535 4.57333265168487 1.07079842954025 9.48438736897693 -6.70061011606858 -1.73655163617549 -0.964608115595164 0.168405836565618 3.23123059667104 -2.30064330400328
9.681440194059 -0.190608634110834 1.84167323287725 3.19803587690099 -0.238049436045053 2.54680497131827 -0.371020860782766 -12.3315260116385 1.75917957447307 2.57529731793134 3.95478454087038 2.74806644054371 2.15762713308256 2.40263946014676 -2.81576565738775 3.42889320278443 -5.47695530303122 6.30799588028912 0.291128947891474 0.754975419852521
8.90525027875998 -1.64515143170584 -1.07665144258386 2.21801679619246 2.71900750878765 4.60887752192482 -0.681803882928798 -0.270264106308361 2.10024548138971 0.615567044762354 -1.18775364454423 1.05863789979222 -0.485294403742653 -2.7726358037174 6.94236409390607 3.40521985976412 -3.54403096199634 0.739431211767066 1.49304654498934 5.08919633376445
5.64650094202904 0.481678109501672 0.464637634395934 -0.924363187223312 -2.02587441150842 3.76203385535619 2.62798997368924 4.91281179225881 -1.15196252314481 2.01283253176408 -0.335126081216644 6.9512814597025 4.38912185390388 4.40197243868777 2.80410862530628 -4.3814951608063 5.72971840815693 1.34483209534292 3.59886394488909 1.4522304443525
1.02377177949882 4.24538566662025 6.11850104140234 2.02788208495763 -1.60813022449091 2.75646193593036 0.786225252885056 -12.7363506896111 4.23121357925292 -4.37800291888742 2.48167979510831 3.29578383081183 1.62682841336258 5.02060188292691 0.671783399290413 -1.31276919595381 -1.26434566216857 -0.799891202818457 7.5738715854923 7.12166749754249
-0.867844222428135 0.985373434579458 3.65703221054852 2.71286580381615 5.01670413248062 4.23620852542282 3.46098585888554 -6.47982469361616 1.92986681516616 0.784985324215987 3.24553073022605 0.69878873853572 -3.00074374211131 -0.527975186231318 -9.74087798058022 0.837609833581713 5.13116968333751 -0.230483485430878 1.58326882750485 -2.53666419476262
4.32394794086992 -4.14093427516961 -3.69826433650475 4.67165674679422 -0.365974514176575 1.19362358081708 -2.41822601103787 -3.1812853667653 4.94143615238536 2.7449549463772 4.53287117058407 -2.41936994810643 -5.2869774662362 -1.03893017969953 7.40916878999497 -2.07367586497995 0.891431408288362 2.1708360128974 -4.58773464906879 5.07167917113586
10.3529836356797 -0.174830248962021 0.540466909772031 5.63455583521002 -1.22980483619206 2.79136324705894 4.63010195293474 2.83007317092685 6.41915050339093 2.26273360907036 4.57143511147029 7.36340866077838 -1.81651436817882 5.03936824953302 -6.3649296563 4.05498616932176 1.32217191468038 2.23470811285286 3.91356255093932 0.203336970721764
-3.48024275629512 6.58585860376778 4.34601015239839 12.120968014878 -1.15541486525904 3.12188943295966 8.05585205784467 -10.3697633585976 2.36402154555064 1.30328788564858 -0.259446272810115 -1.17620173801896 -1.82372140099955 0.652185781557819 -2.91746849907396 0.188610520993057 3.63326734901072 -5.87996521314394 3.68573532607396 6.31411952789574
0.607285597133985 1.48645528033362 -2.3088721022709 -0.29416073559731 6.16562189517 0.560297512357994 -4.7846215207933 -10.9391069022955 3.89689878959661 0.312628815631036 5.45110182312275 2.70688954875124 -10.3644649171052 -0.706958144950347 -4.6787191501163 3.19539552013193 1.85115940869194 -1.73012576257058 2.18235638000219 7.54799694737261
6.82897037413135 5.59886838389549 -0.642045657724748 1.50839804970695 0.590858752378532 0.295489140917277 6.54277613866926 0.628352319290805 -1.07681892495505 -4.99594698926083 1.21722528999034 -2.77860280776078 2.40626571370184 1.8027766431054 2.529656925934 4.66926204488869 6.54340897067712 -0.68246797212168 1.73823911138548 -5.19802215091693
1.04329175397257 1.33935238628741 2.09309663779724 3.24280039442158 -0.198418880911214 4.16926110628153 10.2492114102998 -2.15445895048945 11.2220526033795 3.2246467734851 5.09538944875788 0.647668569171205 4.51357598903775 -1.4488469861042 0.114443191004667 1.15952022681237 1.405345685925 -0.449081232547226 2.9578313337827 1.7684055977374
10.4870245428511 -1.11562940441786 -0.333164229281922 7.28508896361404 8.20416280056472 7.04071110104951 3.76897178363373 -11.8388415268608 8.47204421141782 -10.0901085024549 2.05176766156945 3.59584779122882 3.18587838922356 2.09374071958705 0.431803611662337 3.05473962363049 1.38201865338979 -5.09974709709402 -1.02157345585645 4.5786491691494
4.49234112804436 4.80452857008472 -0.250356724561204 -1.88068220332467 -1.21665834259332 -5.52090378093169 3.56339015355512 -3.69360267924588 -0.144689327358261 0.762013559031009 7.30186806786988 -5.58277506089018 -3.28291881542126 -1.74505217060883 -6.11097292664875 -1.60691798597025 -0.49766557114596 3.21057519927269 -5.44368174603672 5.54346552871565
-1.64830899879268 8.49195414916523 -2.12652190555921 9.93788515995173 2.84908247884487 3.395482552485 -2.46262708985807 -7.28442794783175 -1.99073824632594 3.89018121069165 -0.0383350085129065 1.49319664227779 2.34180333587571 5.35880450208295 1.46543456293644 -2.05891897182624 -1.25056759622338 5.19400804201431 3.8632954668687 -0.903797452766289
-2.23129616439916 3.79569657750496 6.88773069031717 5.47466533505282 0.373770600607295 0.735753081712682 2.9707982950056 1.49621367094665 3.95502634625387 -0.645920841875317 -2.08867548854676 -1.0135791517824 5.31765473686772 -0.270623787333709 -0.464180170000928 2.33611414940343 1.21113505961399 -1.17875675696239 2.17093883247811 6.1493406247163
3.43589112984128 -1.80599340793643 4.69400834821076 8.24743864178154 -0.362660130357697 -0.42260447231238 6.17835098860321 -8.47696566432398 9.69344694143765 -0.395043452211114 0.0191231516446807 -0.788085209446732 -5.75789360580196 -1.64317659361199 1.53506908890558 0.0467893217072481 -2.8405003939505 -0.0730330487306322 -6.17406333070425 6.36834137179561
-2.89687797068575 3.45488424609216 2.98991820337297 3.87428653607566 -3.97334180853223 -0.655708982736261 4.66399797080626 -3.03571552869942 7.19087578397862 -2.63612036674645 -1.26774451385505 -3.55374509094794 -4.02458044977523 -5.83866171977156 0.101400415511298 -2.72795300236316 7.98172818197929 0.172567069592117 -6.36671867146417 6.16419485733244
6.30824719374121 -6.40343644458571 3.1596969048427 -2.09809172498901 -7.29867801774641 3.13783362760989 6.02254714845063 -14.1520069668548 8.84553147033287 3.2167977611552 -3.22628449752248 5.43464584254744 7.19097861671496 -0.456438700364625 -4.75641592787295 -2.8014302219447 -1.98366701343298 -3.74485009078406 1.05538346852562 2.51518037290374
3.24159631188172 0.176019708381129 1.60511003389135 1.86571801111287 -3.15200548181798 -0.488205023515707 3.65311816519577 -3.11583302398039 4.76855330321981 -4.07400550294052 -2.41746326994881 -4.83912371998619 -6.56468650405913 -1.95681866225242 -3.69761640484773 -1.82500226507406 1.91490052896042 -0.0487097852591923 -2.14774482258132 -0.524117088567031
-3.51277639171434 2.25280755536151 4.25481285766402 -3.61170025258934 0.226104010287071 -3.48553351658596 3.67245012479244 -3.51368029759337 4.42681419421898 -0.902057428051957 5.22511897510568 -4.67061505286907 -1.05478414808057 1.47802703620485 0.443466626723236 0.299482706272484 -3.39157313462153 0.296202273214454 -4.60246792995244 3.62545548950612
