x1 x2 x3 x4 x5 x6 x7 x8 x9 x10 x11
0.300584391189358 -13.4380551824385 -2.28462737943569 4.18048280621953 -2.21005930920392 -3.71525013671001 -0.584612888784945 -1.15424316452225 2.67233257962799 1.60536623771942 3.80235380199407
-3.40475932968915 -0.707124446438116 7.63330742450654 1.97313807263168 -1.24578997589595 -9.10215276861162 -1.7908582648585 4.13507606299921 1.55401558329299 0.0541928785769002 0.395136872454362
-1.48022291715302 -5.27030187151565 -3.37885769335581 1.17602791006312 5.14363516257493 -9.18602376941412 -2.18773142025662 2.07391479397675 -0.959188206880076 -0.445406108640655 0.74587988516535
-5.03609108317064 -7.50360806413675 -8.02056511162039 -3.46685493496322 -2.16282858883694 3.68953588343437 -0.121912776733391 -6.39580346787177 -3.58725235580174 1.01973089682746 -4.85717519920418
-1.18684574327899 0.295551163934313 -1.43360462906137 -0.638832565556433 -1.63007595073516 -5.38189137642692 3.14494393076778 -11.4715774373017 5.31995886954747 -4.9394808221494 7.7962148923651
1.98944068938957 -4.47398887237847 -1.29659074689171 1.92242728312152 0.97043983771095 -10.6628829229568 -2.46731813097228 1.28643931800738 -1.01237408071076 0.866903808693655 0.378271649789752
-1.79514187967628 4.45456982180647 3.37913774113372 -3.08156701562462 0.0404986510790424 -2.01958021522115 -2.7008246900417 -1.65658459831372 -2.95608810676239 -0.884934291961151 -0.763598675985885
-2.8782318493775 -8.03918023938645 0.904731490463992 2.20720650253337 1.35074856156974 -1.56665973205434 0.697348488246168 -3.4643112855106 7.40009559382458 2.81284603717845 0.0352993016425107
-1.34120052525666 -9.08496742677667 -0.567138099728108 3.37201601864476 -0.150386870910175 -8.50515989150525 1.3504592384725 -3.51997918850412 -3.92976829597985 0.685247291219846 0.489085801130712
1.03513015291384 1.8925619710867 -4.35308221939731 -1.11785379581121 0.180554714560917 -4.86704472920546 -0.509341586949914 -4.57025543274945 -8.27401663697931 -0.988989927327009 -6.24858140112908
0.30213786960949 2.24128968309723 0.0286602839229165 0.535367504856252 7.23749781845665 -7.90402089256485 -2.83410418008264 0.055232904381865 2.57408652211129 -0.869652114210337 1.43508077251917
1.5933340918001 2.77817300383345 1.77766142672496 2.1597663489824 2.41261447135707 -3.56490077597882 -0.423141799455187 0.848795840809833 0.173779460322962 3.01249465588796 3.44952658443311
-0.190460919174496 4.05453587900644 0.679505818882196 7.46593511096543 6.59485788347401 1.69176553393622 0.752883866076043 1.87161620306483 4.78862361383338 -0.966635340202681 2.92697506449618
3.25681713914248 -1.25202579042385 3.58690689937494 8.01126084313905 -0.28053719338314 0.509993375957608 1.99563772724531 0.483340827440158 -1.31279566568458 1.86377035730893 3.15855333896314
3.65442922883825 3.69435679017612 -1.95296341586666 0.275404397259042 7.13741331832045 -12.0773341566815 1.37849430424356 -1.0698534717705 1.01392105369716 1.83824523817355 2.9611050326219
6.67903793022287 -0.25141668049695 1.25853271217967 -2.46431970581945 1.339938776279 -0.490800658307896 7.30691042755697 -7.13386695915929 1.4612034481249 -3.01671282826803 4.56571987721825
1.25159475410903 -1.82537508388087 4.83105668791834 2.17404398701598 -3.05201225125172 -16.6022103834472 2.57334234171086 0.351027142473737 0.53116753495708 -3.77675346733496 0.925016948296583
2.29056433896207 5.62977373131618 0.884513694992133 -0.885185835956293 4.35971907728476 -2.54034622790913 4.26827216167237 -11.1352577959391 5.47893018236663 1.02848319984885 8.38464231544356
5.37486597890987 -12.1036601687149 2.31918652954126 -0.708041202627243 -1.16635902651591 2.30933264790511 1.85727180881866 1.2803734425548 0.207231533912368 1.15610672973649 2.50080844721389
2.16179281524425 -1.08461092276024 -1.87769237268207 -3.49967248886383 -3.77731116129939 -7.11569204248057 -2.20684062575307 -6.71373931877801 1.72480466492938 -1.561846413081 2.05704408603506
-0.843527906324287 0.566784744124123 4.73981504091779 -1.14113259326354 -1.55615203694723 -10.2914426692325 -1.40011872510703 2.20092477330947 -0.534126937363029 -1.84318395752273 -0.293007065642168
-4.48055263343239 3.11893398517801 -1.54980381324505 -2.79299708897898 -2.29412616373795 -2.06903641046737 4.63516307738322 1.26927958128103 -3.52551722136625 4.31572362101885 9.47595827507094
4.58344377253607 -1.49450565792888 -2.0731973075216 7.75658549431764 2.15151705962045 -2.62820226417846 -1.14377984736152 1.52774374527538 6.67410868419791 4.46127602908536 -0.919165732944331
1.12782912867928 1.64450592310158 1.46914868999545 -6.38302889676307 4.70229355540903 -0.459372597015014 1.92481486391501 -0.480515727236242 1.29811988356844 1.68181315243181 2.97696727190388
3.00194111757192 1.26220783575819 -0.811989899521509 2.20895018252619 -3.81850334208371 -5.07938245550598 2.96467104177882 4.53038685222873 -2.82147397146804 -4.1653699463917 -6.62558648648997
2.26389448229546 5.28793895798663 1.09941535232463 11.564533658859 5.23897315668614 0.594958928510067 -2.21316032919327 4.61886060105357 5.50307912643893 -3.35072509666523 1.2395403375873
2.41583592139611 -7.21505256137811 0.124156526994095 0.40065713107345 0.690314954465466 -4.12219197504535 1.61977440379563 -5.40899705852731 -1.07011804748237 -3.05523513359388 1.74280219894871
2.62748308135321 0.70921489788813 5.12191540082477 0.656374044913181 -0.447026140222478 -7.58282145816205 -0.195436519651503 -2.70476778509481 1.75499820352807 -1.78488620047455 -1.27788726058373
-3.39830005754692 -5.58415626454536 4.48730819226325 4.48918140034597 8.69784794879518 4.22198068236041 0.315946859887855 -0.00235855512767635 -2.10499122964648 1.10419478726257 -2.2729150031892
-0.748198678549536 -5.3118204501201 2.50378968146322 -3.91471516654934 -2.99503951873097 -1.11463760128116 -0.276629149720154 -7.01802972367933 -0.962083973685517 -0.349241572358651 -0.062734652541482
-2.45151403950302 0.584475553560846 2.11574608024572 0.703426000932756 -0.742079704456166 -1.25390830145164 -2.86051159481838 6.10810092368124 2.69772505377172 -4.77375756322066 4.4809439082227
3.72931622050051 -2.00925940759931 -1.3573873923081 -0.788067118184426 -5.42997294681363 -0.100603338879185 -1.69231540269698 0.227480855640002 -2.1926709260018 0.463089932483952 -2.00290813434368
3.42023498616801 5.44913867880175 1.73773492527002 5.19641568591691 0.0758975548739227 -4.87834832194339 0.696574223102946 1.96016903546004 5.41853014112469 -4.01780988520828 4.73710215627356
1.3342823675401 1.78105035986995 2.92596037671884 -4.52657201619191 -4.5408655768273 -4.4874114971882 1.7997207979509 -1.99641480875031 -4.32358167189436 -6.812472857826 -6.78644194491977
-1.28116097229507 0.889088226066135 4.27333215428655 0.527887289211962 0.98073694379945 -9.12012501889463 1.31853448345933 3.08250251009428 -0.301188112314181 3.42714272976681 -4.1787471599932
7.96372379899226 3.0103788226051 1.98877016326275 -2.75787902231174 1.87426018975523 3.67596037447843 -0.0603842120332116 3.69876152916399 -3.04177027037757 2.262403777064 0.0938976029463179
2.55423883854663 -4.56537605061649 -0.863918871233792 3.18557464318643 0.322939028741006 -3.57727568133499 0.683677175724475 -1.22748736385719 3.03086477967169 3.39192022449681 10.4445328022171
0.647727228976931 -4.83133675537525 1.22459167861671 -4.33097836829005 -5.76987914257641 -8.08229370503417 -1.2912928143417 -7.35168627634983 0.130216359741176 -4.23522024505053 5.92226569953245
-5.24478713963907 -3.27374199722015 -0.0854121341529974 2.06791121393451 -0.988330463293363 2.43026959148747 -1.12326835397939 -1.64397554747021 1.81137518162719 5.48044665078048 -0.420384270587762
0.771090732659189 -1.16947398193245 2.17354918472849 -1.91737677369309 2.67993080665439 0.657968387137743 1.18085811415625 -4.19383221004343 0.430932090016132 5.64030989594206 2.81352512450086
1.30590734771546 -6.06421688678145 5.36879025883749 1.16164354692157 1.57010904283423 -4.2909388134945 0.811523307007158 -0.60813187942163 3.00785590575871 3.4977233740895 4.45436534647045
-0.920711967486272 -5.67240807077849 0.19346019978403 1.65480289289608 -0.200792952748356 -5.73106588606482 -1.70626602707432 -6.80472148712982 2.53694166424218 -1.52856304695903 5.26848892446876
-0.187596997017844 2.93591917524598 4.16149819709956 -0.688929937043679 3.13575887509949 1.31536757988347 6.72392808398556 8.29595924785763 10.6397849047367 5.44744181718208 6.62603735121579
1.6952017733451 -8.1697624439965 -2.92793595299736 -0.457963952209441 6.18393439249063 -4.91244108345481 -4.06518289638585 2.41334419898449 3.97477785894832 1.58601562392773 5.24277056183474
-2.64390199858636 2.82881401637899 -2.22695439502191 9.63673351513963 -0.60730585509039 3.83509451199083 -3.45955593318923 -0.281131438397405 1.63663383701458 -1.22705382874406 4.13843896170074
-0.54047208130187 -11.2454595280716 2.12358108831155 2.03306205136589 -1.54216003398602 2.32580530160208 -0.710856006626963 -2.60926817140676 -1.06421502512613 3.33862457346693 2.64149595339506
2.78113276360236 7.42059208599797 -2.08431872833631 5.79779094359873 0.738743777322402 1.98637051795458 -3.37840963065945 0.330629562756347 4.23423665226676 2.16452764085392 0.580103228874237
-0.0319150099113765 0.214383175438289 1.62113984751447 -1.2706351093855 2.08846930509125 -12.4057907490187 1.26855493464045 5.51452224137974 0.0959165572214351 2.70975555642085 -1.27666354996383
0.137697644569418 -0.68689133251829 3.68429901530214 -6.82210348761971 2.18919904128106 -13.2525566057067 1.86530098510914 -2.11029463403556 1.17479373717049 0.0329729655203547 0.302553960591431
5.16717683363204 -6.01649859117001 -1.48507651356007 2.29814119384751 2.27375668571238 2.3603204923138 -0.192260192560087 -2.53324077162682 2.30926439501153 2.78602452472471 6.09412494179305
-3.72388439425461 5.55472042500194 1.13614296991409 1.89505429880632 -2.93515589050926 4.38518334655167 -3.88019827112644 -3.02633875070542 -7.47574089393167 0.645024515891419 -0.113259235149696
-1.2547338033297 -0.229926312891991 -1.85214828200561 3.04308566029665 -4.3816291145512 2.94932398262288 -2.47708685243497 -5.50296850340457 -0.750282922642489 3.89588421471087 -1.74419827900256
-1.42487480718632 -7.79423040293794 5.52468763293827 -0.743294613080319 -0.585032166376925 -0.24689115092635 -0.110730180787878 -1.28660197559286 1.0417846596814 0.716216854030642 4.93718787111757
0.843069130889834 1.73730919649033 1.21645132047928 1.80212565226048 -0.156510563006705 1.36919290236342 -1.42041991342138 7.03808992637399 5.14015060801001 4.42411703793041 0.897223116346995
-3.96390723556255 -1.43603015557642 -2.18690711483097 -0.94575700840801 -7.54812455855309 8.19898771892915 -0.188605249548087 -1.49721000470088 0.503013786033078 1.98339660904787 -0.896200397813733
2.69674669336315 -1.52097878222991 -3.59852437181856 -1.57456266544055 2.87133098432372 -12.5916318099328 1.16751334838505 -3.82863610314086 2.54463514498976 -0.238649789517061 0.874276087193695
-5.10689910173144 0.105361045028177 3.62183860526886 5.03912982497259 -7.39482239392137 -3.24721403202407 -0.079777967275443 -3.35070431439472 -2.36147540578959 0.738615264652011 -1.76304780763489
-0.150458172368236 -10.486414475037 -0.616124824084841 -1.39997476185526 0.18491800141251 -4.63390245203654 1.10247726628721 -0.98162003367743 4.40771547266553 -2.31776624279402 -1.06254092960457
2.33282612350067 -1.05816397907324 -2.74394307567124 0.0549516764152649 1.71083203956182 -12.0786134436791 1.71902158234696 -0.486385987356419 0.849132889150099 0.936771455281181 6.62179455152363
-2.65274114614234 -3.08896188196081 -0.355358384848263 3.01847864588212 -1.13149610883561 -2.58657493351862 -2.90793869494633 -11.3485300120673 -0.99795599035242 3.15688539631515 1.63028749329614
3.73590486762807 -9.09807850280985 3.16224034733556 5.47472880545821 3.07488288010349 0.77457685298004 0.508589588678488 -9.09710698442717 5.3636493932282 0.992051374785392 5.24460662242547
2.83152937099205 -2.15789847896207 1.82746642434173 0.79260185317813 7.04582355878362 0.105299100848276 2.38545449587241 0.64430853704757 4.87665109431679 -2.44343869462825 5.24199754512639
-0.552802726649095 4.08660665267842 -2.76074433441251 3.89769729128131 4.69317173443756 -0.957635797798638 -0.0925944730357399 -7.97411322530487 -1.32462603659684 1.53591853111887 3.99277552054755
1.33608145742884 -0.0342398760132666 -0.540009381863986 2.54164367774091 -0.0264951464143812 0.28073022643752 2.34830662332288 -6.77619792916684 3.73043487594604 -1.03747931877052 3.34311883689155
7.31553732892966 0.830434997024095 0.646987053087039 -3.58512389390892 -2.2607035250064 0.821117015787081 4.16964569995503 5.58665285541996 0.857998202625559 1.01334330160537 2.31995207411407
-2.06720626472645 -6.66281928676688 -2.78191670747552 -1.25432379094193 -3.22291598051091 3.30956347990538 -2.43687006043395 -6.72805524118199 -4.67652038958713 -0.651567218808415 -2.28299378375478
-1.90096699089377 -12.6134004723522 1.59379992015261 5.08749714912281 -1.68777750160835 -6.18844809050723 -0.229650439049528 -1.45719119910808 0.303229855430677 5.12498923734576 5.33709849101879
-9.25789863165032 -0.928203154824936 -2.92762290585936 2.54861966129131 2.71568350104865 2.04087683905766 1.80583555030795 2.33927228410617 -1.16795906633872 -3.31087546084413 1.52759802768679
-3.88312124287735 -12.7908153291132 2.82662813798928 3.71772316303135 -2.25649125310488 -3.25404977371291 3.21344586129438 -0.898649434427043 1.89169477604066 -6.8599907448128 -0.113902463103211
-0.910148558449349 0.487795297226321 -0.166695914943842 1.1264515798896 -3.84024096078956 -4.15027081281937 -0.502210883606818 1.09712987709897 -5.10948536384523 0.381199343918392 -5.02416706309677
0.663478355220835 -0.833304438397053 4.23622232736714 0.399061591005822 0.999268987313052 -7.70348883629045 -3.85972565200434 -13.8326204255517 -0.983981942238677 4.04395487989176 3.39107270876402
1.27637007030108 -2.62743061529066 0.932596152785472 6.08991168960451 0.13312858829234 -3.06348798860075 -3.2443445684747 -10.279724599112 0.914021660516871 -5.27773620184902 2.20970548994676
0.858756999080705 1.5578446730402 3.11058043701199 0.446339344110124 4.47455677224738 -4.88747196679627 4.65692921342393 -4.80370513835286 5.16277919580407 -1.73849266683709 7.71495688194491
2.87519878548943 1.01352485596253 1.76714696826385 -1.76084721954802 5.23619505950295 1.13683819172201 -0.578913563561088 -2.73041064583933 -0.837780122102094 2.91698925267037 6.76329865057852
-6.36632081352457 2.1406176504464 -1.75292306591023 2.43687981110275 1.88754075840357 -1.52818651541588 2.43320367339574 -2.82580186477214 -6.14850690306781 -1.16490282396159 -0.0576748311445399
-2.52529661030975 0.195858578077565 3.0311006272072 -0.122989852297868 -0.836127501062188 1.83759217230809 -6.83130246410094 -0.826609429094122 -1.10802529237958 2.29769250277088 -2.6197913753758
-1.96123314201627 -0.874038119215036 -5.1201707065577 2.38319585959895 0.698415998111643 -8.202770353944 -3.37860271823843 -8.29043518794932 5.05849915428178 -5.54299001560698 2.4619878200689
3.94856987799139 -3.98055196789962 0.748230930301266 1.15246229994105 8.48229387667579 0.713160609336521 6.23027181986631 2.65698992999422 3.42256643596632 -0.933781226848069 -2.93499272112115
1.46305360254663 -0.967211278383728 -0.0716159013719643 5.49592192375498 0.319571150684749 -13.3691194077243 3.87246882896555 -0.154607760706244 0.984503370363297 -0.243122894104664 -1.61141791180785
-3.09935004509362 2.56187186136743 1.54620106545726 1.08966290046134 -7.218935860121 -4.61322775280653 -7.22194739146753 -3.0421420046979 2.17968890474987 4.11627291523864 -0.563284847767739
5.32335030048275 0.201498600566494 -2.18840162648875 -1.05520545193134 2.49403549555948 -9.48918258488741 1.86745315189332 -0.598101969209391 1.94189820191603 3.26270522853368 -0.454549277862264
4.78765295376362 -10.099908102831 0.878008973529498 2.50829288097867 -3.23845943180972 -4.25009187679868 -0.219914679092679 1.34346911446467 0.268596068079209 0.77056189403151 2.52355319069436
-1.53587662371911 -14.0032572780909 -1.12396478160715 -1.97963147842964 1.03354474252064 -0.568453887270328 0.180466379322024 -1.53671416341426 4.10736467361064 -0.279969805379078 7.4307591822236
-6.96321660024541 -0.661100978914228 1.77939954378366 -0.533257092711356 -1.38944106516296 1.46248014463392 -2.48717554601838 -5.12646677062785 -4.41809828945606 6.90371351068736 -4.23935154965179
2.97420064856003 -11.0456463371961 -1.46644609792692 0.0394034506231068 -1.24196574833939 -2.40676642242629 0.433533647868881 -3.54847971006863 -0.326821701686187 -0.38110895425054 -1.67414265514505
3.95023740558947 -0.981079987950197 -0.802685942628029 3.86698614802967 0.251595104413403 -4.00466371169578 3.40603029630674 -2.10906634544581 -2.44139251967111 -0.740168311541842 -4.80209708732892
-2.44566446602762 3.5657771410378 -1.05282070875821 0.977871146107152 -1.61455553981502 -9.93835604145144 -0.543425657929749 1.51216671703622 -1.15017392150837 -0.111051037150009 4.41993311598897
-4.2828196194879 -5.85884498339863 -0.65038594555442 2.25979243094593 -0.530566606273374 -6.10104000491451 -2.50821340068426 1.49123406227814 -3.96616581082402 2.49803878968428 -3.41267232607783
0.52895283892636 -1.69966957598432 -0.767634127452566 1.80278355936592 -0.160091389209265 -3.68882624528294 2.86071199031786 -1.80737293851159 -1.90696793752798 2.33490727787037 -6.34336114241458
-0.935099473507856 -2.8769600816522 1.05072780507271 5.36905337924294 4.0661862560872 -5.08372383177313 -3.13922257417928 -9.05604089713841 3.96906788597918 0.105165555926042 0.979609155840276
-1.01947696211389 -5.54516671792901 3.80721544327657 -4.070358539005 -1.73755228160262 -1.88214225900251 2.05015322768187 -2.47611941044443 -7.28036255311634 5.32638838669805 -4.30135675192174
2.03722033962582 0.956934086807701 1.33455247784188 0.124334610508161 0.303995777416083 -4.37572337797209 -0.126565276950326 -14.0862300900303 4.34287974161598 -2.78824524359684 10.2687433419698
0.723340698521243 -4.1057346064934 -2.30409827783566 2.63629994289498 -1.21332427692233 -10.3185526715744 2.59232649205395 2.1394834816728 1.33621734003804 0.123897284059646 1.92139963838546
4.53644158167664 6.62429272424299 5.01484608854225 0.0216320139472939 -8.11003470484224 2.36905668184342 -2.82517855865584 6.66152190587877 -2.36621196510023 -1.75187707447145 -3.72731981920815
2.16727577868833 -0.416384153342901 3.67306334185771 -2.0878760005083 4.38890030901672 -12.1606341480635 0.0626224527071798 2.76859339849991 0.429500197588234 5.48361426369815 2.92262646688094
0.917844517089364 3.35976119576585 0.549297749598197 8.73744397007345 4.76428988380521 -1.538553095198 4.47122200711483 -4.41711204370318 1.52902691968394 -0.394523870568842 3.25928040879576
-1.4946776469118 -7.59131664341599 -4.17960536728696 3.6819298711616 -0.0933733659525277 -2.99158538345056 1.27719863321493 1.38267287914666 4.41329322262232 -1.91362689004133 2.95300021610774
1.13816211783528 2.70749798082966 -3.04867333376428 -0.536693296067887 1.44130532410349 -12.5541782735993 -2.81745282590276 0.421283514133564 2.93212726428041 -0.476684626335926 5.30996675753661
1.32609251297776 -8.09344559966931 -1.5018189730448 -7.80071215465224 3.31760543879929 -3.38827510404262 1.28200881664618 -5.66835976468611 4.27107888450294 -0.00412564214130756 -0.0824741298390017
-2.47876768283074 2.7023594161829 1.54250361114748 2.92938722416318 8.07039062939255 3.11208615655482 3.43997903324625 0.118782362632568 6.04151319603604 0.863584144720296 1.34562790480548
3.69212169670842 -2.48389406028057 0.0194664237769832 -5.15369313970701 -0.443966371566318 -3.23855298006502 -4.78640542499696 -10.8696059816233 2.63705695294054 2.22161993494339 4.50744828125535
4.62218108924008 5.92991808159412 -0.0243268397328972 -1.56142705275233 -2.02267872301377 1.70930327337223 2.04079321480005 4.57617732684987 1.13806939115817 5.62593548931031 6.33590373043743
-0.868195373845444 -3.47512789946129 -1.17617225622719 0.535376699082582 1.84987801078327 -12.8483561290364 -1.66215405093931 -1.81611854636285 0.363611668895075 0.474715655090241 -3.51613028810805
6.31801509132713 -6.41768568100338 0.523493458582179 -0.642533562125074 -3.0216390923305 -1.48580301751009 0.836548990211377 -0.496921493863312 3.87673179986472 4.04116392842048 4.27073754583089
4.15954112229426 2.01695917901906 -0.897367973970609 -1.62196265852222 -0.316764077590673 -3.50782729001835 3.1680754298896 2.41903575431245 5.22166011767571 2.67474028443318 -0.00722807877928355
-0.398075969249373 -8.59219617169186 0.575570061074556 3.05441689271552 -2.29220397730476 -1.41514922208919 -2.27629995380506 -5.03549070284625 4.16901039070079 2.22911680819884 0.62282172258385
4.04106804337325 3.55095151629074 -0.542509351818931 4.36525023049781 3.58876283454006 4.65757001603943 1.1234429639063 2.6621999396821 0.423658022474343 2.39601816743329 2.77918481324213
2.23955164941041 -8.65947699403546 0.990112347713254 -3.91820671838819 -0.539776329854862 -5.65418799876416 -0.506385340761165 -5.98852802948569 0.672120781141222 -3.00119323332773 2.8656042235727
2.26816624391453 3.73725965584122 0.448750795716284 0.681605058749011 -2.58403669320623 -7.47184666575846 2.41108961208164 1.47811474402061 -0.046197044001691 3.96196779933794 -0.523803877898384
-0.42342821605384 -4.40820833642869 -4.81943138970306 0.970862734164482 2.28784389523064 -10.5084885476686 -1.06999174542871 1.16270936092009 -0.862600948030103 -4.29919789761669 0.881964487708424
-1.19147702828745 -0.166961572445846 2.02432957306058 -4.26398015710358 -0.589304256407865 -2.23942739458125 0.472132912262894 -7.9035539062413 2.90902713587234 -0.707438523130469 6.54270117714679
1.28172258964874 -11.4859223618939 4.30323179835056 5.81717293914556 2.23949353737841 -7.93536769445811 0.999692080164861 -0.116506498099947 -5.53697933330345 2.30100811764166 5.97124707636791
0.941278190160861 4.12193842647563 -0.763156432501008 -3.6490727771369 1.39537873086093 -10.7487418613801 -0.551027740428332 2.92283531236881 -1.1597449676927 0.423998471683057 6.83482414627695
2.05984611434377 -6.27597614920211 -1.42602285153047 1.4535118043337 4.01952092197783 -1.29226187509275 0.407380324150913 -1.281422165178 4.0360096254152 3.96573526494039 2.14525431602099
3.32754424579682 5.32398266590359 0.997771055301899 -0.977190759596951 -1.9352970772038 0.820866732523337 -2.23534794913111 2.926094775464 2.38774630767727 -1.97784866252729 2.83305525735409
-0.25245350290375 -6.76746224184534 0.196636983291369 1.44582848914318 5.00307221689377 -10.3082017982555 0.6434652931952 0.0348234600922241 -1.75473146603918 -1.06090724733416 0.149123755087447
-0.998269207741663 5.8715962275389 -7.71628540439081 -9.05976660875807 -1.71818008501292 1.82130554284253 0.544682721872921 -1.17726166650912 -5.7685622061978 -0.0150473078086801 -5.00392853709763
0.564213771503462 2.63093392829287 -1.4067798829772 5.05940782149444 7.16142256830154 -4.35046409869249 -0.637719077757759 -10.6037788502319 1.40320098341343 3.17146385577183 -0.119137434040071
-1.22386035216532 -0.355409910118607 1.48216406382382 0.815239364671988 -1.35383171963366 3.30286385500949 -1.32533596647849 1.24488406292388 7.18341485794286 3.19710961838332 7.17911266538581
4.75780446073381 0.858266805883027 -2.28344398913302 -0.348292541521116 -1.84712488239383 6.16684219651977 -2.3861964855369 1.75763084209139 3.83157854479736 2.09404795535435 4.18784127720445
0.0689632743721033 -7.90183178775974 1.90950243114007 2.77496474376481 0.645542390018402 -2.34703865079769 0.504130139218491 1.10599380446047 1.837157426686 -1.61593097638493 1.28457332047262
2.20209480905491 -1.36998196994901 0.25812277742375 1.49072610353555 -1.22695279965131 -5.30633092489604 1.47908062220807 -8.44870585405749 2.40440851025903 -0.0138954058779374 5.46444829642938
3.86375994866657 -7.67463969396836 5.94961781504725 0.973898549780646 0.681926738159394 -4.72886312283454 -1.27986863400662 -2.54816436858585 0.952495788598453 3.24164784729098 4.69412592250128
6.17270920226738 0.953918312293125 2.62671031865445 -0.750638001083204 -4.69427237214074 4.11871411580088 3.67298607694839 0.489756159179884 -10.780168954123 1.56250866457765 1.04628028215032
-3.40106672111372 -4.9758979516283 0.354799511499317 -2.54886720303233 1.95955963660675 -1.2832798424747 1.45342804005699 -1.3445791019103 -2.15346541749331 0.931964593353603 -2.07608678640132
0.801071509406292 -4.05537137238299 3.19906840260017 0.162817774997543 5.26703536829876 -8.38881024820253 -0.999089958425346 4.94216007162657 1.17460887549671 0.71323617663943 4.01498292309226
-1.85252563901552 -4.98342019457582 1.61684391600945 -8.87670393604336 -0.912043954749582 -3.35524411355536 3.99665968399049 -9.49788886960696 -2.70821884577097 -3.9907952176119 -2.80199884325156
-0.790844905076042 -10.1500901585064 0.167787109319119 0.132087851285864 1.17993760614944 -2.95181072722954 -0.0874223294086488 -4.4289738928984 0.419556569494081 -6.66458473726185 8.30710404518302
-4.48901169885584 1.11393151866242 2.21347570997755 1.49255231917438 -2.68747599352672 -6.85949914104536 -0.0775683120726019 6.37705244952499 -0.2516696921009 2.77903850765393 3.48850165323037
1.81769127935402 2.55971166944859 0.742692459200834 -6.90327510878802 0.269872361459203 -0.602167009190794 2.51837806580652 -7.8545488039526 1.65940948865006 2.39291749272628 6.12296843722199
2.67818986613422 -16.2244595366259 3.85937790616285 1.0407979317725 -1.20635133651178 -5.12111174360573 0.0940405488828566 2.05132965687966 3.50485201771366 1.51155166969508 4.26692334178296
2.4824625567084 -9.63404399527264 -2.82900301896321 7.12988338557166 0.638334410514298 -7.58814692129844 -0.0823491595876233 -1.82443015356922 1.51716466781497 2.16237398755406 -3.58427366010639
0.138851598036054 1.63234273793031 -0.831432536056377 2.86897701767598 5.2714624386245 -0.328275691274083 0.293568430112642 2.73254493086334 4.75277661131429 -0.0186193980781832 0.5522360993522
-1.21196611252416 -2.26972743514855 -5.49917198307309 1.69259136343334 -2.30216876973905 -1.44397121965507 -2.37742908681519 -4.15240859308891 -5.3060922664042 -0.612695335453042 -4.54396812096805
-1.2346517947098 -0.694519771544363 -0.765751229591594 2.21018150421832 -0.539077437097969 -6.48980758954832 -1.07861128577619 -3.15434179065345 0.871974002260458 7.69912447588171 9.05870032153167
3.37641227610131 -7.94664664821281 2.43274749165196 -3.01877731719706 2.12588707816925 -3.6310985386985 0.132059008282966 0.258299552838135 1.69202105539728 -0.330632392979105 5.10469478221309
-0.687792722955546 -10.6307100873238 3.30113198667992 -0.425938516534947 -1.71012956266054 -7.08467279058862 3.2829115264853 0.777723495829252 -1.68346155032201 -0.0299386270493455 2.11338088854328
-2.3639929532277 -3.28645785925464 2.16339122265719 -3.19938136486455 -2.42858600986838 2.94788924801242 2.33751846129926 -0.883466837572637 -3.01986281670996 3.48590037776046 -1.08347523895021
0.589951784704584 1.87847778772613 -0.238975684204637 -1.72978224532815 0.864121060217014 -3.39975650959931 -1.12969918950693 -6.85355214528269 -0.789245044614912 6.67886720310494 4.67464215336951
-1.11533464402951 -1.12918459331517 -0.229705058747744 -5.67534577174731 -4.74380464502301 1.70480956012087 -4.89061034021783 -4.99327123433169 3.35658996092078 2.60778550990339 -3.64497351658731
0.707118849565175 4.25029713030258 0.905562424816127 -0.202892227994709 -0.558496985446792 -2.50413484663272 1.35002004507515 -10.4904829953544 0.666615861938906 -0.466176742151563 5.37274375473928
-1.19604425585149 3.18861689850086 -1.03751206725925 -4.86542242632432 -2.9451823429802 -3.30817002799899 0.143526028180282 -3.5934872255195 -0.226892000679294 6.08173316044543 -4.40330348034163
-0.921214998398919 -0.0924369378777292 -1.98201701533354 0.8779162590328 -1.39115644661577 -6.07746730238067 1.63345893921088 4.20119208803858 -0.27053437807016 4.47904198751795 3.06693906064969
-1.51769828756963 -1.13477512658699 1.9609018468919 -1.85382935687056 -0.515483163113051 -10.461341602555 -2.02654128005212 0.938955580287661 -0.048666182092968 -1.99159986619458 4.40027948793532
-0.33035705544456 -5.18860562323954 2.04901016390399 -2.05589256647321 -0.742774967860436 -8.13984948711698 -0.470698934783615 -5.46611836393986 -1.20303285028637 0.658235881423615 2.3813799952599
1.50577172782877 0.977552373079525 -1.54202376220478 -1.08264351193417 5.4672320000614 -0.811407473840188 -2.1071607063846 -8.49269836344417 0.352725081391176 -2.35384985471153 2.85003616939378
-1.11526162377201 -0.874534715374798 -0.925106713452414 0.27496039884575 2.63348476943628 -5.71377511973986 2.92147032502307 4.90337894114311 -0.0928522499359199 4.75460585142581 0.557822533115658
0.485184087154803 1.58328035378307 -0.711833839694905 1.68185046341885 4.29112287788718 -1.38789439410658 0.497823137066726 -5.74359458081858 2.44056782026 1.90891443430362 2.034387484988
1.1256641342185 5.15919386555924 1.75053581804261 -2.84737991438471 0.980457493257246 -8.46803313112187 4.3972679435058 -9.89152187326822 2.62808797690361 1.82680855575189 6.15911264145459
2.33535897901367 -2.36061014827354 -6.84636066698129 1.25148168469348 3.32311200215269 -11.4247374338881 0.484746836764108 3.72268717595259 0.532696526648428 1.70044983844005 0.294029085348158
-0.160550099608415 2.22105276148551 2.95322010373769 -1.62792161281828 1.127822076341 0.0213446037109271 -4.71765070524184 -11.0303182187896 5.68172321352909 -0.858673887794493 5.22131393069004
-0.41236075447345 -4.69230186050984 -5.01239982896641 0.106466297699119 -1.12164252927594 -7.30177470959655 2.94528107623271 -0.709541019758435 1.62458013408869 0.755238683694699 4.13174111056768
5.8279244917446 0.312566708507842 0.754934424316946 2.35190474939406 2.62189285801084 1.03076605894437 -3.10993181173922 2.71232975680083 4.62151342572286 -1.03427246308218 -0.194356872913596
-6.55137766001414 2.30148774721248 1.38977198324109 -4.66839648691188 2.15404450254162 -5.36264192196049 -0.955589882404756 -1.13259288656435 -4.95128053044794 -5.93214187866477 -5.13378193624573
4.29120471816124 -1.8999182243653 -1.30603436859401 1.99633985639228 -1.80940732653703 -0.240564527685724 -3.64985910545328 5.82592637886638 1.86985865065782 1.94241279932053 -3.36297416239391
0.203511322393942 0.500535394786781 0.38793562080861 7.66242419563038 -0.750234000660665 2.90258893237585 2.58972841263509 -0.73056473174883 5.37724384452797 2.74662286458 1.57668857228903
3.0936478302639 -1.34539589341002 -1.50057889642623 4.00209911802989 -1.35243104630586 1.83154902858346 -2.63619919287981 6.24752488946342 6.85338401360764 -3.73690292424452 -0.135844299305491
0.477128044453539 -1.89390272898474 0.36109024899614 -0.41132808751872 0.877621358693191 -12.1518073711076 -0.55145149706878 -0.299478048851765 -0.0904470497670177 2.85636389446081 -1.00332417664506
-1.26097701138147 3.03102649915278 -1.193030520284 8.67799041288673 -4.54914218088026 -2.45479703085858 -2.4238275920462 -6.40802674400261 -0.40481849357588 4.05266196894839 -0.0234527950173815
5.37082033937441 -3.67523329623918 1.91607110767578 0.543869368128691 1.15384083547489 -11.9022857850582 -3.28736790691865 -0.391090115829586 0.240413525915523 -0.966225590713872 1.42475741856868
0.147305773607536 -0.274776528764114 1.1399129235612 -0.98193059837724 2.59954796445134 -5.02637429455743 3.57505272994915 -10.4856164216313 0.434375102277789 2.47478556269443 5.01587717755739
-1.42921479063833 1.3966943968907 3.24801485494461 -4.67709158747661 -3.8576461146031 1.91907673173737 -2.36807611182977 -5.30531429318135 -5.44156023403137 0.46063817132536 -4.29597321000483
1.3545307109316 -4.03513183929097 1.40050110110079 -1.84825607121192 3.41323118042386 -3.97801486417959 3.90702122841257 -8.19021744628095 -0.782438635504848 1.57104278445809 9.14966154832049
1.52688640394442 0.882708116107336 3.13554284854642 -1.20126460918108 -4.14586960913508 0.87829400558941 -4.50953169376702 -0.933356538229175 -0.516126236231771 -1.06083600992183 -0.933309983600634
2.11142374389282 -1.76295102100347 0.105012418951103 5.1494669989394 -4.14908256585267 -11.8086962378415 -0.434373082423782 3.71959209532504 0.741680198045278 -3.85860159484287 1.4590194270905
0.158223234512088 -0.531829863905569 0.333635919694404 0.940237705771209 8.22635545871808 -3.63346443415358 0.106229155818339 -12.0078454429128 0.171835014670584 2.45313786580095 4.32414328497126
1.79507316493647 -0.416636921000844 6.63027901604713 -2.82458829206424 -0.641926885749366 -12.1696843380068 -1.32304629803529 1.02732047260208 -3.21238348910383 0.964629507368073 -1.15580001723201
1.42519276362595 -0.70526041329455 -0.0590536892558285 5.73391305757045 -0.994170581239704 2.36255217979835 -2.66656162372766 -8.16600802420693 -4.12541579809348 -0.0548520380793986 1.79096424400589
3.11702846711136 -0.810290941115873 -0.977436316316289 -0.289995486432631 -0.938418011948273 -0.705464062414484 -3.13227969457821 -13.680045249224 3.76335497893748 -1.63526250574458 10.2247049008959
0.135399316312769 2.63385688859797 -1.8969195551248 1.40494798982018 -1.33426690761806 -0.272136855428531 0.283060921380994 -9.43823520867542 0.146077297068726 0.70040092959461 1.97485494886144
5.06005697685961 -5.50963620802008 -1.51800232836018 3.1130163729366 4.30458823801973 3.25442644765206 -3.85738455391698 6.45002657591974 1.85769109086973 1.41792547879964 1.50531665043484
-0.0194472894639819 2.74279917284298 -0.461727723491356 0.82207715087356 3.99303902013482 2.39792198160089 -0.0183249424403416 4.24258764919297 -4.94251409385679 -1.55976784409091 5.54965800141112
1.2440134355259 -16.4192839054158 4.41444250403559 -2.79360384312834 3.54659177313767 -3.36388241885508 -0.615908957145256 -5.21559140008185 0.29375045770739 -1.41450245464361 1.34401038664296
-1.49228136592173 1.12925513466064 2.93086676812608 1.20787130738493 3.28544522068024 2.60889002571768 1.78838898234512 0.455384199923839 4.83077318303857 -4.39040516778959 4.43110283368605
-4.54964580431228 3.22688853203337 0.160523922636111 -0.173696791775041 -6.75340287912904 -0.90181014968389 -1.34583639828256 0.113949230802943 1.91674768485331 -2.11940433126894 -4.08187245754898
-0.449260900544836 -11.6651978105041 -1.65206524187754 2.02220706274062 0.404803816002787 -6.06404568970586 -2.10374313912511 5.4648385961356 -5.06717120694367 -1.39936092242926 5.23487608379071
-0.192334825707263 0.188992909431584 -0.601604767068536 -0.728540293645396 -3.95352549132701 -8.76606058689581 -2.85633318628071 -2.5849286253737 1.99995234561605 -1.92688191139798 -2.00430022901481
-0.471662838348544 1.46468580193377 -1.03704218773676 -6.57730660828648 4.57576939408632 -2.78985938101212 -0.175394823917093 -4.70542060213171 4.06177253643896 -0.578882016481934 3.34013820040089
-3.81774925030706 -0.795891473237739 3.81887122791196 -9.28468757916346 -1.66261206936744 1.06220684578607 -1.01738585516862 -0.946239547924087 -6.06990070267958 -0.7150374133586 -5.43514524121618
4.21476488719969 0.122678436672655 2.4497452092215 7.22271200159312 -2.25433853430887 -2.19345327479984 -0.675671320842855 -1.18272966956765 7.05030500072732 11.3401290309441 4.85967696267453
-2.41644252584876 -1.23860851171381 -1.94373640650616 4.17484254636234 -1.21067052380339 -4.31909653595828 7.15474275254102 -0.0699947662951463 -6.56317874356214 5.33358954845395 -0.479004399070559
-2.85866106298303 1.93018030345585 -0.729958745756039 -1.66190206303515 -0.939550664128212 -3.56827291762147 -0.0683567922620372 -0.89546981274755 -0.451184581221986 2.81769685846523 1.02162667095433
3.95052819325874 -3.02220818355373 -0.197459205827791 -2.99029223827812 1.62286151469841 1.52202313756719 -1.64982837780059 -1.61166738261145 -6.69177562971889 1.94474316030912 -2.78088826558528
-3.1310311524539 2.80585000698486 1.26760903187628 -0.748946756141383 4.81965147029866 7.20430335714159 -4.20329959530514 6.43699069610398 2.28750645741443 2.66245008429841 -0.273194725656428
-1.03729675696373 -3.22290091418993 2.43040353226798 -0.718199860028403 -5.52254922964321 -0.103193291168559 -0.942087066961437 0.145259326860317 5.08978686456421 0.516737185126874 3.44353426443321
0.896346838477909 1.24702423272521 -5.55606571625693 -5.40694634623697 -4.76615971174875 6.00473696075626 -0.0698968868335287 -1.6188049043782 -10.0891741003747 -2.16339155367298 0.102501988346287
6.72358005456873 -7.77457601615998 -0.378581584316299 -2.62849398286154 0.591145221436333 -2.49028965401098 -2.08092953700308 4.70468283717853 1.11320947968091 0.692136268065765 -1.19344612207763
-0.987354121398244 2.80505600449564 -2.29587262155438 -1.04465263583216 4.52245784092969 -7.22727856124967 -2.66817714426972 -10.3851561830837 -0.712032739567025 -0.951519722400064 0.934662927268136
0.492155206949456 -0.0269572356479334 -1.01935015367112 1.68748025338417 3.03111775362974 4.41839879223907 2.30726552982193 -5.18590090595536 0.219267950414566 6.96438580777059 5.127334829616
2.26145453395122 -1.74592417461588 -0.770493480072707 2.41063290432964 -4.56276607084701 0.442843705352121 2.74531664017292 6.30593452957858 5.3800279063791 2.02838106439284 8.70932436271839
-1.08787173856655 -11.4156072836989 1.64728677709178 -4.44623513845759 1.17513456667267 -5.30321879040325 -2.14798200757705 -3.88621921986468 1.10336133207593 0.901403006848077 2.75596619661634
0.602589013634657 -3.86827335225461 1.20006404327706 7.37022009987438 5.58061077709291 0.524543847479667 0.388130838663476 -10.5518036612471 1.08390679630339 3.40957924680173 0.966809620724597
1.4470641376432 6.25636122828543 1.94290288773674 3.47922804838451 1.16846799026701 -10.6938241212602 -4.27547296118664 -2.31084583851391 0.908493990511424 0.514976478724757 2.42009493410773
1.29625738975707 -0.269908024662292 -3.00551339110921 -0.219212626156008 -1.52572970267952 -1.18704366609047 -0.531816341363609 5.56686844650089 3.91965757659818 1.17377247205888 2.80027758538447
-1.62833243555301 -4.06551119924036 -0.881656519248589 0.965832255081191 -4.8463284190117 -2.73751000421887 0.728836037777368 0.320388448070157 -12.4523586890166 -2.50626741650768 -3.90425836331065
0.80202194684014 -1.295981076469 1.09191254109631 -6.75651290461763 2.95138874275396 -1.94464559074466 -1.37552124543558 -3.50034563255036 3.7124088913542 3.14812517720504 5.9841943490992
-10.7087907114903 -0.58967687458123 -3.36214103915876 2.45099039649916 -1.4956240309281 -1.30673404593357 2.61513495616517 -1.37882101795937 2.84425229363406 -0.977209108533851 -0.0440001446300169
0.509305388841429 -0.568591133361062 -0.0623374794375017 -2.54322270857034 -4.20569469577831 -7.6605652620083 -0.706389492624199 -0.637949312855745 -0.165647637489653 1.78004885955238 1.98494430699181
2.37037475566642 6.37823709102655 1.37599990407762 -2.35623909195708 1.92658094345126 -9.8075558359615 -1.61463464674038 -0.884031475253565 2.7162770649998 0.787080989096904 0.776968570963854
-0.080678218908542 -7.99550029060659 3.65775994537798 1.74217736254189 -0.537178275866456 -2.85871454467173 0.665342257438157 -4.42620650904836 -2.16907090629405 -3.64521801809616 3.75715172029456
1.51347244137054 0.54784967237671 -5.48656978647082 -1.5286590228634 1.51251646055836 -0.140766405921758 2.1113202917404 -0.256702883025243 4.07779605833386 -1.24115862366113 -0.57596220004971
-2.67855323025039 -0.81221056106731 -3.88433631002204 1.51399674597965 -0.778818122959378 3.7499376400826 -3.79583749375682 3.744074751405 4.28616586803841 0.392629413832014 3.09251882063628
-2.25033857708447 -8.69615680089908 -5.46688802646616 5.58508133561187 1.71714949220474 -2.13431540887317 1.23693067603726 -7.29424348689827 3.6900941745921 -0.383339755079671 6.1790591247432
2.53590162481007 -1.68974131337482 0.768338150542925 -1.68232351947201 4.33317804767996 -6.82665557695817 -4.01297931154182 4.17482794550733 0.75173589655026 -3.40343506562296 2.36839464645489
3.36363736130406 0.107581879846874 -0.487009188191985 0.407962240145186 -0.650700620039856 -9.33177217843655 -4.59510837655433 -4.55770718705132 1.64467466600628 -2.38114996331892 0.23999833278462
-0.065514505619823 5.24652324059761 0.258514637763581 7.63838808035173 2.81285194035915 1.49082097570795 -0.241506115221957 -4.12762061091105 5.05340521422489 -1.97666639596152 -2.14946185390805
-0.65191625046601 1.30564224439941 2.12959654924304 -4.41820945311147 -0.371850588865638 2.13153391865115 4.23987853529124 -7.6229248296059 2.92077606979443 -4.1967962466555 6.81602885175991
-1.48945054258475 -2.92206179142189 3.32889224676312 -2.24774358983968 2.86292553337254 -4.54297972154986 0.197068592038388 -10.2852154866624 -0.47922206942849 0.383098249419946 4.06563057085328
-2.55342203989073 5.46479259332651 -3.29276648249237 3.92242201315818 -1.2182396769423 1.55407596873728 2.64220891406437 2.77702232331141 2.54355916651841 4.07337551891938 5.13837071933549
0.316914405874098 0.128260263146727 0.910613066840452 2.93654020159153 0.574477700060644 -4.76061784866037 2.27101206487984 -5.08047317769048 0.444784212630287 -0.805449607034919 -3.92890824817714
6.648442086394 1.609293471906 4.9308037821782 2.41536180111262 -12.0390795062689 2.07583068293884 0.846166908178698 6.32117079668017 1.89776641328734 5.46890057947873 5.79171689675682
-1.09078100916501 3.6073684209581 0.944988100576808 11.3782823259799 3.31834467323252 -0.476876268785231 4.44722156575447 6.8830840975757 5.02510397922024 1.36131324830548 4.43365879126714
-1.83012833111221 -4.67822937747883 -1.22260174058477 4.72477723273508 1.56492798600969 -0.807011290090733 0.323768735790099 -3.76348874398657 2.3176434185648 -3.37856846455596 6.58416721973438
1.83552060549243 -3.42329161444126 0.372532280488926 6.36986712628375 4.86983070943689 -1.47681636951744 3.32514265175887 -7.78173515010061 -1.31287748856214 -1.00721599352402 4.24124669550515
3.01049562777198 -0.196615366289831 -4.40510073090285 -1.21460766073899 4.25430419308011 2.63427092794124 6.3611289012555 -6.5867044990561 1.97969227484614 -0.116108105168049 7.74484302579752
-0.438398562045443 0.32432779383459 -1.39937750481646 0.50629812172639 -0.575011072040827 -5.66407919164663 0.595217496324911 0.384988619898025 1.88646053529669 -0.620355959075326 -2.48301862969583
5.52940450458019 1.4518573892637 0.119111788110227 -0.447726614402814 -2.78785261940313 3.60991242209634 1.54074302375558 2.9915928514365 2.97201847974045 6.35100916969081 5.48393739056191
-1.01403753733234 -1.51581533064139 0.670213273735561 -1.17553997833797 5.99867568367847 1.72114175552167 1.0803342769449 4.85578385770881 7.02467240650621 -3.05447650302335 1.17811646783125
2.71548573206586 -8.32843405251087 1.9095189724064 2.72505679122703 2.86552935874621 -6.47815141491745 -1.00578226787851 -0.414963017774953 -0.763304445754284 -1.46739081793128 -1.97023676498835
1.68899968213698 3.52265765307523 5.56189776305685 1.45782289719335 0.25755780729747 6.27292524893476 1.57269486398461 3.31379800104676 -2.50079164055596 0.696724289282566 6.67518187448036
-3.41805005353108 -6.51966846746106 -1.20339354868628 -5.01114636114367 1.5816080216293 0.934004244192613 0.140143689621922 -2.66001059689125 4.6045944368575 4.00023837589667 3.56210043733975
2.29613975741499 -9.31059898732281 -3.00513705011127 -4.88686514674076 1.44710365959398 -0.51166053511464 0.0714856845381012 0.599854960166267 3.54310757413339 2.46370475663783 5.68733615556081
-0.285681208775327 -0.99004368348811 0.596874852517491 0.481179426278727 -1.81949567118602 -9.06222473048741 4.09321927314527 0.845050011385536 -1.07232227653924 0.901264933398016 0.552637552615097
0.676403834998223 -1.6918979092224 -1.33309448748758 0.0637944945717595 5.95314247368254 -1.51535270414931 1.60937082871569 -10.4400232803992 3.21489777987489 2.94607212029817 1.63854021689653
0.527424970568738 2.35730822908064 0.513632398026085 1.81834613160715 0.861879838828125 3.29343869260829 -2.24335581788576 -6.04368957970055 -0.173742253865279 -3.88080239018737 -1.26712241059779
-1.32197064608464 -3.91385653982475 -0.352416744721249 3.43257021684044 -1.56949992684502 -1.96253119284011 -3.16465890887954 -5.28202917274431 -4.99921155930812 6.56048982229215 -4.80798789102417
6.51111032041649 0.16291893093785 1.34665344281972 -4.11974023608674 5.90021107092376 0.19980980437443 1.58229000076579 3.27878557764256 6.38059796010497 -1.57030035001512 2.24157665154784
-1.88067964284953 -1.04664169196545 2.96379278682746 -6.08963756215249 -1.44717084345999 4.23107350769155 1.8044355036683 4.16515938390483 0.456478958606026 -1.30472767702314 1.72776085800188
0.843567583829271 -1.99702707504651 1.71710692230769 1.01753327080009 1.23579486337751 -3.44117230744988 1.06818598390801 -12.6947079962477 1.63299110580969 -3.59356898882638 6.93594478977063
-0.29449603835817 -0.995075140619339 2.09465217366592 2.77305618075222 3.40834628941812 -6.10198530761509 4.33589739097916 -4.43243219037663 -4.07740070342308 -0.543140052633266 2.22769923448667
1.08589345200249 -9.83929936204623 0.277112017027284 -0.619636504460509 -2.4175073384905 -1.58980671073103 -0.136827398918877 -1.92631396010894 2.00431944587134 0.219923373787107 -1.62508883738043
2.06697393892735 4.06736050821746 -2.63490778539273 -6.55079921860683 -2.63011463128671 -10.1700399734437 -3.28358117041322 0.170642060185756 0.0327161280860677 2.29402419551301 2.86935812335633
-7.58976090634038 -0.0685616485419624 3.17367806516799 -8.06786384009386 -6.15632535531835 -4.81764517499587 -0.715890444275017 1.25826800294334 -1.50102232192281 -1.98883968817927 -3.87258089310685
0.362272541671275 -8.63799847450232 -0.866865322299283 -3.71082766035417 -1.01556009663833 -3.69661405079147 -0.337751942014307 1.42967712866173 -1.05938067533153 3.8479866956288 7.92122365848661
-0.104882751079462 -13.4475662636799 0.781914614015821 3.2467573176754 1.53282820795764 -3.58716176264818 2.89773910455596 -2.88137002843652 -1.06685995106079 0.795176320116623 6.69665736768662
-0.713651319240267 0.619353148772811 0.246868908282956 -0.681168907013434 7.36390583321451 -12.8227644589492 0.832270241570252 3.19104195170563 -0.713423314190647 2.15766615713775 0.591149344901161
-1.14256237898586 -2.08624433280437 -6.02881662226902 -2.75524851694838 -2.31657401601155 -1.594445057109 -1.36673663661529 -3.91191909303898 -5.29136174104167 2.54652123880157 -4.23467266361994
-0.613981048399223 -0.610459894086842 -2.53840459949665 0.41287089850728 1.81460370657749 2.82586291645738 -2.17979341535201 0.448648465202213 0.861888396336402 1.34604920194241 -0.558202682026471
1.26318812305834 0.215443241530702 1.47948569969448 -2.9443302790509 -0.22403811884035 -6.33610374268514 3.53920724640128 3.05014812934307 1.268399792427 2.61186278828449 -1.59630260787277
-2.109972938393 -12.5442840642976 -0.297624187881056 5.35557560034531 2.36402058897348 -5.08456093249618 -0.0669393612840066 -0.390542938131114 0.624291320593735 -2.83535520654943 5.19435849012069
-2.7035343292747 0.500721708747577 0.452593654733119 -1.20729465879925 -2.01857563431758 -0.258952325445885 -7.31062689717696 -0.122021739369737 1.4274402286361 2.24433981546397 -5.27853202614759
0.810280018079986 7.65951411472489 -0.305895532385618 -0.356291084133193 3.65710985184638 -10.1663952860298 1.65528386247858 0.910513929838927 0.398521065980115 5.33992218512129 -1.57800178262186
0.262098339766232 -11.5868937156617 2.22006464883685 5.39847220912399 -1.59636473413262 -4.03430103506003 0.74965477013041 1.65587047540728 1.38246404536769 2.77042408412176 1.48406759506383
-0.229380379008423 -12.942210336966 2.94757953574369 3.98934323773844 -0.392638185724587 0.857517891173066 0.927838692630018 -0.858774258549604 -5.35070181627716 -0.475332962746089 3.0368274508839
5.44119103250281 6.69229057664462 -0.806230779145203 -1.89210567832551 4.99863800841858 2.53598931570179 -0.875279114001818 4.75256833287374 4.46346453023191 0.480932651944656 -1.41889140412008
-2.97458877282687 -14.2025410267476 0.773453592367739 0.121258012167021 -2.66156931275468 -2.86606176901707 -1.17832196166076 2.3511401765522 3.4101043795385 0.427635830118181 3.99449948890902
-0.944743107857084 -1.99378794858122 1.91681003293537 1.12384988717023 0.560112991180865 -2.80774316408712 -3.09347883950119 -5.39514849149367 -6.9236513263599 -2.11466501783715 -3.20214183530456
-0.417195898776079 -6.27674248357943 2.09967099131396 -2.34084050068474 3.67185182414358 -6.25610131083134 -1.08353652090377 -1.82454434447384 2.62610026658847 0.853253253114686 2.79289648014255
-2.6536123008354 5.03380661331508 -0.596877466064323 8.22311150596172 4.01667851783303 2.67692279811962 0.336243742515025 4.65208696298689 2.14605931794805 -0.540962387924738 1.34977112050921
1.28568813945716 -4.96771502056938 2.38086568374907 -0.929006886365319 0.0278485003293311 -15.4750246397357 -1.33660191527241 3.19129334596007 0.196033635868229 6.66899605596656 2.98814001222322
