x1 x2 x3 x4 x5 x6 x7 x8 x9 x10 x11
-0.532925981320721 1.22835313945323 7.34588310066958 1.02026946496963 1.77941470059923 7.25782181974502 -1.78735396746747 7.15479143392662 3.54423131627767 2.99579489136172 4.83884341490084
-0.67999232920249 1.22334183890586 -4.50644090762726 -14.8206395381817 3.14583160583114 2.0165013157179 -2.83360997448426 2.37370668396365 2.89967288552921 -1.8077980767675 6.7339039262743
1.24768912368347 -14.7434831198886 1.87893727114825 3.64838153375036 -1.32606142249763 1.08750664000688 -1.44233591386134 2.62643867278156 -1.36329396169944 -1.25636716652114 -1.59962912247571
0.0824202104268906 -2.62718130887788 5.58633670368176 -18.0748985286426 1.3997474713958 1.67706379244488 -6.41668995724752 5.68200207231695 -4.53812215773542 3.9292995257184 -1.91361136993808
0.192894617477693 -15.5007665258425 6.14666606651018 3.24860782936538 -1.81711974290783 2.0877269862655 -6.3160354840333 6.17179619122603 1.19940133413638 -0.197516166351044 -0.778141811974897
1.56763417880142 4.12285531063505 5.32351697797685 2.08818213529638 1.26669621848185 9.82017209405383 8.5121234406498 1.50709776501911 -1.24389914101512 7.69351290133682 9.31345427634843
1.29302933465676 -1.39921290781668 -2.39086245421877 -14.3688652472438 1.99843108950616 2.64217549241185 -5.79697327362467 1.38907502816448 1.51239555621907 -6.27336675682228 0.278948665967427
0.37122003317303 1.39238010574164 10.0311240133647 1.17363922606284 3.38136950908181 8.25255073930197 5.59583430063714 2.46619087952536 1.49602459757611 6.3851187714079 3.92417151277308
-2.34267432778023 -2.23352662406286 -7.07252544895438 -3.05696485673545 -2.83828773218725 -0.663904683777683 -1.52834604892511 -3.63331892702911 -3.35025604116422 0.921101891335263 -6.22805086428306
0.351356812531408 2.29098296996094 -5.63085206299445 -2.00151188017752 -2.36880093406006 -6.02657154705524 -2.53611664100695 -5.66678944426591 -6.09102441667868 7.87615167614869 -3.66075277120779
5.45068775385245 -1.78638618133641 -3.47353469912351 -2.31907150829421 -2.5724158556092 -4.88270403106851 -2.71643319099147 -7.11336936445373 -0.772847753434646 -6.17655712323474 -5.67319383084478
2.63678817452083 2.50589968594101 1.09012863078445 5.79633376076976 1.46580881106213 2.04209912436137 -18.3206628263885 3.88902093421565 2.49059619131927 7.8702821023535 4.00329682804292
1.35225170707452 1.87187098994906 -2.75519238979027 -3.60031891224773 -0.720225553530436 -5.8687785364741 -2.66901008405502 -2.37274900276624 -4.82319628001465 0.859734564957839 -5.19331515822944
-0.715763739292971 -2.61157933560711 2.01052934470926 2.6442552675199 -0.747651984690413 -3.47154366630889 -11.9904752665114 5.70721177593281 -1.13528496467804 11.1700849323619 -0.855879309268559
-1.36434962445527 3.11336915346788 3.45546041540674 0.981718242955809 4.30054963799648 1.06797791867681 6.53983221615712 6.79020877196133 0.208172890983465 -1.87972823853211 6.2611657506026
0.124412830335305 -5.4614445989896 7.28467427746712 -22.8324916769984 -3.83477213495886 2.81142140203751 -6.81982465785811 3.24876010702735 -1.44448578743961 5.40938341703567 3.65866628483708
2.02058619812228 1.06977652733509 3.49133556248285 0.412187739103369 -3.16221382198692 6.47355260609292 5.46916512043652 5.14430495603594 -8.77671439191661 20.3569772732121 0.661634068737566
3.59345380691026 -15.9509295665568 4.70703497253773 0.251959223468593 -1.61104064873378 3.76056345988698 -10.0799650499516 5.07534515321701 -0.569412793490833 1.18445906930176 -0.851099828650323
-0.639504021724989 -3.47267300905872 -0.0679404736342943 -14.8467628214408 -0.0198107319332085 2.86093525438722 -6.64350434680256 4.4161262156976 1.87176095605505 -3.81153473635531 0.77649138812362
1.76779686351982 2.97723730628614 2.98588413124073 -4.82012693686774 -0.104732822749132 1.12297087054262 -16.5869278731477 2.81784950153396 -0.0679071392856125 -4.6256672692661 2.11970337463435
1.80628431011486 0.403027978891025 0.20532085367192 -4.33602399111929 -0.927718589195028 -2.04083752049603 -16.771901190479 3.31707194034664 0.249181902199908 4.14282342079718 1.79347726470817
1.45495165352401 3.94296358354442 5.28764889315658 -0.221106455442095 4.80686546947368 2.32333611228122 4.34622913544963 4.53198849001063 2.2792886658215 3.87082267274837 0.894964805418728
-5.30530359064208 -16.1170636400157 -1.89011892400833 0.493822687472276 4.59671156994214 0.591026655332234 -5.86828324763124 4.13101956449674 -1.22736609102674 -10.4850417220582 2.57081020801674
-1.85113484304238 7.07891463734537 1.64577274498069 2.24538897181367 1.37706369438046 1.61773127552114 -15.7365749214259 4.1551600541606 1.89872097439388 2.21365231734977 -0.159558749944867
3.05611646998626 -15.8105744500987 1.58384955505133 1.3837826606725 -5.51095932142569 4.59986125257323 -2.25275196743737 2.17294099596187 1.70389965351075 -4.35181295035791 6.93832145258302
-0.0464634266524119 -5.5008493047932 -5.50175737197056 -1.27081450569496 -1.50337550018461 -1.21630012797469 -0.672965898990697 -1.77987398479952 -0.102571696190044 -1.49570582119968 -6.64553790734173
0.190093414029035 -14.4552021606842 0.561670041124762 -0.117416650468737 0.0186216779006824 -0.595340113689973 -2.68332055536463 2.64558762778811 0.346499592192532 -1.6504507657102 -2.45225969106106
0.346683267035117 -12.8111641642602 3.73050122543038 1.25546146770595 -6.0875912384397 1.72496255977204 -6.84406372607241 5.26297473262372 -0.692604078934497 4.46158082211996 -0.881418718492369
-1.07195661123466 -2.57768541419556 0.35926971893784 -15.8312826152289 3.22423343403694 7.07072723699344 2.55078909891227 3.72432779852212 -2.86430840139914 4.23735023767574 2.9922225483313
-0.406435122713858 1.16385386676104 3.11043622479692 6.63357002512324 4.25576278941718 0.0144162561584342 -13.536455001919 4.16357373914958 6.39343660658779 9.76266817142195 8.53592599158688
0.56217915430196 -2.457580137561 1.31518236270376 -0.138646838264257 -4.39971928531021 3.44498956824611 -16.7852963828166 3.55623452906738 -1.06640499862777 -1.05391274069279 1.34376324125885
-2.42985157491873 -6.17377979896821 -5.52645053054273 1.39438565784404 -2.16018329770685 -1.31824357828898 -1.94570025171901 -2.49718754139043 0.77892957432464 17.2185986840128 1.22376955021815
-1.38220032161065 2.28820973254443 -7.45971621456661 1.35789040295208 -3.34124574002737 -4.59379779586129 -3.76619120087739 -3.52971178199845 -1.32616742456094 0.928403032071751 -2.08941556201573
3.64973006371873 1.59432707480994 1.39049160848788 1.91657066553888 2.64292471440387 3.2902418943629 2.65506043673359 0.424806598543977 -5.29638623172579 15.9899827215811 1.33877275582717
-1.78607840687915 0.992676242366586 0.382417007258238 2.08595289072554 0.829644981833158 -1.26600054537395 -15.7914230412594 6.76773669604043 -3.91144012588544 0.746891081162017 -1.92367740263828
3.92305792318956 3.50582023354502 4.04351279345536 0.150434922571569 -0.0466613303996574 0.826050649438702 -16.287831413611 2.80083240277677 5.39807387725613 -0.259218209049474 -1.35314650209914
2.68064714538751 -2.92739707415003 -0.47827678372015 3.49347321150981 2.23319752660949 4.26297309532107 -13.7273805516896 -0.231201346121741 -1.370371457582 4.77267469458858 -3.59907024366458
1.96134014590958 -15.4693663376605 -3.03875686982827 2.03285597147247 -4.88841678072591 -0.502601055241293 -3.65012519317293 5.48872255687703 -0.327536230947379 11.2760479654641 -1.65586427605585
1.09482313858309 0.300946923202992 5.66265970529413 4.38486429034296 2.88199724285983 4.40232891352361 8.56359667189083 1.43778579110121 0.477365226420505 4.86132686904031 4.1798755809358
3.47048828371141 0.348680764605847 0.625268285642528 1.60571173891604 1.53789612021142 0.506684023849197 3.1512120371914 2.85776042129483 4.5478899130595 6.67523171060559 5.13387338005935
-1.27003905558132 -1.10976816632251 -10.3052690579283 -3.4801424502389 -3.23723604342854 -5.00537899709903 -1.96182452223337 -2.24022479671456 -7.55690270714367 15.9504754273019 -5.71851593916295
-0.352056281404473 1.46054434369772 6.59531065371654 3.20362524969787 1.36406944487212 4.5434112700296 -2.83038715340338 5.55408513722668 7.18291410232576 -2.06845958471272 1.60056376986719
0.199783927727295 -8.79968021293587 -0.569124099677708 -16.3676025565954 -3.57808235010128 -4.06009604065722 -0.786277722046987 10.8791207831987 0.561500362293397 -3.35335096300529 1.70933422998593
-0.0536026387360006 -2.31341137694954 -5.05187621349462 -1.62116938819241 -1.51807880614917 -2.5369483480657 -2.7450179739671 -2.33322621872976 0.23610981489111 1.22751879532002 -0.0861653879282014
1.57502974897792 -0.334751711971516 1.30807651843949 -10.6732039680135 3.88742248664038 2.2622846568273 -3.46889940309054 7.86835308131505 6.82074984369386 6.74825533743738 -1.77220970055801
2.1124096329561 -15.040783864884 -0.20617721873123 -0.941144678618608 1.84180714808346 3.16945114531457 -0.777261630123403 5.07702159776435 3.56382761718601 12.1643926042413 -0.26812769100816
-2.08056605308175 -4.33938734090306 4.06639110965163 -14.6657729940996 -7.25864417959017 6.60784986773858 -9.09887908807191 1.57505976795816 0.317293331247043 0.380035841940651 0.313168795942832
3.17732159525694 -2.61696090773381 -6.23912952621229 -2.91838631217765 -3.57501552741841 -2.31938126925779 -5.21128759292773 -7.69258098790124 -1.34175609341567 -8.05127356639488 -5.95499079152787
-0.449036565336435 -14.4114695351059 2.2680878558205 -1.61505439527525 4.76161440613528 6.68470356276366 -6.07121634663826 7.30695781632458 0.869793238546656 9.53360824030733 1.97156484920037
-1.40878035040709 -15.4349425174166 0.375861386917853 3.29799750527914 5.13267647221705 -0.145289815248322 -9.80448299724494 1.0323804601887 -0.160133571050541 -9.54140993249815 2.49953535394627
3.09201914252451 2.28429050429122 7.0422184314303 2.95947015057963 2.09829528616809 3.59388277490569 8.54193490316623 0.977370101762937 0.208698450296842 13.1900935319528 7.30701403253591
0.501538557646174 -3.91362400729077 -3.0483671131806 0.474485447731176 -1.84633692527589 -3.80350036711167 -3.71760541877141 -5.07970984524916 -2.04479238392065 -0.4447051316344 -3.46789552707458
3.95473873576502 -14.1750849052113 4.63142712849374 -0.200726050618646 0.578622569785156 -1.24383643685777 -1.58732831159327 1.31154418319086 0.925478058110163 5.96397283407371 4.85145981396555
0.59253976357217 0.176703971503046 4.86819634080493 1.29151011718037 -1.38799707882199 3.79270181327575 -8.12452674991501 3.69692284182578 -0.800521358044394 4.46555381863792 -0.687466121025021
1.97220127128261 1.48295563716727 0.263092827487132 -2.33027869143205 -2.10795341463196 2.01275977639578 -14.1223986512718 5.77023333155273 2.28839300957563 7.06356096210809 2.23156433425212
1.82472152789277 4.98714888636543 5.94565734736478 1.06092499924731 4.40371853394182 5.74863025036782 1.6298901120809 4.1108876848577 8.18238325042566 18.5234790165934 0.825862838896145
0.477122328130947 -3.62637336489437 -0.837461990377605 -15.1332199185782 -0.69653828234488 0.477454812490962 -2.14885069204443 2.77994021516562 -2.60861278378251 13.7028108693411 -1.06457267546021
-0.360031952747931 -4.33332380600241 0.559016828878204 -16.0261593409886 3.79668586208523 -0.193341109464104 -1.97278622790742 8.09199474369925 3.20513734517869 0.32344123215025 2.65482873410121
-1.75378468988807 -0.49254958516348 2.41007049005875 -17.2136048905568 -1.09442898899146 4.35639007953962 -6.88279400686432 2.73963179093336 -3.89672683002431 2.70167645715643 1.98612073352948
-1.51235008176036 -3.85981990780924 6.77014313691287 -16.2908644186223 -3.24709778703788 1.66383515060111 -7.08259362559503 0.700684563697278 2.61508164878472 9.01305825697458 3.06820862728356
-2.33796766864949 -0.652010875218701 3.59614100454732 1.46521559441546 0.302752836359296 0.0820050638048326 -11.7258444321906 1.16638175336059 -1.29651111389884 7.23936595049226 2.30186150960245
6.20465001225933 4.18504871777072 2.22424948235128 -0.11792103230509 -2.15299319835133 1.91025711369247 -21.2605051835879 5.80543831528311 0.0548771641236881 -4.56680129016327 1.25546349754207
-0.286174740920673 -1.24286521874462 -5.61322814469934 2.34877783445079 -2.94999137741706 -2.14433754686188 -0.339167562578668 -5.08029337015108 4.73327220833394 3.68818372975297 -7.31294846297105
0.854203586778204 3.24804058065923 4.1336072543836 2.83082797661175 2.69475186170083 7.55324293768142 -1.4027906500009 2.18256312575578 3.5687960923796 14.5204413257781 1.83790451798046
-1.82899304881217 -16.1368659522964 4.42527193415045 -1.51461782808275 1.03409276201247 3.93160684536229 -9.63287058408914 9.98567077150747 2.90441327549239 3.91534072801989 3.46044322024061
-0.210300712243783 -2.33896893655484 -2.17662138765496 -16.5884294274589 5.67535925434738 4.97719575908704 -0.0877844253988895 1.37127644441991 -1.46432574425892 9.81053569099407 3.20672648094049
-3.61487143611355 -1.95720405296153 -4.52076656878309 0.079194935144566 -2.84649369189512 -4.75222062955115 -3.8539236882799 -5.15770587907206 -1.66967986221346 0.0820837183845513 -1.74722790026046
1.0436102881573 1.04614305392481 5.8123074005625 1.29045890999074 2.98837671600904 4.56519846325003 4.46249467255422 5.34759870649068 1.55532030024552 3.23346630891029 -0.399796621644558
0.308581646711494 -0.956908859226193 -4.20579915803748 -13.5744418915961 1.47868550510382 1.61903486010187 -5.72735201189165 2.89905163629008 3.70958860432685 -5.44435717934609 -0.638491922815424
-2.6868245065748 -5.90911029308543 3.8479442358822 -17.6877830361292 -1.97688174010249 3.99577056146694 -5.17261268833787 3.81771999831057 -1.7440174189586 -14.4105018204882 -0.83051234365304
4.0908278709785 -0.162758171362637 5.447569588999 1.56332570026449 1.25653795200174 4.34766367074249 -0.118992106391639 4.35376891667698 3.36319720041222 1.28652398707235 4.93748824675437
-0.385298038863001 0.576086364730435 0.701380160498017 0.334276264128572 4.16760460988053 3.33195169126105 0.319885944938041 6.49610464227284 9.23532588361804 3.54505484901489 6.9344707331779
0.0443869154632128 -4.40943669896431 6.64604370410614 -16.1831914584232 -0.598980856014641 -2.87867510698318 -4.50846948049763 3.46097810190573 3.28816164121775 7.21337427275359 -1.4131063475063
1.78724856293155 2.73112724723524 7.14251065775327 -2.28945998610293 1.32890540863736 1.45660103683087 6.72601534370046 1.87915245114054 8.46985477885144 6.57742098211385 6.256998603543
-2.06699264009696 -3.07104591911849 -5.23583960414084 -4.19652973508281 1.28858540081165 -4.4498302808399 -1.96077886918779 -3.89544532637265 2.13613802152168 1.34047506111339 -5.06981160514418
-2.08939327827745 -1.39821109199339 -4.20772991374821 -0.503285170101481 -2.45398763782208 -3.08963614810466 -1.86335866565688 -3.98556272861497 -0.904941957248946 5.57539858570745 -3.43768364135592
1.64780271613972 -2.7570946635922 3.63324506099355 -14.7818688134689 -0.925543144912832 -0.629367309280095 -1.24513549168167 3.75559318503881 0.902688881765048 -6.3316205165665 -2.42547029700235
-2.32180107069908 0.319948237411321 2.88516447323781 3.09907370666935 -1.29290505619217 0.905242888425148 -16.4730680701451 5.34551840545332 -0.839093670855539 -11.2058556453098 4.05312914537027
1.32793372092267 -4.84306121746378 5.0015348265355 -14.7072299612245 1.04338526451729 3.16423328704004 -0.922719850290258 2.85730678690173 1.50363350652881 3.61924690813234 1.85618896606667
-5.02558542022978 -13.7289986784323 -1.73314391019556 0.655378338763883 1.82132961303253 0.203901317986986 1.95690820147389 5.02655930144454 1.45510059704514 3.65004639369641 0.991888783901729
0.515962766124128 -3.44858769173009 8.57472620089674 -19.0116480176063 1.72982423114743 0.371165613608598 -8.41491378986027 4.54659994591906 5.46939390580105 6.40039422812 0.134134662081466
-0.717793268980457 -14.1355678926024 0.306045256415037 -1.57014774945704 1.97276801610163 2.03942634742334 -8.96017234810839 7.00205995462789 -1.64272275943146 3.9730581235386 3.06303554126888
1.2201102016167 -17.1652934597845 3.6055937550469 -0.28031773142546 -1.53879034864671 1.53157743246049 -4.99985252298922 5.44148184025634 2.10645207666283 1.66502088157748 -5.72760040908393
-1.16845113095081 1.75338406158599 3.2115731198634 3.87002167449243 2.14257329441045 7.16069225061836 7.5954172104588 3.74278151362015 4.26672727766166 -5.40017181892289 8.09693897784896
-0.407129680410373 -5.01645157972487 3.05829419012758 -15.3570126172064 1.22362496199059 4.83815904108148 -12.1642315889571 3.90949027794559 0.311941249994554 -0.842295986688787 -0.495075377040627
1.13689161785834 -2.58969269991251 3.33373413897872 -2.43732811379763 -0.908869343498251 -2.20310412300632 -14.170855327243 4.11986469105463 0.337781558543955 4.63259101084194 1.43546349288921
1.49051314848649 0.791339313335993 4.79540351819981 1.72713899002159 0.54128269518151 4.91944781693688 2.1048728319063 4.25403579498629 2.65220534600415 -5.80217483163919 -1.29530310012714
-4.68853659694876 -1.42154472379353 -4.30173187632152 -4.41175677298975 -0.792718682247711 -2.32060459108366 -0.505888860709523 -4.97544324371037 -0.2802421369904 4.40081892584744 -3.58704199001987
-1.17732380023366 -1.02653410831795 1.15656547348095 -0.109463480503827 2.18830788963351 4.5609550207773 0.737294489552181 9.99952734784047 3.75919305455945 -3.85144819331792 5.00620460757298
2.94540192382293 1.81854676902394 -2.12868703575808 -0.273115136300218 -1.66937385168464 -5.84132919290291 -2.58278539799752 -3.90449580073115 -2.0190871804875 -5.62644162060634 -2.0116554108896
3.04073580534103 -1.79390756254487 5.6769218051225 -3.22388050415662 1.18840330502699 3.30761134241747 3.908298103576 5.578085385577 5.43968658571489 -2.59220471284288 6.10647142573668
-0.216248205571154 -17.0684726455994 2.39340437245073 3.33658999295641 2.33344771853477 2.1352765502637 -2.30914020493881 4.03625579588223 -0.247357871236801 0.778253604074509 3.04876230559197
1.16151727119137 -4.3287079816955 0.713857948438225 -16.5622024995522 2.7400044983879 1.30722572056694 -3.23866222059491 4.60261557022165 -0.265285013134007 3.41600188112458 1.19015092698717
-5.9643232772668 -1.13541931923284 1.62729278324213 -1.60106712538118 -2.44873966270053 3.85369415833578 -16.7641483422262 2.63519961065996 2.93626373110872 11.2934274517587 -3.58173848369242
2.67729452470624 0.673573622760499 1.03779258294024 -16.9246104315059 0.52242736876558 -0.986032612534978 -7.48326652984409 0.308609205753229 0.9425994992155 2.75966920498662 -0.379629301103225
-1.06425885668274 -15.6346120951789 2.23790004794923 -2.75878338388119 1.22873406003386 -1.16812136189589 -2.17797880037829 6.05233618251735 2.04119311111749 0.0350395708684088 -3.3648255867568
-0.610285428493507 1.57452483227061 -0.337805644084245 -11.9150858431216 1.34511585778898 0.925608736046508 -1.55124309772218 1.16109226288842 2.42762978645379 1.12223924137312 0.399245934077353
4.35058250008562 3.92707751973636 1.17880272219733 4.86445847712888 1.67518256108896 2.0851978753498 0.402956395502393 0.908862351461084 1.01332039263932 3.12796602482527 0.358120613641736
-0.967491468199099 0.466771271213336 -3.26775111915206 -0.30209083298833 -1.50337873725582 -1.67341014830445 -2.84635020342254 -5.48332338407661 -3.23983208662942 -0.10169566707637 -2.28671370278918
-0.0425766884954782 -3.2970100272635 2.30706547827526 -13.2645538285242 -3.28705005213567 -1.11275074331861 -6.71008917263904 2.84017819632652 0.698708274911949 4.4470731212405 -0.334670937910821
2.60018881690083 2.71056363073639 1.92122339726454 2.86371662604108 5.19061047919125 4.6507601652582 1.98055713939216 1.06818761801685 8.80205787646916 4.62328409627622 1.22441102043974
-2.49316526851633 0.476221066360521 3.53656608941966 -1.2475306052578 2.73054531539432 6.73659090080015 -0.282029663905133 3.92596789144138 5.65523812947081 2.74574482421566 1.54497405462636
2.47679438974658 4.05954815647181 7.74257734289027 1.41555990716607 1.27727235648117 4.07683197464639 1.75931884743218 1.27258011326071 0.783909130888296 -3.43558635573815 3.67568071401732
1.49048341810266 -0.47349078027812 1.91026734598897 1.37500919828207 5.18129594350108 -4.33794402220351 -16.5083074830085 8.1862311840785 1.6449201677707 7.35185353076116 -3.59927274023197
-5.28875018896409 -2.32015620176219 -3.64086844110488 0.0542345537753948 -3.63611778471086 -4.07153920728783 -2.07062608205085 -5.05961660963111 -6.86868922680052 -2.24448115022121 -3.88643268959919
0.709552041667557 -2.7680715481711 -1.29151794890042 -10.6008847658747 2.56730737238174 4.34431710866937 -4.75901513124052 5.19664915420351 -2.81978631850346 12.0206360546881 5.63644629302199
-0.0447064536103593 3.48911766776551 -2.66139558763128 -4.61203710109815 1.56497774959777 -4.35524839989254 -1.36477551903002 -4.28805809275611 0.788404263309607 2.74222186709255 -5.04433899628242
-0.425472093585645 -4.94283594033126 -1.38986214957506 -3.29225563853073 -3.47766934299359 -0.0017720048619474 -12.5402282913077 6.87959987573802 -0.447074548212383 5.99997829410259 1.3611573000513
-1.61294717708008 -2.86732156385251 0.130005629744277 -14.6594084126887 -2.23666019898495 1.24487067182063 -8.17876511510222 2.3212237470817 -3.32159526339314 4.9158396991139 -2.09763672366168
0.572106451972261 4.14989926003272 4.24461497113868 0.56237152280471 0.0652627571672815 0.320701126730141 -0.00138693206017404 3.94459348270227 1.36705262108049 3.12696483976864 6.87316663573892
0.504259323978058 -6.88918951033371 4.54426370258622 -16.4048411302166 3.26543570361655 -1.3854659105546 -7.29827778683452 9.03311206230127 0.17999761971701 -5.41655759964556 1.22028454015549
-1.01794331457821 -2.20121649250972 4.64910113751159 -17.9011489639601 -2.60505571847627 -3.18778105591497 -6.82606748158528 7.44097592735948 1.11350368844962 -0.248891456242446 -0.082878622083701
0.343561061817695 -8.78961825026533 1.8220006529275 -18.9427006859598 1.13858138231112 -1.13503374102375 -4.49390941645406 4.4068167284727 4.69127781731382 11.1163530522479 1.97871350206631
-1.45079382654454 -17.346835406375 -0.637473229195325 -1.01291675280884 7.27324479679139 0.912680658734478 0.0792144724467327 6.41302807229629 -0.6819361232001 0.131412638555172 -0.386192974154864
1.89142504639191 -17.8744775623746 3.9194790070504 -0.172715692188733 1.13274947558698 5.25955933027454 -3.37450635480941 4.59476575108078 -3.29687606189991 7.68683149761087 5.19243144845759
4.10844675900678 1.28559558554693 4.29466135605329 0.346693958181785 1.90454234089976 5.48941413786358 0.519161039714482 2.13865048234182 0.192786043005986 2.96292375023028 11.7915097592178
0.977467879234961 -17.5974973063025 4.55838035292165 -1.41305356774398 -5.30521570287666 -1.98417835200616 -1.70374856612748 0.938893203128045 -1.69088286487268 -3.72013247078216 -0.941399905379443
0.691992967695132 -2.7450453071912 -5.25955691991315 -2.74071619503637 1.40768505349614 -4.56852874648429 -2.51344533869804 -6.96004628024931 4.43104628224925 10.7928102886347 -7.16071939734305
2.3288960067382 1.56838131760076 -2.16010957006671 -1.38590268054449 1.53964893423432 -5.19843624860818 -1.91433434194959 -2.04483795301234 -3.80648726450329 -10.8457675375631 -4.92403779693914
1.73845542376664 -18.3989495767473 0.336706443190966 2.94570595697326 5.41480489816577 2.67509338495534 -8.62092562163818 8.00511309519286 -1.10154164364284 1.24658371158139 9.19385570315435
1.29494691087645 2.66716879317918 7.73041219923926 3.57267074903959 -0.827879069192251 4.51036647452229 6.27073832597407 5.06494004092594 0.724877512267558 0.780750701247065 3.48610665086607
2.24870036836751 -4.14149680925314 -0.476574186972803 -4.07005744811383 2.32271234375002 2.83107278607868 -18.2701794214166 9.72619765070471 2.97455058404632 -8.70510695112039 -0.609490242596381
-1.26999217232768 -7.44480374315198 -3.2341187509919 -16.7413505433792 -3.3501717752202 4.96085883315758 -0.93972252558487 5.38152214145188 -1.36565623807733 5.02644488735891 4.62390748236156
-2.00603036840858 -1.10207802588065 2.95033202121631 6.72236190584985 -4.64479824576597 1.73785106970812 -14.7861449966282 3.26322201176499 1.82374034185422 -4.17715875688339 1.31668563483491
2.50723730557292 -12.6572364105622 -0.300301077450364 0.109089417029997 -1.30459779874112 3.14389432844897 -7.05966608892094 6.66150562974918 0.679047193466717 4.00061991724869 1.11429781902223
0.0312904196987006 1.66153705375049 4.57518339947233 0.611745152835057 5.67410903729915 3.98862953295055 4.38564353929155 5.09756193620014 4.18181459308443 8.35706320237424 2.56558398063811
-0.508143973906215 -4.4117051316562 1.88609285788966 -15.8051691305455 1.14027251564293 -4.00357520101252 -3.4067492692826 2.02596854560395 3.83137424450763 7.2749894849158 2.74561589933326
-0.478311530808281 -17.6999080323659 5.54144703436029 -1.75093295662753 1.49682088511719 -0.559905318150462 -5.79823413954229 2.40924576909756 2.52956316042342 -0.9117854289568 0.39292335748209
-2.02340480322508 -16.4989651514746 1.3425731239004 1.1009125586779 3.53097621183643 -0.05624147874175 -10.0927941217192 2.96795511858957 -2.09320480846495 2.84868558551798 -0.13672942365002
1.90633410507696 3.4778788710672 1.01714931700183 -0.138820677944847 2.07011850682182 -4.1103555047153 -15.7105109634049 3.07881441147368 0.441786958185896 -4.81850351982418 5.87599493316988
-6.22505236372952 -1.02997903436184 -8.19403989002581 -1.060924123043 -6.18826251898742 -1.7935491948202 -5.37492140162541 -8.47056182677293 -5.77168132593125 13.0978562246463 -3.85636540165425
-0.971512137204561 0.167959484041943 -4.62821143412636 -0.0788688436972775 -1.48592871464727 -6.22886767898147 -3.67750619096809 -4.65506541240312 -2.87415104683777 -0.351535881842952 -4.01355973688247
0.269843907496536 -14.0099425292249 -2.11799701118217 -0.607689022027487 4.48102143763332 1.27311235285784 0.539918602374091 3.0071427601654 0.822718241988618 -2.43749857708477 -2.74180093335911
-5.20839780434626 2.19616120355778 -2.70472682025568 -0.444708715543025 -1.30810626938504 -5.41621828016312 -3.90554069830898 -3.45169528003613 -0.34956297111903 0.147941876641522 -4.51905898098552
-1.16245852645247 -0.333381596194594 -7.96159429736592 -2.96464040028848 -3.14462004971633 -3.84644259267845 -5.68805117836337 -9.62705314112727 -5.41045161633603 13.2959416030453 -2.84492733725976
-1.71664391978115 -2.12571110375882 -2.95843533565672 3.51149776862186 -0.751896400520333 -3.90735878803605 -2.34743214968335 -4.06594129702298 -1.69631914946955 10.042351833438 -2.06374450925242
-0.638881279921853 -3.87510997385727 -3.58990317290773 -1.87585120397201 -3.46985954250802 -3.39585004922849 -1.69561603702085 -2.06937471885829 -2.82380716642068 7.00354071424873 -1.75879495361399
0.0849288363318972 -5.48348443912924 -6.62799082079693 0.799655614043558 1.02937405226148 -5.91905009296748 -2.18372262398899 -7.54462729037206 -0.472262915026116 12.8421892180861 -2.44564696163858
4.5629801042611 0.277557606410373 -7.81672790997298 -0.86648633832045 -4.8895983465831 -6.5614699596523 -2.18645213031701 -3.4047044607572 -5.00225016198132 2.09997012432447 -5.00172938382435
2.49236989422148 0.403751834096425 1.31745353911833 -3.45933783304219 -2.6432759827175 2.33286903937489 -18.9182487234027 4.86118815785017 2.39749704761057 -0.376228137371132 2.11864581711468
1.14398889030348 4.51618012714362 1.63253057831552 -2.36851024924859 2.87581076590424 7.64827846432541 -15.1614481144703 -0.313502505007766 1.16234379641391 4.47708620088645 2.28690538664475
0.91808474587481 4.68508354698708 0.915507469339253 -1.90531483834892 3.18731593522431 0.0160990378775083 -17.3343798175365 8.75390681493671 0.26097156804517 3.34778483010287 -1.00906882749663
-1.001062233661 -0.191251146983942 -5.31986217461645 -3.2394299538631 -3.01118371257237 -2.78181948725344 -5.151720411615 -5.58508263899302 -3.47991131603279 -7.17489754435452 -4.43448190876933
-0.308132981656335 -21.4219367501275 -0.656878267843884 -3.69490694238861 -2.39240177517664 -1.11366209466055 -5.59803134586453 4.30912290175168 2.32873512765769 -2.64502492553409 4.29061653617267
1.07264538805853 1.24479787337275 1.36021376152924 0.320039581226826 -1.45317898644998 4.31371625136163 -18.7544955626434 1.49117131642625 1.23787269358321 7.5610436647717 -0.676583249381688
1.61759643535424 -2.03450334305849 3.4802913515464 -14.0400574430719 -0.726727297923375 -0.516249991277448 -7.31252930911455 1.86658019752248 -1.75460570510697 10.3818202084195 2.24324102618047
-0.787443065793086 -5.8872859571409 2.68094768337674 -16.4726479113605 3.27611816561828 1.34172957059697 -6.30807048012464 10.1162298895381 -1.98388303306623 -7.56344543218325 4.17879322596761
0.6206638103163 -16.8745314087996 2.10969993515927 -0.0690732701435216 3.68760201078991 7.35822021980941 -2.77768406844501 4.81844824882478 2.02818446361529 2.57806942757699 1.95640423965382
-0.0506608355716827 -15.1163556399509 -0.854743294604873 -2.70922596828499 3.54134160158637 -0.188233259516231 -5.29365774849786 4.18951215896149 2.83282514593948 0.0839559879430025 1.84960097551926
-0.391926619273815 -4.37828003121936 -5.82242033472036 -1.37875852743173 -3.38895271185015 -6.03707605593333 -2.39985776689626 -5.75138010148957 -1.42616255713596 1.16735274261277 -0.349679335242879
1.10707092112933 -16.7580523760998 0.905863394821819 -1.97167697076551 3.29263023413185 1.6705284917936 -7.46498463739434 3.5865250721653 2.02862506013329 -1.16468310014191 3.94904602516719
2.36282808316596 -2.16984159814505 -1.84094759880761 2.30322022155368 -0.187507098598193 -3.8060505263628 -2.85542166243864 -6.00149928899874 -1.0239255789431 -0.917981477569524 -8.12371155508816
-0.169873519733271 2.40264011766571 -1.15335537075201 -13.671805178417 3.35522027272293 -1.69399648494864 -1.81781222794943 5.44677411383924 2.25093817342621 9.80062899763834 1.22039865793051
-1.61664318043947 3.92630926617742 5.44880479756954 0.626018030906903 2.34546334860712 6.80211930989143 0.903892299976292 5.47137911946392 4.02405300055753 -0.65098339044633 4.24009060874592
-1.29836339618174 -5.79822981918591 3.51014318840429 -18.0210085273569 -3.04926882446476 0.83538699066289 -6.45638685813946 4.97310675231051 -1.39603826910493 2.37128331516623 3.65472861783632
5.21752204317202 -17.4273887222637 6.66841494316264 -1.60920169490552 -2.02596373086591 5.20809597752448 -6.05222452552283 4.84677632592127 2.58139945039948 6.86639787961079 -2.03634727110614
-0.0971916605287948 -1.69364259126292 -4.24825789627548 0.8540097688837 -2.18072455437096 -4.04228079482319 -0.388880714161029 -1.63327547213975 -0.632652843031125 -0.568908512514118 -7.73085615231148
2.66720052341932 -15.4930970526619 -1.16140238073777 1.75191107077564 -1.88589374686395 -0.110468643074582 2.27914796880107 1.36673647206807 1.76884789511998 1.47226234778288 -0.907230704549834
-2.17369384963448 -14.1389730770416 -0.304624381571815 1.4814622236591 -0.791501952872802 4.72757818125496 -9.2252886852972 8.16356941650094 2.27090992790274 14.9197660021176 6.66621908091559
-5.04432004141153 -4.11647712292133 -1.94351161004185 -4.27453710885554 -5.98404688392282 -3.19271761468977 -5.3197861615174 -2.2689111341255 -3.66773417226082 -0.762719208402908 -4.81149313973462
-0.880903946218068 1.04098980067863 5.37371575037484 1.54398560071327 -1.78849012619896 3.10266207409213 5.22710407745847 2.36065540162425 1.57536304655027 2.3713106154533 3.69384251505115
0.10665295193142 0.871268540664157 8.25845109019872 0.00109486230784994 2.68478812850762 5.30478347735149 -0.946103544384303 8.34929063427963 6.72093275802824 4.492127354191 11.8643825382893
-0.432586781715695 -13.0370579932338 2.17629434847981 2.17050249342586 -3.57698710599781 -0.621963530873123 1.73245000167447 3.08195402142457 1.19349953457458 4.99600439526651 1.2542593646403
-4.8505796291873 -0.182621969676506 -6.99171595567269 -2.75812865946117 -6.36307338419069 -3.36110419115418 -1.12872120621633 -2.93696376640138 -7.47200596154019 6.49560759081469 -2.99005382307521
1.3350132924223 -18.3431984272565 2.25075067019502 1.59574130803875 0.682675097407054 2.7141905741453 -2.62609634681388 0.921128200598395 0.189061368919087 -1.37238039247674 4.11242235881426
-1.82637537307297 -2.59319697440269 3.10055639081825 -15.0241666424336 1.68874418591912 5.22127553343375 -2.29538655969011 6.78860079003467 -0.266977491772167 4.77860793075273 4.97270310265696
4.95897180182743 -3.62803551608468 -7.8545676535957 0.692181680559227 -0.233501881545094 -3.86960862139325 -3.01878274686211 -9.23620256348397 0.593506984807521 1.00187812297575 -1.89881988522781
2.47982128113002 1.70860801393872 2.0258304875071 -1.54654828375726 2.74010048835033 1.85590347930009 -16.4439133452409 5.38691598347749 0.081314978070966 -9.47109034985111 -1.60997852420359
-1.0440181594517 -3.45115226503568 2.60362396529641 -16.3810164694387 -0.82609683234973 5.36647913931468 -5.09669272801305 4.5448959440483 0.297788375821851 -4.49342697257297 6.7957894266382
1.37752433411271 -17.3164962487359 -5.88615411928077 0.633553202507752 3.75267587004628 1.0400719490045 -12.2023646781091 4.02424422530309 0.219448444411328 5.61845199437216 4.64854128994594
0.0617094464137276 -2.55875965007092 5.23512865154775 -14.902305849757 2.00082717979747 5.44072387045468 -3.77444192627144 3.55893852663644 0.724053694955917 -7.27038327260705 1.94459500252216
2.85442459088648 -1.77537431218499 5.90262543496904 1.06976504233177 1.8133794414199 7.97928917623824 0.215836302009154 5.43334330736589 0.983626456345208 0.905429615924724 -0.477084295648005
-0.891730516407878 -9.06040957951043 6.35044018306298 -15.6966019687814 -1.08859451299673 -0.286113497811596 -9.85841318423298 4.17293868502055 0.299095060401227 10.1000476550967 -0.98716448856468
0.604202377024059 2.44329581301277 4.6647203834823 3.6447870440487 1.4746203316727 3.25977236054802 0.382149742850278 6.86449551759079 4.36755483735789 5.66872787285732 1.81350094065105
-0.607710947250732 -4.45564217423266 4.74131519624439 -16.3783122949449 2.53943511750476 5.53041859042723 -8.01670383621715 10.0989293516501 -2.17676966952261 4.05863791690697 2.62704545258318
1.31502034606202 -5.56093695269141 2.48061158489446 -15.9532336487498 -4.14362798442447 -2.33033472910305 -3.01302542206074 1.46730291870783 -0.0465791518694182 -0.871615046325257 1.25307415910589
0.940709388443502 1.05334719579212 6.39526745940925 0.511909171102587 0.952778984487858 7.38925364584232 0.561867660278474 4.74108509815794 1.62968002563153 -0.397511580934235 2.83529651108671
0.968925097741177 -4.844384562394 2.93715154523382 -13.9931410547528 -0.335042352020103 1.4442017788954 -5.09457094341871 1.97805456738173 -2.04736691965879 6.10081786437697 4.76815060611567
-3.24627386283869 -14.5568935479517 5.26772019195229 1.89176782268793 1.26698971623 4.73657668101165 -6.72377578272337 4.65787814519302 1.04594467298144 4.14447245613951 -0.108711209614928
0.150182035578298 -1.93233524033293 -2.00113474191049 -18.3785455102593 1.38555980871578 1.94215844278523 -5.53330790756415 5.6035127492137 -0.663873294751635 7.27977405832012 3.54527545994961
0.596401492353762 3.09645773436116 1.74897166982247 -0.472237769898595 2.44833033764557 1.94718860021894 -3.36780712269526 5.39189428091316 6.30579188350165 3.96767735820049 4.32868355753542
1.5179729366988 -4.55906914788809 -6.75265313238908 -0.946917262071068 -0.693237400016904 -3.68154102801767 -2.6795941726119 -5.60550093168981 0.120767101525749 10.3879701789443 -3.45880789081035
-0.481075867883072 -1.44937833104619 6.35023474569273 0.232775418947704 2.9290433615546 4.65317610652432 6.24693366889776 3.5836888963997 4.92928882426059 3.7366764079995 6.30775675475677
2.75904969640509 3.58599910819626 4.95360181790129 1.67366902757508 0.263769127560674 2.29713491204989 2.47843305307327 5.62930999451795 -3.20514895063778 7.57381780679764 1.66321134373636
0.560513419173647 0.326352036916796 3.11057863771335 -17.0895933865424 -0.271164537555812 -2.80817549611937 -3.96468424510594 2.99496084546826 0.392327544115216 10.9433763608682 1.546003689854
3.70004338211605 0.600110324315973 3.36385065636067 0.234946047251905 -4.03649656248607 0.601779322578308 -15.5755431898832 4.14351584954102 0.84288261184483 -6.52990075614864 -2.4177160286172
0.716207995286799 0.607203195243859 -1.40419891341622 -1.07789007501362 2.44311921857168 -0.634028161892187 -12.6772475620761 7.95174701215946 -0.0621897247861143 2.36255016326402 0.789908491044575
-0.344300479596973 -13.8831025352973 5.41158930798161 -1.52735454440016 -0.29964235057386 1.76692989866772 -4.7029135403272 4.2689646335449 1.03828605174829 16.9306034144467 -3.38092411417712
-3.53431148708984 1.67939482433304 0.475475856420676 -0.518682398564041 -0.710578434732361 -1.03455214068564 -16.2004100329889 6.13873081159607 -0.313316203424574 -0.996194695796456 -0.226179432358738
-0.778961866506211 2.35067600809251 4.77501608616579 1.13340424758153 -0.736237196511674 0.204336837508233 -16.4925711805889 1.49368433091345 -0.0611496611786966 -2.00417961044758 -0.545857719519875
-1.57235009256572 2.63470686672991 2.72066897071416 1.12373737181329 1.62308211587972 -2.82933439874854 -18.4770611027998 3.63050384149019 -0.729059540209306 3.46381199512762 1.33735191929102
-1.80162944480578 -1.79992566737694 -4.51617835223174 -3.27038160932057 -0.56679310644239 -1.88442047910269 -4.09802937366814 -4.17145790821134 -3.40615701745195 1.83898984518553 -6.92049316457214
1.06564497930037 -16.5530439281384 -1.12174832028193 2.8256518910476 0.288968244652687 3.15833811004664 -1.1462412766339 2.47980798237281 -0.78260220634973 12.1984438343476 1.69748625669328
-1.86711950954692 2.69178742196699 -0.851498803348421 -1.26047137414885 -0.0528533921813179 -6.24034628697626 -1.75249164839586 -4.20742926651859 -4.27847973591316 1.07289566898355 -1.56201549860553
-1.94256717922506 -3.76793424043377 1.96995469664544 1.83165147102258 3.76855556721649 6.26587210437348 -15.1829766178616 3.47940530577835 -0.135737755314409 9.74909311396625 -3.37225017199413
1.88034465792049 -15.514008204911 1.19386087474781 0.410978036980796 1.86227876982387 4.05268984305988 -0.0265786731968047 1.880064569642 0.579867749062259 6.33863015005659 -2.77845210387378
0.195693419696684 -3.26099189892156 1.99464877923253 -15.554554101353 2.42419722088929 3.49182109441644 -4.12339060587695 3.20189414720127 -1.22375230126166 -0.475302264482988 3.28033605371982
-2.53901072490207 -17.5412546725786 3.30095672916035 -5.4137139208887 5.5979823658799 5.804655065654 0.582382912075746 2.03120439090188 -2.43753693490681 7.72413863355122 -0.314340482487389
-1.76960727894666 1.10483579226325 1.0594022122174 1.3563507663528 3.60907208585168 -0.611911034579059 -16.0578154019845 5.6725965445958 0.332601241298131 -1.78349904577122 -2.67053099252906
2.77396010888835 -7.4415530701107 -5.5634724076908 -0.74808619150344 -1.67095628518745 -2.41919639730583 -2.56034836482507 -3.69827291473366 -7.2999934801508 -3.35913541147235 -7.85477210302507
-0.457672754957216 1.09656695684533 2.65446024092611 -1.75093769510331 0.0194213135581222 1.73300768013451 -19.0437772380821 7.94625114082858 1.25739172100863 -8.68816892803568 3.79068271437558
1.27596818237694 -4.21694267040584 -1.06787324743151 -15.1548930105883 3.4037155910357 -2.02209564022549 -0.724111942171491 10.4652204211965 -2.40339849126632 0.910420105080108 1.26150368845722
-1.57532377064156 -0.327143504047972 -5.04002914989662 -2.60910533453831 -1.96501339327247 -6.60042912682237 -2.99645815892051 -1.57278664635092 -9.5973603581308 8.34602739822364 0.230914963257769
4.00307807738792 -11.6767185093592 -2.17054752817402 0.137434580141689 3.2461675013341 1.14661512107512 -4.55496179259322 4.01737392536181 1.53186925615403 8.36514247633863 -1.21493504460169
1.99317918757431 2.14514327003982 6.42447253575609 1.41822372027166 -0.0232884753297879 4.43508997318213 -2.01231153188275 5.53693771080428 0.219494762224634 2.61957107495979 10.1900422156241
-4.72275094885207 -3.23933768562762 -6.90709761259447 2.11173333214726 -0.485862858520283 -3.7474607441888 -2.76027400387603 -7.11390452763821 -2.97861082899091 12.6764265867541 -4.9749527293124
2.04983696734905 -3.51753077775578 1.29150215905522 -2.97567078816435 0.886450261088524 -4.42033045059276 -16.6198064110975 4.54279775087193 -0.460465773219167 10.3525490193775 3.38856537561492
-0.510157466581325 -3.84575998314749 0.414945714067904 6.3886251629173 -0.497612197265341 2.07426576554673 -19.6625267169242 4.01565230271642 2.51792136253512 -7.16758767210179 3.30235681901565
1.24943339795947 0.777623215884544 2.51061983241801 1.82420338587557 3.00132432891681 1.09093586795651 5.34083354814187 7.49181910379474 6.35132911536661 4.9400086260566 3.19197990144691
-0.325061219937543 -4.78732263436578 0.369789851039598 -4.1785158138912 0.202637568455681 -2.33970778696947 -13.478076461798 4.56353195797686 0.64123320496757 11.5549827354964 0.247468350268626
0.663834362258389 -17.8701928749 3.89193058379793 1.53587075806207 0.957127619522257 1.58019620984641 -8.80624774345724 5.02481080836177 0.888227717066683 -4.49428410076216 1.31749096885016
2.0714224357666 -19.6827675660884 -1.31531346831763 -2.36831169996232 6.2758335791488 2.02569298487297 -2.66830849529704 4.48603249477804 0.645607589439513 1.62925476049146 6.31943641212538
0.929044814767149 0.279339148568855 1.3290823709617 -1.69511541571066 0.524220710253954 -3.47645077086104 -16.9438758567909 10.4768716389335 -1.04112455570481 -6.21479349114534 0.824330339352441
3.69514571800145 -21.3924327556287 4.52624393125733 2.34875149094478 -8.10784242687509 2.37556418912598 -7.39936334306174 2.28450046435328 4.30655056365722 1.44460557559086 1.6542753410986
0.86705055149007 2.79724455159403 11.5820501770566 0.191002381556889 2.20227919289997 0.28041329801762 0.548467216275179 10.1783431403676 5.05354293842991 5.39546862782474 10.1334527980142
2.51075295619255 0.696315504439879 1.20852054020173 -1.88824123820494 -0.0985882426335787 -5.06050069578252 -16.9770043286191 1.97331564215151 2.27136122305165 7.1440290883428 1.70628706079177
-0.890961865562941 4.28424385971237 0.325217949209281 2.14673393651472 -0.267983593138106 3.03035124115132 3.39526729392557 2.97127440486919 -2.54919591851293 6.56659056397222 4.52992098776079
-1.3971473611065 1.74337305575757 -9.16671245899414 1.09274656728007 -3.83484427915232 -3.86001944760289 -4.07062653319832 -7.76505902388464 0.400611791488311 -0.517829977792684 -2.24681391798414
-1.59666019639249 2.58565604235988 3.44417331085076 0.171365422928566 2.65522624472688 2.15180335456366 -17.4602489186608 7.08722843248511 1.24755529777897 -5.54319872445993 -1.13952737334637
0.824344091729187 -1.85088939295501 -0.705380650896144 -16.7598116135576 5.63565770828503 -5.79767262400176 -7.7140319421001 5.22062710357919 4.71882744918636 13.4431871247103 1.0777776700591
2.73912916402372 -13.4209504507061 5.04945950724844 -1.39057326063978 3.84325317045205 3.60561784776986 -2.24744753618978 5.26276935972521 1.29840916073609 -1.05102635635347 -4.12760103006234
0.163218499241171 4.76866618526745 8.79662096688314 1.23205723017922 0.461845683037524 7.08721346941511 6.16621160640374 6.64124104920119 1.78085063716206 9.29848530435977 -0.0195244757752344
0.622128575234705 5.09282676004514 5.00540549103072 1.34323148926016 1.17583309890159 3.24978581715497 2.01627655610132 6.81664605104973 2.11401105787019 7.59550564453038 2.83794235459788
0.997471879297689 2.82307746196053 4.70042126142463 1.47274828377039 2.04968305304496 6.39511958260274 3.32895805718677 2.97396749594353 1.54107152587037 -4.29144218097663 1.28189435238637
-0.473117348054951 0.700784913444518 6.37174441323431 -0.366843929037719 -0.723268070102459 8.78716734183962 5.76191914496961 5.65540516154474 6.18740938662821 -0.253530721332116 3.04243470444631
-3.62982590617658 6.85162568944982 -6.06755378560323 -1.28400172052726 -3.56339335000978 -7.21505270197525 -1.42988679197589 -7.02505622597883 -3.144746115765 2.30771048800644 -4.64481936599247
1.23629411217544 -2.18385141860206 6.19522195585021 4.28022353559209 0.275762936676404 7.98180423522664 2.92413992872569 3.73403168907233 1.16771240339653 -2.70652400447307 0.29164177715487
-1.09004513871446 -5.73696093786421 -6.26985818029012 -0.162707920610999 2.8181913492789 -4.80413085469935 -4.36226378287797 -4.98344839936185 0.424537407896466 -10.2464483170519 -5.46017353828979
4.56322975576809 -1.8967452017277 -1.60425066778576 -0.339909277692744 1.74190957334583 -3.95316554307112 -4.17499895972261 -3.25848638161995 -1.09709803374369 1.42427015707733 -1.94726317463078
-1.0654769548166 0.277741894900655 0.577161330283596 2.0928049753146 3.85637039353183 3.90277566238697 -18.6212372254454 7.90249639397024 1.30806820326314 1.70088154067027 -3.48351088037171
0.531112905910369 2.68891889864132 3.33509879152163 -1.34710165882349 -2.57318408564147 -1.59130295779078 -15.5687176727378 5.28959387207182 1.51342529660734 3.77221621260549 5.04214442822284
0.157118296357525 -1.69793008481599 1.34463947762371 1.90240734081648 -4.31613842665234 -1.07151388458629 -16.1896655103771 2.81891055973712 0.3299964180838 -1.53244620983992 4.04480774379728
2.62677092103645 1.97582891262561 1.64360035655345 -2.76193259437602 2.19664786371328 4.80693569358886 -19.4197131440353 5.00924288468213 -0.881118054720065 5.30001642810027 -3.96475070629503
-1.85580784616384 -13.3891354051438 1.06736979728202 -0.745635888675682 -1.67345658173986 4.92455811729042 -1.26204568040426 8.21428105159062 3.02289409436179 10.7621612899691 2.98733116339129
3.52784800070543 -2.51801982785763 0.511802080546881 -0.382875554816967 -0.7122640192935 -0.132800120119368 -16.3883935822638 4.91655601502066 3.71802872407055 1.41239418081223 2.8671461260343
1.88618382857103 -3.06889053810513 -6.09145976757887 -10.461806580879 4.76620093874866 6.37335896426739 -4.52355095019501 9.21102163707006 4.24395504563806 7.02905789978928 5.36742677654491
1.68953209336044 -16.782016961169 8.15637489352302 -0.438820966654474 3.54613091588276 -0.0238145193453534 -7.82237032729283 9.04571887595001 -0.519603474103455 6.82580502852995 0.374413542296301
-0.520270186749155 3.03456829071849 3.30304762165522 4.51273512643655 -4.88646922916953 -2.02686948238224 -16.5078118995099 4.48618343428622 2.08158809438075 3.18834000562567 2.33263414570269
-1.06194844720751 2.48807387303508 1.89186293382469 -1.73342513014067 -3.67326095015585 6.62691005598704 -14.8954198416899 3.10579825109489 1.28271760069347 4.67729700217189 -0.305719394588108
3.62977306495323 -19.5087380455613 1.63520470871166 0.966521975194705 7.53917985327772 0.181255232399079 -4.83374625538211 5.82730639434434 0.130109997264934 2.36995749135443 -0.49040639850533
4.58301208092715 -4.45249036079479 -8.66255784805651 2.67234702911969 -1.64053531596058 -0.407136229350595 -3.69175727964246 -2.9285370103602 -6.9191304629654 2.82005888603708 -7.15084073058525
-1.2812399727856 4.55747678404414 8.35250390646156 2.25305619138126 2.94221567955508 2.14151227505497 3.12090585200343 1.37154677508714 1.26683498845112 10.3875782334647 0.125481308708601
0.274422520711157 0.10009243307392 -0.744927631621922 -0.33321775130891 2.49071787735482 -0.50651831749506 -14.2098485409167 2.78726818845468 2.08688935420679 6.43463678038638 2.31032770977556
-3.47252232166081 -1.36709955549877 -2.29337136416781 2.00114345200751 0.573862481530333 -4.86391134412061 -2.61153449890105 -3.72609033223611 -0.564260171779327 -3.36945308448728 -3.39924599310689
-1.07001866366261 -5.93044023509742 -3.45691115401989 -2.08458185423255 -2.91735136100877 -3.00031166592707 -1.96815323312213 -1.96088083381361 -3.00444879792064 1.92976652733503 -6.62306118600937
2.06321093502246 2.70504144830989 1.98690078557585 3.35041558051937 4.10157675104201 6.75451782477205 6.47069612243387 5.35207910530099 -0.831233716591369 9.59037462423388 4.57065279187925
-0.610167416965837 -0.585452229932166 2.2837551652958 -15.1745321043956 -2.74911178883638 1.24432437555391 -2.51198107783859 3.72769024895161 -1.97057998491744 7.50422973050976 0.72364652629617
0.788880489775999 0.163982083017202 0.4059927023134 4.79041339613062 0.260487036240774 1.70069708124148 -14.4462315069967 2.83803994431816 -0.0982674422949655 5.43198219753969 2.51897551736214
-0.278476427719322 0.0578095648170529 2.82091267648448 2.5076721486019 3.34771667818398 8.08746889374799 5.70475652306277 6.5204808080632 4.16159290091876 -3.84247969399363 -2.3214171974492
-4.16120044333025 -18.3822530451131 5.58081363151383 0.242725329057687 1.49016720171344 1.269863523551 -5.14823842601861 4.61661101423823 3.00866216101241 3.58210309707254 0.730809992513571
