x1 x2 x3 x4 x5 x6 x7 x8 x9 x10 x11
-3.70184453664659 2.63853674546059 -0.591938556731341 1.72480311491706 6.56504296214641 2.41622529031459 -0.312314955155379 -0.60323933265075 5.83055268845372 2.10133990605565 -15.3932450851502
0.706866803742855 3.60544803284188 0.461099833883311 -7.9297067906993 3.13685609452999 0.318073657802108 1.040579976012 2.19996470291411 -0.196690195865445 5.44954145318778 -1.49944652212362
-7.52004323857404 -2.07934424477891 -2.20789929330516 -3.24200876856583 -1.56982829003299 0.159581585987908 -2.69607761373179 -5.01715507424697 6.32150361335644 -8.16697176681876 -1.72800362489783
-5.86983891277242 -11.6861983014998 3.00560978515155 2.44188801782884 -4.89862658988198 -2.3146539101318 -8.16133998600178 1.20543165831894 4.54210930434042 -4.23995967198725 -3.56708469424811
-2.22682141771837 2.55941214260611 -0.659382491113767 -0.379027240418439 5.22335478829251 -1.00200755763093 5.10178329874528 1.67457095537132 8.14575960921804 3.17018982213567 0.919670266713853
-0.000660420824523777 5.6974269650505 3.76781520396894 2.74619730782622 7.10426270034835 4.77656082355081 1.82018554949009 -1.20537639693834 6.73210825657469 5.7383807072915 -0.652041992078094
1.11177968573293 3.73198834289613 2.03819747941809 5.70515669688147 3.92031455250383 3.24874029612992 4.49915305942816 4.22506634781216 4.82173239698119 6.40297979750447 0.778710298613106
0.667672734439487 2.34768171205411 1.83907511733649 1.66438335270132 2.87693745505743 3.68895128968008 3.30622578479362 0.665361437600425 -1.94167644730442 3.52242735887592 1.94103073237886
-2.29171240077561 2.02188018297198 -8.39344482926921 -3.00385055070156 -5.09068607697785 -0.460568087484622 -2.60707567523811 -4.36309907193053 9.26728149140721 -4.90620657341139 -2.97754179093768
0.721732999365281 -0.670084019438807 1.1367085501025 1.29244953148907 4.64613874067632 3.77400256108207 1.63451022172351 -1.81579979445995 5.10223825289033 0.398363585797913 -18.7241695725114
-13.2836867629409 4.72636757513302 0.443817717769576 0.945033727984387 4.5399652637231 -0.237891734764478 6.21805476153055 -2.46216462619159 3.4553671200709 0.246237709090279 -6.00108678844378
4.2755637903781 -1.22209563608746 -0.544535672399959 -3.96393141241275 3.48045987629588 1.18415748192077 -0.128382434611719 2.5059645738941 1.46217957492349 -3.75257267455831 -12.5896294780133
-0.270426076950034 0.942879974829985 -5.92475112303527 0.807470879542692 -7.36962355598073 -2.4380069600896 -2.54592801389399 -1.05013174180184 7.82523574381068 -6.67409824528466 -4.56313926426446
-14.3381370856163 4.12028671407283 -0.815101423382435 0.699128289997259 4.11205326751081 0.305366914562149 1.33633604077695 -4.35087375141774 2.8605904941935 2.02594454646601 -2.64220025262862
2.24814441739341 0.971839710544256 1.93112774278191 2.03087520868978 4.26337870371917 -5.15460999390788 0.476846284186266 0.762374366326652 1.72690115896748 0.310162673775601 -17.297611179123
-0.785328422776442 2.20059538568634 -3.2920723456365 -0.167924664320529 3.54447566715554 -2.46983872179533 3.64205994801568 3.0937038890478 3.69038758430177 10.0266072073384 -3.31857735214451
1.27802573704678 3.31952379994532 5.93127859244509 -1.40434318943521 6.31335101091246 1.95928763277652 -1.77327108929524 1.73334399664286 5.30881857788648 5.71326493994068 -1.21006751734512
-0.415131783161386 4.53612463709305 -0.581445880483425 3.34261673979966 4.7437015607706 -4.32337729241043 0.318937447068152 1.97788644904914 4.11321279928715 2.35684024858302 -14.9135028608761
2.94430167015573 1.80266180836181 1.09253777374266 -3.95637575280571 4.14550544292166 -2.32246784544501 5.6430309616471 -22.2643604706265 7.28134786460073 0.886551807143238 -4.07932081898534
0.517706561011342 6.61025899278768 5.16180466424954 -0.454215882629136 4.25571130448266 2.83918917718351 6.02465607630283 0.602764979812457 4.77588589080699 4.59110248035586 5.84147937033292
1.78731161935481 4.34277520141577 -1.57761034516768 0.733688019671232 2.49322891692702 1.79251903481345 -0.25409234621452 -11.1968706862506 1.71352104144794 3.82687387876657 -5.83522217560584
3.54454286054221 -1.15358011705534 -0.654105397330472 1.46876959757488 6.43353887119641 -5.35037115525952 2.42167596540519 -1.25139757909122 0.428867548539684 0.888131783951695 -18.0745369401974
5.91425716522914 4.78809805520039 3.52736162949876 4.09354573354023 3.52654784182289 0.920634838318475 5.03740535197569 1.68526026595159 3.89331957795075 2.04114001228722 2.41118698590085
-0.326297362028231 -0.240982761493402 -0.2608195852317 -0.769298605228209 1.46824132525661 4.25144859764688 1.45119839189928 3.61866613446051 4.94857229640414 5.18442467613024 -15.702126713684
-18.0258077199593 4.10068454044057 -3.14713130283175 -0.572557925289117 0.809567470027721 -0.516358794671164 2.37211806879755 -2.45029845018629 3.30977531301841 3.24090285841015 -5.52449216440784
0.91472829749312 -11.3759520345075 -7.48819483799392 0.378949066625474 -8.97513267120774 1.21985108713441 -2.4554480402312 0.565635245552443 3.61819865934553 -7.33502237293912 -4.61369945667977
-18.3263099295738 -0.503658420244556 1.31902494669021 1.36118558491878 5.07047710519883 0.139930697768151 2.75987120337608 -8.68511329552592 0.298165786848931 -0.889636926964793 -4.67655304991945
3.28758929127708 2.67603431699715 -0.838826152132123 4.06540277497098 1.75558559920533 1.12860961581106 9.95177034100579 -0.661904266453953 7.32894858081465 10.1043006482003 1.02504199644908
-1.17641975476877 3.48270563473482 2.72057049847685 -0.623791129644856 7.3811184785624 3.86928422194778 1.48521818770605 2.44345461007787 3.81973643998889 3.18014520756927 -16.6072818005424
-3.94692375475788 -3.81227657493476 -0.611860742408238 3.65284324321784 -6.15953655536215 -4.14834839619393 -2.45917350101759 -2.10556893054056 5.48101108415426 -5.83071577760252 -1.36795864201168
1.90291192445829 2.88575578772141 -3.24049736524531 5.65723225393366 7.57993983309587 -0.371460922032716 6.64135457771029 -0.0231525778790189 4.97041624828007 7.29960238169233 -0.440364461787305
-15.4671685145994 0.564061155581201 -1.16189285745252 2.04257720623439 4.66196536266403 -0.939523949945649 -0.461204429375256 -1.73943608085433 2.79897717966298 -0.0779569875264019 -5.86371070019249
-15.8787835883146 1.51766610758202 -0.742568188527452 -1.20101905501011 7.04854784237434 0.154975301617636 -1.18076090800763 -2.89433936463415 4.56165257592663 0.340179491618655 -7.24647546217477
4.4668556573675 -6.08448808896005 2.72804922952194 -0.840130080185936 0.0796495440162062 3.6765063158064 -10.5450054776261 -0.859822203764811 6.68452296644474 -10.7167761908838 1.28631657471155
3.76126227254257 3.7376890304591 1.38323198016871 -0.296018158482424 2.45190317479251 -0.216120936637206 0.267733815634061 2.08120342470103 6.99288551921478 6.85054156942075 0.519759462399024
-0.880393067891377 -1.67029456598621 0.764590802566114 -2.0484620650534 -2.30952678916439 1.13061077924814 -3.15345059200342 -5.13913676177652 5.89221880118869 -2.81935589590772 -0.101001845091418
2.31685089088143 3.65388829716511 -1.19924401643261 6.5143784907336 1.5648446823505 -0.0423249874414511 1.6318267451137 -8.35524692681203 1.39308556333891 -2.48630001972323 -3.8865780725644
3.26227016821589 -2.01602633995312 -4.20363615472441 -1.96146996973811 -6.92975150717086 -8.29527715603074 -0.320715723317313 2.14396156794042 6.68278004181104 -9.42004018525717 -0.296296090373576
1.42453517115981 -4.80708577957922 3.59339561121308 -5.34173080949807 -2.96299418510185 0.358307661135895 -5.9409118068147 -1.7797322757671 1.54860554900746 -7.51536523143288 -3.03580505485382
-10.9014477854887 0.813326882190337 -0.146551107270585 1.64122228606869 5.11875908999192 -1.12049325606047 4.61064427673 -4.05806504341627 1.46101102269275 1.48809734423371 -3.56220730851092
-17.1370614631526 0.578515780120814 0.691593742794682 1.49473337319924 2.30668688700199 0.153651619118552 5.41608938584354 0.56301446448008 8.87684422941968 1.7871671481852 -6.91118707541579
-1.32585957698271 3.6691470510338 2.43055553741773 -1.85270031487162 0.617957597531181 0.481012587643797 7.33147379717688 1.73764659610649 9.6500945417481 5.59885152808751 -0.339827939439485
1.81641761476512 3.47980762523546 2.32544138338369 1.93560048400042 3.00277848034396 1.23096461493267 5.20427215412905 3.67821516868938 4.67778343765246 8.30842941591414 3.16978024365935
5.12693872324378 1.90993605520837 -1.48877636805664 -2.92719036915029 5.44258636234871 2.61572310110011 -0.309740568631987 -1.16889142908407 8.45656365952897 0.764408613914535 -23.5887861005998
0.144711408647042 0.220348768970342 -0.258205654772348 -2.23498293357767 2.99778417265113 -3.84028964828102 0.443924795913883 -17.3204173040709 4.13795857385662 3.78374837493502 -3.09794496890422
-13.2157162538047 0.310064428212278 4.09232486339016 2.75154751641694 5.122955708262 2.09620555054283 0.314748848788545 -6.2412561409199 5.79476372859544 -0.654130646409084 -3.42448831814348
-0.54366034806801 -0.52219359683761 -2.64872170704351 1.90056242187619 7.19626929957575 0.449490478184054 4.15826786750005 -15.0789742628323 8.40765403816821 -0.282848663039195 -4.83530339097052
-0.0496523928607231 -0.317215103855686 -7.14605920597725 0.905122805587017 -9.65227305874848 -0.464594433560274 -4.72072283841612 0.18923973247813 3.95905955987947 -4.30886374670818 -2.98357691938699
0.764519537727161 2.27046746926504 -6.38475436032938 -4.13221469377759 8.35186297643561 -2.06109492732058 4.16464432258517 -14.422454405159 3.47004184332677 3.10972974985002 -4.30054231796873
1.46914090798398 0.644406714224038 -5.72489231750021 -0.837374328303344 2.12386006175897 -6.27296560553912 8.24807085724908 3.92360750819088 -0.471546329634787 6.51404586009441 1.72897232907299
1.25469763300858 0.217048547518082 -0.848921963571092 2.07025595346038 4.00200283608022 -2.29072397431786 3.02079490361633 -2.4984235024818 2.57645248684364 -4.98420998682407 -17.4175127460572
-3.10460134769565 -1.16153383166048 -6.18684128782109 -3.7920124546371 -1.6858413743606 2.58039344606195 -3.73780689820268 -1.64015599412297 4.15207331596421 -6.30985448133667 -0.402162553406246
1.0693460886199 1.64456216400629 2.24372279915529 0.487199043271913 5.97663896303288 4.84516599552522 5.31592514558879 0.321672908252522 3.34643513955519 4.08115243824651 0.910772024453357
-0.204945257792631 -0.776454728995873 1.84315350188744 -0.884962413498693 -3.07264933733841 -4.42274011552941 -3.00051460822234 -0.832070870480057 3.88638824080978 -8.0227033059327 -0.639143234348168
0.120058319010126 0.122202984847254 -8.47989914057711 1.22363046401084 -19.9547999935761 -0.878430461899209 -3.79451062884982 -8.87617257098345 8.56209025264658 -3.34246895536284 -2.69624752064368
0.198529649250494 2.74217224193626 4.49318075629831 2.56896884296559 2.62802581935493 -3.56784799266263 7.06111321932262 2.1137004946245 9.70727716037976 6.54402070390945 2.67397835420019
0.122292014978662 1.19494817167117 -1.95339313091809 -0.971971623034522 8.1474799217921 1.27976714332275 0.0193514057362063 1.77900663361372 3.62903305391687 1.59862507179756 -19.0110941458224
2.71848556548568 2.86246608080448 -2.05149291751141 1.80163646223374 3.4906149359638 2.15154363928528 1.496479808236 3.94788199583607 4.30593823701717 5.38559286842393 0.283838742931184
-0.932434465322407 2.92155010512353 -3.43450569214893 2.41478657007637 -10.8934856541397 -5.89188906205043 -9.78495889610186 -3.4182548539655 2.70294481403104 -7.71814490930597 -3.51053839296079
-3.33300303898306 -3.08856611903055 1.42882479566632 -1.7817712072602 -3.03628348770746 0.564686963239753 -9.36796103232463 0.66306561095482 2.20539551156176 -7.67982824512644 -1.4911432674797
1.44259559495857 4.57992411704765 -3.53416346096138 7.74197629237287 2.44572824973413 0.806666250254558 5.4037533623999 4.47715529177918 2.195795352863 8.81410753599742 3.05122195729121
-15.4120847276342 0.0836243686764188 -2.66054309780064 -0.573069614393704 4.03679876578905 2.94524202359496 -2.77920628325175 -4.22312411973161 0.659145496513451 3.81197654043379 -5.29823886452789
1.47987087453293 0.272008682173981 2.00205427834669 -2.2304395819229 4.05573295920366 -1.51176276804847 -0.245475215156953 -14.5017542269649 0.310434376652514 3.68679858881675 -4.77674142315592
2.13500995008082 1.71790688560868 0.451398168269944 0.902393519840698 7.24358527445902 -2.81641803559363 -0.879238077096664 -13.568185940195 4.73555291174997 0.232057002550677 -3.77677371232148
-3.36838727350062 -4.77619067455983 3.07528958755375 -0.356278017642644 -5.54479456609226 -5.15431884774542 -3.29486921836299 0.809075237927317 4.41706584715488 -12.4585590869182 -3.66412094844195
-17.2822802392459 1.47152111714203 2.17455537513894 -2.20605631319962 6.19189058112471 -1.65207566293161 2.23137552780432 -1.01385431463676 2.97148432770339 3.22139397461626 -6.33505268025971
5.14228055361511 -0.306606295109168 1.14989608942376 2.14765830620712 -1.45624084847201 1.15473455694763 0.864007738199665 0.604156564831779 5.82649068681892 3.21031825453204 -16.1750258123881
-14.4249055614133 2.49346329504673 1.90358337509164 -0.872875516942945 6.86426505772709 2.03819068901484 0.281265171546593 -1.93017685187756 7.16503091451232 0.24143782076912 -5.55369997185282
3.61175614045856 2.68045173733121 -1.63483335204937 -1.71770325153312 2.63723483565 -0.60355692629696 0.347461441356913 -13.5261007994718 -1.01736823744752 3.81605977329035 -7.06270074927368
-0.344524916341685 2.20200091292295 -3.6444804224174 -0.71204201985312 5.20881419503345 0.13785817832623 0.0387556158999161 -14.1682887347301 0.68765023774174 -0.929884124616165 -8.24724919837966
0.944322517663887 2.44930234086345 0.183939411612947 3.41276376849694 4.47311148305648 5.16180501286338 4.97178319154229 4.11246808220665 1.36851473440332 9.5568871855372 0.22575801337298
1.4256625589126 0.776252288522498 2.13962939278947 0.103553603806981 0.0895863264024901 3.50223054142361 1.18335128741466 1.57512065544349 3.39073093289264 0.628914479553533 -18.5743969995329
-2.23210427816564 -1.56670278571749 -2.12125660247729 5.1055695806314 5.77672838207766 -1.12897569908823 5.53534512875502 -14.9764933077483 0.853369990692888 6.97689896763879 -5.18094766624262
-16.8532036158475 4.03795473850385 -2.07592903671822 -0.840240171296168 6.55033454890928 0.632330843543798 -1.61764393603166 -4.05991917023181 6.66360375846956 1.56416304385238 -9.47019803203937
-15.5065537052246 4.86462507977684 5.68960361127719 -1.24306620080928 1.59404216463161 -1.79281661109873 1.70715518192699 -2.74759776925894 6.71853827722504 2.02953980697442 -4.55309370477852
0.640100790825403 -3.48098515008739 -5.92303389182791 -0.126845346907266 -10.8918120741013 1.07069456554509 -1.78171540525025 -1.33475527448567 0.403166262146808 -0.460177318423802 -2.83673516746031
1.93657455193266 0.0859520382515798 2.10250263948501 3.23574623338802 4.35380264974381 -1.40333899179616 0.0248572880686544 2.18117337000565 -2.31406103236845 1.05651268053355 -17.6763937728985
-1.18935266207136 1.15181685919668 -1.69735080278123 -5.24114086038189 -0.618930078363155 -6.73866817729133 -1.28587723781804 0.745705083319225 2.98165901814958 1.60191554250881 -13.2053473189917
1.02013907186708 0.91377845159229 -0.199242832176731 0.352010042826925 1.59769767600457 0.94143017188966 2.6249064085168 -1.19598270297031 8.68485962219035 2.43176748604239 -15.4779624650781
1.34825159057746 0.554194972457549 1.23592791155791 2.7711750222736 6.7551712522633 -2.20234974598596 1.09563413075269 -0.420794780859649 5.97338349850525 0.680571638056985 -14.6250654496894
-0.643045034046066 1.51654774924318 3.95211940670114 0.20125991828618 2.41156321013208 3.67817126292527 1.48251908797772 3.29882129472343 1.00292286451718 4.14703812537754 -23.7586670556489
-17.4104082174759 4.24644217637633 2.97864674661903 -2.14578150573195 2.60975659294447 0.574621882982001 5.40455433346882 -5.70565499880241 -4.51320968773842 1.48130112945096 -0.890428586121008
3.18850396730085 1.64301203819229 -0.54799827796639 -0.435232558771916 5.74864680579802 2.06075624050474 4.41418717842747 1.13889367696038 3.57754454142825 4.82315925662268 5.81937957668294
-6.09086816317375 -6.63372198358918 2.09593143213209 -4.77691053661755 -5.58768964297213 -11.8157877352784 -0.378050487376298 -5.87398889098831 5.44844305932613 -9.35628622008437 -4.51864334966704
-2.1687506939792 -5.4755248340962 -2.66912113470983 3.92406111990428 -4.47396180669666 -1.25903933634539 -1.30196575134147 -0.820098843690866 4.5353629719998 -11.3096554698603 -2.20368880834656
2.06707145189172 -0.646268551033892 6.60138024609427 -2.27905275518452 1.5563535700882 1.90085964783929 1.25393595000808 -0.881577962330668 2.44554000558255 1.36331368807613 -23.3890001249543
-16.0100941486341 0.970732310402446 -1.94432657666931 -0.0236124804855541 5.83287748639417 -1.79953551466263 -1.38659946379457 -4.81579092873061 1.9830535794075 0.903412576624874 -0.326127245243136
-2.53792077743388 1.41117692463695 1.02250949454522 5.12421620212573 2.31642838058604 2.10124820688317 -1.95746224265108 -14.0470605856633 -2.0606968269207 -2.916347807136 -3.93818851669628
0.542123998647179 4.53847298086794 2.24567279359419 -2.65469647241121 -1.18893452353829 2.61294839800455 7.20920840385145 2.8645843846763 7.55996603512477 6.54570665558888 -1.20884376807013
-2.32036143166051 0.718249265218609 2.45830949993293 -1.81013016144618 5.66618031827569 -2.21700422858213 2.5780712309074 -15.7209947163166 8.14772620921145 2.28777230766756 -4.67754898268046
2.10987128001635 5.63421807577612 3.89468058485271 -5.10284061667441 3.62844746814563 0.845233609622923 2.64779783940115 1.53256904637677 -1.35044823758508 0.769116164998712 0.35897457291406
-17.3290204345173 9.90887333824457 0.466510342068326 -1.10257180162059 4.6277638004664 0.83002238855294 1.97075826820512 -4.8133903782609 -1.1735542016057 3.1886486696157 -2.12596959808064
-0.265410979660656 4.58080778667859 0.544929581226341 -3.48207013073604 3.06441370148681 2.38658354209355 5.92954127310346 1.5723898854117 1.56861738213533 3.44556913804342 3.03987639809551
5.29297762266857 1.78498733853245 -1.74612742147592 -5.52254768223918 5.60603933102035 -2.49200977055161 1.38008788553838 -3.28178019878318 8.24734345132787 1.21437741699122 -19.6508796433392
-14.9531815165059 1.86444069224729 -2.66960413509888 0.425778661879954 4.37956134461313 -1.51242225285874 3.88260541209384 -4.66098683440488 6.61362192003404 3.98499749118139 -6.0431961431836
0.607420885367884 -0.252830083933691 -0.200516352148245 -2.87832149668625 5.72551411701937 0.000579828464731036 -0.130328581651552 -12.8652110287972 5.36104674188535 0.242882118528572 -6.51922371909406
-2.97202944276788 -0.938198569410078 0.705323059414446 -2.35599796243164 4.87931909793075 -6.85238115507313 0.332981808997475 -1.65116407661122 3.62016333229917 2.73784218257118 -15.781907999666
-12.7551595411804 -3.91978187838619 -0.607739303783879 2.47648799860393 0.409807430373098 -2.37311130556646 -3.38559813725269 -2.33175246266005 4.6880788762543 2.27057165127954 -5.68846259646759
1.66672072060707 3.70084818995378 2.88258341690919 -1.24424864336551 0.732351753291878 3.49246566250928 0.863809186384198 -16.7527756442512 2.02685779861679 0.091886736948924 -2.59793073909131
2.00325452289688 1.58418456666256 -3.03974908245831 -0.653726153462539 6.34256108693463 0.413289533427659 1.96142171411326 -15.6847463079443 -0.593419103197166 0.932378405579385 -2.17368602476876
4.55205243550014 2.32141523960793 -3.45166763187635 0.356111122768517 3.31541779153447 -5.22292505482405 0.620342023136283 0.533198181250405 3.43501750047158 -0.377205083113065 -13.1486092586495
0.392536554490546 1.43320058457859 2.05975516813419 -2.57772300334183 6.99385592754545 2.84849381236816 4.17941513131951 6.92111359681575 -3.62392342210746 -0.806163385498211 0.732939905767679
3.88175585155949 4.31734163754253 -0.413530790847338 6.54445043091501 6.02796073228173 1.52670401946982 4.66494701799494 2.77401902473814 7.62889334878639 7.75890656313101 0.664084759568309
-2.80897238923896 -2.11247625397249 -3.60563522156164 0.746257953488108 -5.98710608313156 2.45122349959003 -1.74805971000941 -4.33153871738148 6.90551698449534 1.57534922411897 -3.17387738157758
1.5912242082761 2.00502338687632 4.54402770496291 2.92749859543296 2.3663641151798 3.14033963421008 0.764861155311542 -16.2003760801059 0.703940734640399 -0.359937353318574 -2.16330691999398
-1.54609601766545 2.66581998673719 0.818180841784823 0.109326573793342 8.09161347050314 1.56490603232176 8.02253027301648 1.83811169615459 3.5345403749834 2.12650263341411 2.2678532371219
2.40420258569542 -0.031297773563598 -0.432808613900358 2.75931690617871 0.0427024803298415 4.1235070479737 0.950967697935399 -0.136086813454019 2.96146227470791 -1.53852592996816 -16.3082280291265
-1.41453697361719 -0.356480687463561 1.36260543793617 3.80035234296013 3.44002730197815 -0.0452541100273484 -1.77058241910501 -14.5880673598986 9.22847493790299 0.708430522966051 -3.61357163115441
-1.21538390120244 -0.943030533048599 -1.12081510551617 -3.50228941650326 0.645065830466466 0.810187976122757 -0.504802519950128 1.01525388430182 -1.75921666879362 1.9475830454712 -16.7734962713816
-5.33185117085632 -3.08134616233631 -4.41497038875192 0.847534821171143 -3.92110021628022 9.45043923964313 2.06776096323437 -5.01354067444635 2.9669626121989 -1.01067416078739 -3.10620358335334
1.75197286866183 1.66828068046554 3.39030635756289 -3.31438240269142 -5.17027211951823 -2.92388921431251 -3.95752182295594 -4.14469991291814 -1.08147219344908 -8.00100201888649 -3.63164046203889
-1.05085319612341 -13.2931253247709 -5.69237507460194 -0.394196785511087 -2.28538483952388 -5.70865784092993 -8.39367059081938 -0.928373832176305 0.609133782356269 -1.480977792539 -0.809623455596373
-0.868440516809028 -2.60467052685843 2.34659494443265 -4.24504525854467 -0.770826468527565 -3.03538927218967 0.691185659862058 -6.05236142281153 0.104334189201297 -9.04102985879664 -3.10994604608792
2.02568035416167 7.05735439789943 3.894017221592 4.77639958432225 -0.765300720087646 -0.00289941737546151 4.20266402611755 -15.1436496255196 4.34410982475038 0.698824262491726 -2.09611698009961
-14.3749761762554 -1.78815848147338 2.3530187343118 1.78178653266596 3.93146842541088 0.33638134691038 0.232922681281586 -3.78373015212035 0.924774546366447 4.42442281234773 -2.41855086724169
-0.400602785836895 4.13154959482161 3.61069537913417 -0.0227118034489634 2.09379188132482 -2.69575804652525 3.58709518943845 -17.2202848591974 4.27264945959427 3.22851637647392 -2.83278600548854
1.21363194743391 1.8312007843881 -2.226977493414 -0.191520333131457 4.86291917174729 1.92288998765317 5.16240228744285 -15.9698711132721 5.61696233126936 2.5221052001827 -5.89835105224868
0.991171089884757 0.185066908330497 2.10532547130246 0.719056291665004 6.14189609451648 -0.695990330422097 -0.984845205655231 -11.5128954751805 3.94332830073308 3.31764784668916 -5.50548928234543
2.19992692192024 3.0190614674265 -0.0978794478005655 2.25767010005683 6.35696241812173 6.60440961360527 1.05111676442548 -1.23511652717865 -1.09700050266251 -0.281877382885041 -18.9304565379217
-15.8690758048743 4.35557907153301 -1.34274582814612 -0.518373251576518 6.24538141115216 -1.6381482123467 0.820617894043421 -4.76437452307636 7.25133654388553 -2.61233787399368 -6.84391578375178
-3.6255322401908 2.93223450961041 -4.6699094846198 1.11898500536174 -6.063783363976 -0.107793281997214 -2.23892553836437 0.375580597971495 3.44854876930971 -1.14708728658154 0.881641202198046
0.0442421061281204 -1.45530039304669 1.84386716585728 -2.76410262294829 0.00683260654447881 0.862879635648682 -5.04228303359393 -2.21115150563454 2.43100718546194 -5.40150361433297 1.0905244791899
-13.2104321069663 0.131546971912251 -4.35214814882991 1.36537543928632 3.25733551654935 -0.462956016454764 1.15580888993208 -3.02528424758143 5.82993910652441 3.65865214099334 -0.09803883540022
4.80782359563293 0.696558043043024 4.94945636253269 -1.69656137411995 6.98382305023809 1.36406084457474 -0.277172426613195 -14.7613108398937 -0.656625433113857 -3.43628709267877 -6.84844616507705
-4.58204538726238 -0.703132185579102 0.210613258289342 -3.4848256029807 0.334278269060991 -2.86371477681111 -3.03307719230719 -2.20127269041803 2.01778554359192 -8.16799057473105 -1.02120339464677
2.62068086348296 0.522191169634305 -2.98147987477021 0.345845244167097 2.67688179108706 -0.711091474832917 1.87999443324713 2.3763888344013 3.70139212550414 6.2607296578528 -13.0690988145179
-18.0085853657786 1.87154767888987 1.2612612754719 -1.64719152527748 6.54020826272159 -3.61247931376796 6.85741074855233 -2.46984377764532 0.0209084132999369 4.87773400361597 -6.37719417227015
0.696876545911549 4.26223179593012 2.99531301714695 -5.50665055296027 2.87975380066899 1.41230239312505 1.13368599444264 4.10197414685691 5.64169646618482 5.14915796224725 4.33851859140196
-0.377361135495699 -1.19625916841301 3.70271809430727 -0.108781689248452 0.48839904221964 5.23879460518501 4.35196734189833 -14.5232353566469 1.2355606500894 -1.77514042960568 -5.53095536586067
-5.82237768415864 0.493236220660826 -2.26489768729702 0.11113835529645 -6.68905176677439 1.23800607650334 -0.875909181888202 -5.22765842464211 7.62040095287735 -4.28390749742523 -1.82913128755747
2.13525193420819 0.905626523382906 0.949617073981731 -1.89216760384419 3.33416740781693 -0.188840060226861 1.43577011424671 -17.6386746349164 5.71654332592451 1.08756824733274 -3.22819814358292
-12.484862631695 2.05630873288026 -0.218972094070693 -0.623889816024851 5.80529073908081 -0.890650826271501 1.19707821084592 -1.11321598125253 3.93145993446126 1.06755670882496 -3.06801955443171
2.11527664061323 3.93295024964716 0.368139906180048 -1.35034644388649 7.29789834092583 2.4460864127152 5.56030528380977 0.755889915550156 5.69252471148512 4.13976544400545 2.98485202109371
3.84332755283438 1.74002919835024 -1.37778471961612 0.153758647039257 3.17484302817466 2.72061044505957 -0.301241022269181 -1.14663162615545 1.41496160221642 1.67986261462769 -21.5186570073978
6.21547375927721 0.445288193459555 0.211080660322634 -0.376513608758513 5.56104836997408 0.591346208996936 -0.0520026298532976 1.34351317688676 5.87457070970466 1.38773808671692 -17.299772496523
0.870646361004422 1.15338951837706 2.76431038093168 -4.17532684000423 7.2725380571167 3.25103235671462 0.962122283910394 -15.3032413965113 -1.32556641124337 -1.15391870382127 -4.41360811104299
-11.7068414292616 -2.49755318230635 0.799911872307626 1.17440079978614 5.96547380092796 0.715995991838134 1.56573211244738 -4.17742770418887 6.2232141208241 0.621585086984728 -2.18502421240306
-16.5870832530489 -0.82173425362369 0.608154653004728 -0.0186598937439347 0.679716395139554 2.04295157861276 6.4802561269208 -2.03574689741243 -0.849190282236119 2.99186754623804 -6.00778507285546
-17.9610771648173 3.40420744483478 2.65523875813874 -0.150933320493171 1.52375385635548 3.06370134822495 1.40130108483419 -4.36348155980611 7.86246668953858 2.7371063889192 1.07246376719075
1.76000525082707 3.79738436054075 1.26380087580466 2.0932424802045 7.28340126467655 1.89710584521056 2.74496814948194 2.16363132097677 5.27353872838092 5.58420020447514 4.49260138641779
1.99154351360944 -1.48537372994681 -0.863377248301403 -0.290367662693438 7.05407762686641 -1.17192590933024 1.2800288267861 -0.330868704814314 4.7177141710614 0.950807001812371 -16.9524293420828
-1.63695881788888 0.95055669207631 -2.91352353156348 4.67056742104487 1.36685072807958 1.62245776771692 0.689107536025873 1.66459531191445 2.97140110090816 2.50745413295926 -14.983800854622
-0.00331150067318076 2.59950990948431 1.12860509131097 -1.2650857575231 2.90419714122527 0.980372629915738 2.93714683399234 -0.183814856664061 3.33784100232532 3.72767409358256 -11.7649498126458
-3.01212002854004 -0.146942709542161 -4.0087624432645 4.18169073574579 6.47936306220875 -2.14603011704155 -3.42617338971539 -16.6737477379815 6.44077451596396 3.35007799122548 -8.86218238224063
5.51593992906623 3.35610851922848 1.81569039366259 3.12287321986527 5.15662399659918 0.85109167593192 2.78500349217868 -1.53865201874405 1.90301977931839 6.52329848574789 -0.411330337235897
-17.2329505193953 0.0194103512353423 6.27311670116769 -0.734085116280984 6.35724417259036 0.7593573433559 -1.93244431328144 -5.63762462723201 -0.274520211214973 3.12284917731504 -7.85498332777289
1.38632732773638 -1.30995835951908 -0.498494601393439 2.10080703342047 5.30717218836318 2.33590729807884 0.731663915757505 2.83874996861715 4.92224390655217 1.58424384233915 -17.3684289164884
-12.7617357956855 -6.6670320678954 1.6613032829781 -2.32982844655356 9.12103320308057 0.412172179944377 1.84945800865255 -1.58456304718385 0.0896480446099224 5.15662490602737 -3.32796301108914
-0.874709970048634 -5.68030901082551 -5.622898141627 0.278059140426912 -1.91527711886631 1.51127660023733 -8.276179832447 -3.97659161692246 2.94503251807176 -4.18037971117256 -2.77019649134161
-0.358075800939485 -4.03919053560843 -2.51201297945725 0.192640612449257 -3.38191420927878 -1.86102269347675 -1.41594518611682 1.05959951991488 4.3660480762044 -13.3913235347589 -1.99433478399711
-14.45111210111 2.96661497955548 1.07750097160367 -0.409002773974449 4.36592390439939 -1.85419772176341 2.80233837145657 -3.00880618847243 5.36726333787434 4.67341126249038 -2.96196093600461
1.93885370420724 -0.283899696793545 -4.76924541178363 -2.5163006709382 -5.31157255618883 -6.65431069233042 -0.910390082893049 -5.81106102123808 10.4020612161075 -0.932964311933269 -0.584366559825944
-4.12612507997139 -4.86489648072479 -3.55945048099533 1.98504867742352 0.790839481209038 4.86516942555481 -12.4056712826702 -1.49663668619102 6.21320069047763 -6.72972386796481 1.74728275500609
-0.983850040542525 -11.4733906608293 1.1509327562976 2.48662602668535 -5.36473349685152 -5.19976870735204 -7.20934621406685 -4.37382235081606 11.7062000576167 -9.8814023201894 -3.6973528995361
0.0455848739794892 1.95861160210265 -1.99822351357087 0.0617203917726739 7.06958632086217 -1.36678293272014 -0.899294071278027 0.0198453509370291 6.38422732577846 -1.86105451731078 -16.1004952256446
1.51895826215044 1.22683464157602 0.960130109527463 3.57009825697687 8.98648243175678 1.13908857851957 1.28802155546476 -0.979532579342877 10.2515594778854 1.66648272513564 -19.1197626021108
-11.7521728051395 1.04454575956751 3.25180169752595 2.06609902347502 0.369679498315849 -1.40776540180134 2.41835438441836 -1.83868222597501 5.97249686211343 1.1636252162513 -2.35848402520883
-1.48551919440542 1.39587689545539 1.96793025833912 -1.65112335705562 3.45309841918407 -3.02921387205898 1.74459933630344 2.87673031666136 -0.017100356234339 -1.20232345672396 -16.3492468701552
1.96642971263499 3.82690838563525 -0.137070085600325 3.923620461924 0.3947034861291 0.945930778754146 4.65291588565601 3.45787667464796 5.13913364220049 1.63870354718557 -2.24378158486576
3.54609084973386 -6.16991161216149 -0.807573172937395 1.8206335149977 -5.07718949549236 -3.2389211933121 -5.75713016810789 1.79611619663565 3.90079063762329 -2.04041273776101 -0.773981084324823
1.2893949511573 2.30307382942423 -0.339579550127926 3.65352506563528 4.94805455548291 0.132254097436053 5.5098394927811 0.396204461145581 3.76332787168161 6.07208794079843 2.33129330170605
-19.011180426801 0.67576920415364 -1.14510532136755 -1.93651994508635 4.62515167444683 1.84386018390303 -1.91116023931815 -3.42319804812389 5.75001725417303 -1.39264840038902 -8.00709972838077
0.508897343509422 3.82799701728239 -1.71561546219113 -1.8959085372982 4.73268660976061 -0.0946470931676688 3.83965773269182 -11.6968816514573 9.6897871262148 -1.77821871823567 -6.77209003401521
-3.25590684309369 1.14653440707281 0.76262141709158 2.42458345760192 -0.408322085908784 -3.37095997556264 0.181539995791369 -0.454379637336014 7.48961789362109 -4.08184476770942 -16.4607195271406
-11.6739592534341 -5.05501973611682 -4.644403589986 -0.652791824021324 4.1959502308747 -0.316918000591736 0.0949947920220153 -4.41293457214452 7.88304891623993 -0.383769528288928 -4.43355217726721
-2.46350480756668 2.15732693199566 -1.75522056105855 0.344729411463304 3.06650089503833 3.17808838035416 1.77741052044702 3.14806214003089 4.72006528831354 -0.100509897979722 -16.4296339255458
-2.87326309559858 1.61300777367246 2.06429939135275 4.7692222148548 6.24171514357654 -5.64741633441353 0.0206063221389985 -0.558134843354396 3.41011566045438 2.72020507566165 -20.669635916481
-15.4018688074055 1.72940602893965 -0.221211296011031 0.205543165404686 2.67779929484588 0.085559715409555 -1.71554167036576 -4.20910633900626 0.385417539116029 3.50387518716241 -3.0004472361265
3.29059069323162 3.32863380338476 -3.0934219573402 -0.320902887416677 7.61178572700411 5.75134350745709 1.20745373987182 -16.0780179264719 4.41277231528781 2.30907045429177 -3.78119823471393
3.09832186168237 -1.64262313567763 0.911245094940499 -2.63302590784685 4.00468753710134 0.793133023068846 -0.612738699574779 -13.4495599389797 8.93586297280441 2.54506932998954 -6.60248145213802
0.825800148131054 0.698366845722096 2.30700058224995 4.14217544744719 1.13160877837377 3.76902739146231 0.0748101397363983 -14.3322401628594 4.7647844000721 0.441744604482748 -8.16925344189117
1.02344993831446 3.40709095688721 3.09508939969295 2.71794615746059 1.33034919390701 3.30506253945966 -0.351944212648694 -16.0384206495615 6.47932861201988 -1.99386010560399 -5.04590843981227
2.60741328112912 3.53993768165798 -1.67687490575973 2.31566387963816 10.5700510529343 -2.2244084109847 2.74133614485163 -18.4706830936124 4.56091823205056 2.17037352292288 -5.17825591052625
0.213944590504687 2.36072175432006 0.127633617963751 1.92390339346479 4.68468631414926 2.58462348217799 0.85296206445539 -0.333212059400409 6.30527202504465 -0.426910838566935 -15.2350432306046
3.39011516183496 5.00014590584341 4.43544189961231 -0.890638943680214 0.387573862521211 4.00766329563519 4.98902119735725 5.24133188616961 5.09537558462226 5.75909421923463 5.28012383594176
0.283345219447775 -4.52954766847173 -2.82125631269286 0.988968898781352 -0.80834948804215 0.293601292690668 -9.29971604584394 0.929794709351932 1.99809894227363 -8.55295030748951 -2.01969913522669
-11.8235106046517 -0.461681793968791 0.112859090794596 2.35659475412375 0.175656283238632 -0.140432364813278 2.61439295057692 -5.66334314389348 1.75131847140719 1.3563212764313 -5.62844463754462
3.89320826940766 1.52352745558415 1.06734235521116 3.34534763850318 6.3614001661109 -0.615617222451225 0.977689937206428 -16.5661968552323 3.35395601931701 4.29541298391387 -5.38145794440181
0.045555309200374 0.667410078305942 -8.19313547809161 2.31274118906945 4.73449905225241 6.3447487577894 1.87733318125811 2.83859883456698 8.25489954214927 3.86781090169846 -13.3790248157636
-11.4638194934184 -2.1268709864303 1.98835530402821 -1.47707273355698 7.90108245989309 0.366612401705317 -0.556899220070519 -0.812362799294539 1.72269267948694 -2.2849660904626 -6.08811831205109
-15.9060343883678 -0.300180859552959 0.173760907396447 -0.243139674439541 6.09695908612281 -2.70509713308095 0.924274489111656 1.46764263881998 4.89376369600134 1.52220976602013 -5.179343160622
2.01388737851174 -1.49457046824704 0.897994223371497 2.73183401280345 5.0590556910576 0.600767625126123 0.317372383216298 -0.00736852082226813 6.54396784657535 1.69806485611425 -15.1793916065819
4.61802852475185 -0.618775638340321 1.3292543817713 -1.97948806347862 5.58729476786274 -4.6221988054299 1.45829780706456 0.178425171010171 2.74349345609169 0.346607602303186 -16.5474621748406
0.161846856248929 0.655849546225957 -0.417389756367673 -2.85399322147457 8.0792360152106 -0.0685415921603543 -2.38299297487439 -12.6686914246125 5.82153675692083 2.69177822125738 -4.36710057517681
4.11382153768184 0.518703980055234 -0.300592732337252 0.903588850794872 1.46756446220807 -1.49392823392904 0.137077355570392 -0.680039715842485 1.52434293085038 0.159347569246474 -17.2999122670831
-16.2402289802921 6.55336841637229 3.65565984934972 -1.1996924819579 5.8724139384434 -0.980099466094739 -0.0817500491719032 -0.675793630026081 4.70923868320909 0.457245765123434 -5.66383705584554
2.43636400533434 4.39153357264757 -0.449128733198833 2.62291253230914 12.0423140899821 0.511438688721854 0.233041943551642 4.63330930050911 8.78185077574276 8.88433303739449 0.914656176114383
-3.00697198221446 -6.13287263762441 -1.02135219701971 -0.961691161291097 -3.122578985858 -4.26752060873429 -3.89649474675278 -1.4586703017343 0.0602449262132518 -6.30468404252322 -4.00700135000759
-0.508274359818729 3.81308314904714 4.66884858486462 -0.507027962632953 2.72158611025909 0.620362196261849 2.82735590526751 2.78700890230076 6.25202122335589 5.95088649977401 1.92249286645565
2.08765745031719 4.1289270457681 1.10048669786625 -2.91346556271248 4.7541194081565 3.40414816432174 5.53210485670016 1.2244377723301 1.46288589217277 6.65305741922877 1.51498980852093
-2.23809990546487 -1.43281392033739 -6.1942009617396 -1.48501161107358 -4.1090502069224 -1.98321601132379 -0.582434343476345 -1.65693778012053 1.71926649867953 -10.9281015020666 -2.93276590143095
-1.1614586511294 -4.05596529163428 1.29236827010043 2.90039943144863 -5.57166350849499 -3.43508187214348 -1.60704321170475 -1.9723040450096 4.34007208661124 -4.32070317473141 -1.95536433057268
-17.0423679465158 2.15743207989334 2.52534981733502 2.5850560756387 3.36621907586745 3.2795763086407 -3.98227550994079 -2.47623465332133 6.90749569889627 -3.5404622579773 -5.68891774567114
-5.21476996808907 -0.491372489813349 -2.64976531469098 -1.67555782044208 -1.77508458690945 -2.87878548120957 -5.2693704324153 -2.11655002957914 5.28702911996988 -2.88283447954642 -2.73496226581693
-2.83849107841647 -1.05039735580062 -5.87599569251422 -0.941303026355958 -4.75225778414682 -2.90291082853898 -4.13629955288342 -4.21271209330988 1.17350457235501 -8.72846696764385 -2.22160806594089
1.42130645769464 -4.02844787088311 -1.2874451256402 0.236140917475075 10.1897090611157 -2.23242008655885 -0.660277676057629 -17.691012435727 5.86407935492465 -0.321704629135354 -5.15915169647958
1.7362458628709 -1.68873704954016 -4.65017935519324 4.01507909606741 7.55609280793508 4.54395931924557 2.06476747093545 -1.76088624778124 3.15985436327529 2.24887267941337 -17.0039673638597
1.30429284191776 2.08270710774204 5.58664406457885 0.936719487608689 1.46019491877282 3.96583200404792 0.148329908995226 1.62835891766098 3.31983380250311 1.91047548013052 -20.1271192827503
-17.6212254186669 -3.59270389671394 -1.07741100439153 0.726234335704402 10.0088517125943 -0.596830429235479 0.150722797946437 -2.98364645726413 6.27024539258032 1.78961800201781 -7.72086982171858
1.46807347307058 -1.62714330692796 1.28611223447701 3.66710889530844 6.34521366144557 -0.442061759756281 1.20841512914189 -17.1244397420236 4.77860613447741 2.12462800880944 -6.39238337120618
-3.18413526326591 1.0631220207371 1.45441344351724 -0.976168688547969 4.83978986743926 1.61309435930205 -1.6619110771631 -15.4325743974002 2.20853657852712 2.67120903994728 -0.983795864537313
3.57298739779902 0.992624404277934 -2.94684210508236 1.71924489634565 -1.44504675837381 -1.33390914760285 -5.76829824814734 -0.44015878077163 2.24309508279535 -3.23282135056844 -2.52470864389108
0.76864409723026 5.15348937568948 -1.64710639255499 -0.482489442958533 4.14627458136769 3.4108169422982 3.80483032330603 2.93629758469251 3.32448636986726 0.885104732567049 2.55510501455005
-1.89379404223984 0.0612842794238475 6.20248049540298 -4.09180138057906 2.99342100714869 3.47205151849419 2.29028530576011 0.434988297976333 2.99841530507446 1.3559011031184 -16.8003298395541
0.43738520720354 1.99441927063007 -2.55825358930367 -0.333002120541716 3.07948254309807 1.82473698617703 4.86962130482359 -0.0512307777295034 11.165272913461 6.88794063597368 -0.769433114741965
-3.70715302723466 -4.53579542278813 -1.04404073231218 -4.69883273089626 -0.811637549981128 0.857227441059768 -5.19073804562128 -2.31486422684853 1.15969354005571 -4.53643839846541 -0.0844514111535597
2.54189168455621 -7.36251845913005 1.94199145429416 2.67715332024278 -2.80648187914696 -0.126217129472508 -3.77775171178431 -2.318894494156 5.2073130561664 -6.94778806114219 -3.89983734134777
1.47329584901163 4.67147854663941 2.98282604799184 -0.991491061502846 5.16719035531981 2.7161377656645 2.2984399387373 3.64330298581794 7.13833901306154 2.57282233786986 3.05157013570324
-16.4915748042222 1.09686657600106 -1.09065670913588 -0.945520242170818 6.6205243110576 1.0867253403909 0.551815123538668 -2.43480356921666 3.19646623512706 2.5642260574228 -3.82379633312211
1.63182366157523 -7.67251449052255 -5.40494577690512 -2.80293921103163 -3.29623068659953 -5.18445843714777 -4.31998151315017 -1.9227719793406 9.98577082185147 -9.07257421353607 -0.80138614414036
-0.577218639301472 -1.72488550207194 -1.34870304613782 -1.74988464993339 0.886661149060587 4.35146189862334 -0.771319391104332 -16.197751387239 -0.924591557180609 4.68177356664715 -4.3007174512016
1.34157407488636 5.75590006523552 1.54607516363148 -4.1782906712752 3.91500710414472 1.891447134249 4.05930663393041 -16.4029745631752 7.64347193829694 0.982442750623895 -1.64029766710854
5.13228067547827 0.775343394833748 -1.18340573983972 0.849786866330117 4.8108158298674 -4.94472032037178 -4.1839746190089 -13.7743282384546 6.19376190147362 4.80960686257675 -3.66798998584391
2.02906813181795 3.21353526405268 4.79704933376062 -2.38789999554064 4.49950928048305 -1.97044389690354 1.62957796996814 0.861194887367904 2.35263095183772 8.22214972601733 4.32760438313549
1.49563729736253 1.57589916043602 -1.50440467519369 0.503333894456919 4.83349920194284 0.394048125440143 4.31341419105041 -0.0611197918539856 4.63041841198577 6.34754009418292 0.723815141438413
1.62133825628014 5.55235768607501 4.16474898153657 -0.422409718352392 3.66653369778017 -1.37335697270969 2.67051443677585 1.88710358155501 6.21412695588729 3.25472742769963 -0.466515984756412
-4.04852901215235 0.404719843212536 -2.71121549820853 1.73555217556067 10.105757402218 -3.0306835426171 2.44226074338118 -18.6067286947939 0.0247065077789799 0.846934269843935 -5.44169477656939
5.7940024328369 8.00915304321012 0.0981365158313288 0.0635592711240358 -3.99575499428266 -2.77898219725388 -4.76599075778849 1.89416423663624 6.98744121614941 -9.7539326656629 -5.43523362932195
-13.1387234598719 0.814649895636641 0.286290137561157 4.00576127603655 3.38116238799897 2.28532294781974 -2.72683548576122 -4.03094595594803 3.30353154007192 3.0011386166116 -6.65545677740303
0.306406876334647 5.56831845572558 6.12600521270687 0.747221547522908 9.31042515074707 8.25951029389793 3.45003566249549 0.371554577736197 0.733632366160703 5.41580207659387 -0.891339981976054
-14.303908823228 -3.45069709395713 -3.99350203134971 -0.963125893615449 6.28328926648186 -1.48337325614046 6.69625886721835 -0.118778458238899 4.4158164958433 3.74814685449951 -4.18462872338851
-0.509920613791451 4.89609345319548 -2.99973865811385 -0.222677546629168 4.27956776621921 2.84094110777744 3.88122153318781 3.99578545814791 7.61608531663821 8.12435981520474 0.109967700385801
-15.2467074271436 4.38575665588894 -0.601013545188466 0.362329596591772 2.52719920221198 1.27551936992128 -4.70631963603787 -5.21679057367149 1.51747666420865 2.71442255161863 -6.96411300383358
3.32802544232511 0.520041752554107 -0.134911649014979 1.29909507334694 1.93127693908065 2.64742435417155 0.736131862117541 2.13845487866646 2.65398476361726 1.05843389833883 -11.3537560589817
-0.00929025944163886 3.38016773315694 -2.0537471641564 2.35177696526788 4.80298609016945 0.487008345203443 5.47028334044516 -0.798984635604694 4.61494243384008 5.29452093137204 4.7610108776816
-14.6182887424133 2.70752317417983 -3.04827429631271 -0.407879388461368 3.3201503442351 -1.54661813398891 -0.424088570485709 -5.80401611579903 6.67515197758701 3.59354639748776 -4.97921365832299
-0.496112146776911 0.754977227150139 2.3025134962588 3.51371566930158 4.79973882577028 3.1810578591995 2.83168351329634 -15.7521822847929 8.0700100500552 4.43834243929478 -5.21240809251065
-2.15914348566158 1.42695896898176 1.41237974901087 3.07449487194649 9.56181499088703 -1.09339165070861 -1.03752607579715 -18.9663902690179 3.77803572883204 1.30478484041966 -6.15576877443967
-16.0877225827486 1.39952913005186 0.30539449717654 -1.67201089183787 3.6711466014306 -2.56509745860068 7.38414883439719 -3.24707264827209 3.73503380066861 2.24506521930651 -6.39536007496797
-3.40751735307648 0.480035718237577 -0.737884275391789 0.286763286263122 6.79522335227445 0.364919569629065 -2.21756530107474 -14.2046757553399 1.26664259937054 3.28372954643572 -2.65572237791819
-17.9360157952647 -0.168216558233721 3.08438253640191 0.378574182831697 6.6373811926998 2.36973262596139 -1.68584209660387 -6.47591265668546 5.81881550471653 0.893465588368874 -6.47241709823914
-2.62117608089084 -1.23880508526603 -5.50040002324904 1.15561693215773 0.294640069232718 -2.37623616627279 -6.4465048786069 0.351176562346747 4.57534411855644 -12.0074698135693 -2.57123021609591
0.36731449432485 1.93279631325185 1.6175471963528 -3.21653983159661 5.41612604651033 1.39441766242868 -0.224824960393061 -21.2747100170814 5.70017494145637 0.109843717419704 -6.29595342019674
-2.62702999055324 0.964874685251327 2.57186492397008 -5.88914240337628 0.489835775390361 1.90277158858573 2.08977357405439 0.208415607667835 3.10079690415169 4.52969737131442 -16.626492920376
-4.19132219819723 -1.0711153298394 0.0243375377094386 -4.54102569803911 4.39883702395627 -0.942258276470708 4.6720434418407 -15.3389500189562 4.48845068688879 1.09239676801542 -6.05555979450184
3.70473317086685 4.40528967210931 -2.22241807391091 -0.884454557176827 7.37446629366183 8.0399258543535 4.9043029766798 1.60255998989956 5.03168410927059 9.7858679328389 7.93468402634253
-5.06474645194973 -2.23858491774834 -2.14840406701903 -1.84646587834015 -10.596155998244 -2.36723698844431 1.27369459381187 -3.50789925425536 7.63445764157622 -1.57153339608247 -3.19337437389652
0.767847148466434 4.59047961083341 -0.0539630458819553 -1.66483387824135 7.88242059731024 -5.56372656769974 2.83558503647945 -1.36416936152607 3.28149450560716 3.96828835825591 -0.264101424044267
3.1687039333328 3.25087052215355 -0.221814970054489 2.125797190996 0.714269581324151 3.32145238414629 4.02431236497906 -0.241982000673151 2.36112659065951 1.45631895492261 -13.8591267606663
0.723549941301216 -2.76042884562044 -4.96299427575604 1.68792583668471 5.45370909935276 0.565481234422412 1.11864515226879 0.0893571368007784 1.61961749897164 1.31386348624569 -12.2267091846431
-4.07701567297755 3.67328480016164 -2.31706036498852 2.19085617267936 4.03791199040551 0.940186054620389 1.51460204968356 -16.6342351374615 4.29029558565241 5.24282424864483 -6.13585119003909
1.2410466864355 4.50292171965908 3.08224056334714 0.233778287862711 4.65908313187974 1.29715399276827 3.15168030904826 1.03270959323044 2.93994458638443 4.50414572947905 3.83245715606163
-14.6975411888962 -1.21288878587351 -2.64378047895194 -0.0170960774468744 0.779169510959119 1.79241164533329 2.23376251387287 -1.99116876949156 11.4112656293031 2.55876872051078 -6.44409820738454
3.04318855041623 -2.12632002938346 1.84355890922095 1.62558499473368 2.97445687357629 1.00354470012643 5.1370878493729 -17.4275202132734 6.57572876075635 1.88239639349569 -2.82887824727403
1.00800354406332 -9.15021920406784 2.71442325585989 2.94915891012074 -11.7426151507145 -0.64187285797624 -3.52884388970995 -1.80749255685889 4.39148419752007 -8.60136552225453 -5.26673839898478
0.731338265601201 0.408417209733238 1.55478266037186 1.73779712792339 6.868461213741 -0.42646554906935 0.307923351133842 -11.2336154927788 0.805451795655798 0.460057443706422 -5.04519860149897
-5.55462793374225 -3.02121122742996 0.865674562335228 -3.31584554001236 -3.1065108713987 -5.10607350346902 -7.73340780083605 -3.08198672738745 3.2020917174455 -1.65895667932458 -3.49588888615046
-15.2822665293906 2.36195258536192 3.8062505546699 -2.03384371266619 6.78919178712667 -0.582930277105436 0.6547550092292 -6.08766635489894 3.83288822483438 2.96038025295533 -6.0453367372514
3.10828162613741 1.93127027729119 6.49513964182854 -2.16258226006995 3.85074676219942 -2.27964394972964 8.76475534334477 1.13343667166664 7.33329180999304 8.63042966327192 -0.831607403930477
-12.5863896087133 -0.492274392731626 4.86654731319904 2.00416028655168 5.87890880330938 3.03540866828813 -5.07962959952781 -4.29315014478842 4.47716645329266 -2.90078693350086 -7.17152562393654
