x1 x2 x3 x4 x5 x6 x7 x8 x9 x10 x11 x12 x13 x14 x15
1.09265643562979 -4.07497349489819 0.123290956697603 11.4272494595779 6.08392495735385 0.955817082551011 6.11948837291889 1.0662703614701 7.44982900075496 -0.246979679789798 8.72548335970895 2.05216921634545 -3.56530028568994 -4.91207031319905 -1.21304234616093
1.24899039779136 -3.70639354816685 4.89925287768615 11.7563959425155 3.86959278228945 -3.15056603393672 -2.24838592087999 2.86275939853751 -2.05476403651208 4.31865495012416 3.13349547073939 2.63356241685578 -6.77054780068981 -5.18521093598618 0.766643474412774
3.08989838217927 0.382851179054364 -0.918458383810717 6.39514522171565 5.10613765493623 3.48924366291229 1.69879424253738 7.56731692574781 3.76955336875694 2.51842452816778 7.16933450835184 -15.963499530547 -0.939446319445679 -2.77943106923442 7.2551414830317
2.36776152210994 5.9249509287501 1.54268603990676 7.31142893192848 3.12503582489514 -1.5306955707923 2.43421681454578 3.96968568206512 2.75036479803964 2.33398636944531 -1.7495019997938 -5.24702832506593 4.22998092345777 -1.32904513810472 1.64773759287712
0.349579547071105 2.85638476097724 -6.21061874437435 5.96057633080827 -0.408416101281706 0.0894001468874652 1.90253164591935 1.79834952243577 1.14885520901954 -2.47694123995631 7.62385543058917 0.118726410016124 -3.88939750801143 -10.5741837780657 1.30138774307823
0.814408836022525 0.790837868412661 4.42417689911253 8.04503028455927 5.45531923703124 2.06331201680018 4.62713106073935 5.64033356568622 7.74232468470944 3.57781042543091 1.74143677790594 -0.782873670661701 -5.56782331956927 -0.502870933282112 6.54148366549813
-0.359955590025661 10.3566989261095 6.29634746983876 -4.07218787926752 -5.26593520189417 -2.21910957628807 -6.69964187303337 7.44614677587592 -4.93563482012749 6.54811141040349 11.2557789393907 -4.79830703932723 -4.20206762216586 -1.67766196556184 9.90793603366199
1.0308898585194 -0.33597244251181 0.0294337234517559 5.88055609355141 5.34234168825824 1.58995380910784 -3.30779207865557 3.28407614010333 2.92712277369536 2.13493121912297 4.168297903808 -8.80514287691846 2.06603465751694 0.833650879694799 6.21984937017164
5.99740909204228 2.72215381317158 8.83786848497751 13.4833179406154 -2.67939617681166 4.2702253856494 10.50797452163 8.33539766285933 5.36974587026454 5.95143350379001 7.81165737142976 -11.5846597646291 3.66263560240953 1.55500192810681 3.63340007022163
-0.493417736012696 10.4837218634271 6.18873005004158 10.1743447903899 4.49113646995232 4.83300372893842 3.99839552783711 8.75777502563416 6.90232799478224 1.09680246256014 5.42821330207007 -3.20161511714432 -8.40915299528321 -3.77149779940233 2.84539896032812
0.80418786711549 5.24870796151194 -0.423313734671482 10.4836813697073 6.0814332937448 6.16172045918977 -4.30438935580348 3.66037500561878 -0.532444184010185 2.10830091614142 2.38441950082211 2.39589110099449 -3.63628995872175 0.843188355404971 3.03647443105702
-2.10467865657152 4.33205173948752 5.48355892583421 3.35935675554704 -3.60471855295035 5.03887796449294 5.70718314043518 2.69026188998492 -2.71828148802221 -1.17161027069276 2.87409535603848 -5.7349214206358 -4.28033193731371 -4.14005272527914 4.09781692302377
0.875511420273365 6.64525260320988 3.03079090850653 -1.98099010482491 7.36252336552172 -0.445458100046923 -10.774368647022 1.91761466003515 14.7504840104039 3.20043197225226 2.41106713034785 2.2061494272031 5.21055165837788 -1.04815592952938 2.72207234935078
-2.91275543920161 1.53576742996623 -2.99669329097465 12.282198270027 5.88806469032397 7.70884690994629 0.964884180575191 0.828046609240422 -8.77991374382281 4.10389135811433 3.05853974183046 3.13900689231379 -4.62075767558112 0.617273711730367 0.670903032153437
4.5504952022894 0.203883118333235 -0.910776085588539 13.4255875850581 6.63694173934785 3.56773607687568 -5.33969602025091 8.62691173502975 16.0800605412231 5.61384181968323 -4.99269247405459 4.4472427858275 -5.65967799176412 0.977772421602461 0.225167990763048
-3.46724689689133 5.81095588100425 -0.476675515560953 -1.53570159471089 -3.59223145610629 -2.13111190310229 7.83671122408281 2.39192804399419 -5.44219920579817 0.51009804743902 2.23949317656714 -10.2918496559248 -3.59182237590393 0.111819019275475 4.97572752475978
4.36969314769242 2.86690473114839 1.75056694890522 10.3086064232725 8.18615545988509 4.05119427225912 -6.39664555659821 5.34867601158976 8.74266937086908 3.77910665347333 -2.64543821188027 -7.98941682718347 2.1167932310865 -2.09907072637157 -1.38246163212437
-2.17959407299408 -0.509108600365858 8.11069270008105 8.49237623423398 3.21170070664351 1.93331415438702 8.44910242898761 10.0550946092834 -0.260298174797814 2.49493054827653 0.0302021771612468 -0.341664461513103 3.41669624061154 -14.6212529870145 6.52116345131319
1.00045271450725 -7.20734951607936 -5.27632981524541 -1.79870926824128 -6.45144546113755 1.44679440306046 5.22946199123842 -0.458780081151538 6.48462626420088 0.154298037375652 -0.826233273374012 -5.11986863156819 -5.64090125886343 -1.04642432370769 -5.35049437111586
-4.17847777691708 2.69565303010672 1.27395640419832 8.98790511415468 5.17296687269559 4.13231234305547 -1.49844871461331 3.14880402504245 -7.31937783592922 1.699498006038 0.860008809074063 -9.18599054347939 6.26517953085168 -2.4016968273381 7.43968816260737
0.416616354324346 -1.79100025359874 2.34731211537674 11.6035150245985 5.87675889004243 1.64612255192313 2.69252981429519 3.77113564923975 11.5691952539478 0.401938626515981 -5.86639011810704 -13.491596832222 3.82795725401232 4.5561706038996 5.10697239616679
3.31879060943745 0.401576907767276 -6.04332003022065 10.9276431372893 3.97125714673069 -1.98550776642526 2.74182594301 3.10210067297468 4.88817283593621 3.08280937120008 4.35106425169995 4.09253252427801 -8.05889435540275 -4.42257219963964 1.49440728906625
-1.42900636732974 0.400325749019133 -2.09586325484876 -5.10202042038768 -4.23876100182974 -2.10382405839321 1.29571560706494 -0.99209969635764 0.779328643649295 -2.95487382121861 -0.522365399297873 -2.76913847279154 -1.66257018133491 2.19638067851897 7.09510458480254
0.625075310571485 -7.96678958406373 -10.7517466398642 1.7809270560053 3.0818112547324 1.05100613760844 0.617941406678398 2.00319779132915 -1.8737393352332 2.59429400996751 -0.256867005994603 -2.61611789754627 4.81315175668708 -16.3719900662073 2.98162730090612
-1.4633651868318 2.76698561708301 -0.796559122190112 9.01844624573065 -1.47569248033504 -2.21722278860288 -6.91710571596394 2.61678454666875 -6.87127228145195 -0.80151546460285 -4.05612368644833 -12.4631053965924 1.15453101690725 -1.76127681385047 5.57409045920928
-6.90890416179639 0.941147647859621 1.1055655891596 11.4693755767879 7.4927139814794 3.23079391400699 6.93849587716361 5.4668581077564 7.78556623581901 3.58962087096635 0.877613585101995 -8.40504449362394 1.52472636361447 0.522425942156196 0.738391367446222
-1.42034956115734 1.37636161524442 -0.0884336511566604 10.9894774814749 3.21116851236619 2.88891809213127 5.7295636135808 3.9284546359488 7.20857933667066 2.87998716554688 -0.417856060260089 0.982953307424755 -6.41529056603626 -4.33639250516645 -0.709892034117999
0.316256707017317 6.91010153933777 -3.89973383554334 6.85627316757349 4.40107690961306 4.17127281787875 -4.26893468100665 2.44014059045893 1.28282414948157 3.62122297168635 1.44940708373754 -1.44084139953865 4.40508083809368 -12.3614809240071 0.070576325610094
2.85634135070656 0.148171716377089 8.47700080356781 5.52575940169057 3.9453322274147 -1.36488337653391 -4.41639858979977 3.21050237493874 -1.28391448644702 1.17354920900467 6.62719413033974 -5.09872209932378 3.27949446090172 -14.5855378909146 4.47117578774206
-1.44817793188819 1.69221756582209 -2.40411128820806 1.92268011265364 -2.71467906576748 2.21658595691949 1.51117252894582 2.68196213716897 -5.06596285568859 3.16080995435281 -5.83598364041635 -3.94086973656498 -6.07737094848632 -5.79789699194455 -2.48591485201775
0.121730855743625 3.94904565556507 3.3955308675324 3.61308057435581 -3.27037491882512 5.05524781450991 4.73929009895417 4.54169064243418 -0.925685540495073 4.42510289586439 2.04883168005147 -7.89111678701238 -3.6002772054978 0.420427638622346 0.583954489481105
0.660937040470467 4.30827388787762 -5.96853115118663 8.10281131876023 3.82645517257617 2.24415868062787 -14.4507105362556 2.64650947024852 7.38640271805523 2.45873543406507 0.968117457546187 -9.92526560970769 1.01521502149317 -0.642314129640361 5.7163899144708
0.198337861250413 -5.77829253990334 1.67367261127255 -4.33285384584957 -4.54321164784744 -0.827926237812696 3.19434712836364 4.79883021740081 3.19016347826825 -1.06216598008959 -5.8385363702964 -5.43259910458517 -3.82898119221676 1.88054745344607 -0.0448419071998096
0.694415404960754 -3.01317497056876 -4.56344386151809 6.35427675475807 5.79005640134569 -0.952025240963641 1.31321488324646 7.19398037991994 10.345452971862 2.12526183432561 2.11689133290407 -1.09068983650148 -8.17003545883416 0.431276661727273 1.76661792796443
-0.392023000095669 6.78500823084719 8.06653439388475 9.89716121963492 7.35131016971569 2.73800582428996 -9.11902778873747 6.99425684726856 7.7976119922417 0.96544046472346 4.21056354008671 -4.09767595478478 2.71804725365155 3.78582207918914 4.22638671726089
5.29208298232147 8.13085911498459 4.7571240191297 0.808682933688072 1.80997328363023 -0.538458951983191 -6.69352756303962 3.01443188936099 4.07973077693387 0.17516641585177 -4.23513087192663 3.84616365146265 2.17174022584333 -4.27712037911637 6.79447386691868
2.19737721744517 -1.55103797791232 2.51360148235081 13.4342773055899 6.54434413711123 8.77386287542148 2.45918134724376 4.35422431161578 1.54434205185334 1.78665596000369 2.31919659309925 4.6789585409626 -7.62183762031879 -2.09107937350966 0.773127285265111
-0.141689592900002 -6.49848986963228 -2.94876491782219 0.650193069062042 -1.33182965241944 -0.51651013274063 -2.31049207188041 7.62551318331082 6.08477111042506 1.79952596217635 0.981133348989034 -3.64795502434604 -4.17108957049167 0.210893612791498 0.520793152078011
1.73874636353248 -0.760210966906069 -0.0424292975589278 7.39911761781391 5.47693245945595 3.59199015598743 0.507683620043582 4.1255219153504 3.18791805256704 3.20864176219126 -3.27807282089515 -0.531891725556567 -8.60040238836699 2.00138247883571 1.48984504873864
-1.37111478344715 -0.606636702552088 -4.66958377808708 -1.60903933435941 -3.13023519840383 1.15945666968381 -0.0932749707126046 6.93296632382732 -4.41993321895183 -3.36685648855891 -8.4608397369788 -4.00393485344908 -4.79035739646671 3.35530321123512 2.56612103739201
0.430436988388832 -3.8001463093905 2.05565194727251 4.53055771789282 6.29502729274817 0.377601145788382 1.60014465005769 3.85989227191516 -4.20189473105424 4.15838219006505 1.71795404850078 -9.68541884370286 3.67114092482716 -0.234532876037295 0.973427096632969
4.1137203753154 2.43046827610382 9.84020811089429 -4.18602967486339 1.71498638218692 1.30877080705741 5.14634502896194 3.11092560313383 -3.95341323118195 1.25301943528329 -2.05212855082539 1.97955862932505 8.08383379030732 1.03085220944053 4.24725430447144
1.68058982465827 6.23267072320766 5.89495302268544 14.3776273550054 6.77372832922172 -1.03930005149802 -2.73094550887519 3.17096592700294 1.27488990444073 -1.03775997394178 -2.68136045629322 7.23142926563019 -7.53120732664357 0.862233533276161 -0.78865218503441
2.31842162324519 3.25970075049238 -0.869647173558379 9.02895758524285 5.47584777950988 1.54685518080207 3.43473609796166 4.12342847201747 -3.31964390511729 1.09793248584827 -1.7670002546349 -0.9596197549982 -6.25733956057669 -4.45613280672947 -0.0214113271816534
-0.899360015393166 4.57785887637164 -0.0495725391045858 2.96445194703503 6.06652282991899 4.4478007090287 6.41420538893581 5.85325981123505 -0.118673994439864 5.84058131711977 4.27660922250984 -15.1915309484293 -0.660761225376394 -5.18582967068209 3.09634449027424
4.6522686272642 14.2020993550647 1.12244413838432 13.6971616072024 5.87911025266978 2.55533809942222 -4.47273350142218 5.75092178239542 -10.623827276308 3.13539068323811 1.21162435925316 -0.375876014678229 -6.75778772195558 -4.67635091152927 2.90085501706638
0.339760070983766 -5.38834465342827 -0.936216274902297 -3.36040493698826 4.62684639394556 0.840389308635388 4.94363312738687 -1.93657043248202 7.75316456521928 -1.23440056686876 0.648150426921772 7.24933347853045 4.85652319237967 -2.85868372991462 -0.473378443977837
-0.0507499273916575 2.91410779473924 4.56887010302263 2.2087145914113 -2.50199326254309 -1.81250169823756 1.14243282154849 5.25039685943795 -0.701210676913973 3.49407937531491 -5.07444221369407 -4.17651198712813 -6.67799216556005 1.31052243884764 1.89595769135745
1.19435632694109 -2.05439073214665 0.702836860036434 6.76749252914642 5.9917352107658 -4.41060075499449 6.03810513889871 5.62322735723684 4.84806172639033 1.5815410614996 -4.33023765981953 -14.0877319566711 5.03077253154937 -3.23799324009939 -7.40926690828499
-4.49641697364031 -9.88417730319291 -1.28927406050572 9.46333146580455 4.33272778728973 -2.76719350028327 2.14094297593432 6.13490104609545 4.01636377840998 -0.0508536559785757 -0.273690168834488 2.94938300169311 -3.21541811981886 -0.912439319524689 2.92582835137172
0.775257207300133 -2.58885659473416 0.80158171856864 9.894730643408 4.60645295735985 -2.73303090450799 -3.23595319671866 8.48045374494533 11.25252272872 2.69234946002768 -3.09886150092918 -2.15888929857024 5.35859617043975 -12.8816910969074 0.735178655964481
-1.06146980077279 -1.82641095389605 6.24973927984895 9.34890574198872 0.531079736072973 6.59821474944468 2.76617882604188 8.9796075368059 8.48262007544146 7.03545603920668 3.41042258863429 -10.1447655720186 6.85557821113398 1.80526315067056 7.69454679245564
-2.39237393559909 4.50028861291876 6.00471743660814 12.3998656445834 6.37088192782094 3.51196298087221 4.00439835176926 2.97285107013408 2.25202820459749 2.31911602333078 1.59428429857567 3.84510146616455 -9.42625526507478 -6.01015317852111 2.77369232622625
-0.593885803169156 0.40813562031326 1.05209623713907 12.2242463600321 7.66347304981991 2.28832284299615 1.6138118098799 4.16612982949652 7.33639934380021 0.502482008930728 4.4833551386423 2.45744920294716 -10.2506560449103 -4.40342716121615 -7.42870487934614
3.57165696433115 7.55072498617326 0.407165639228864 8.48842017703689 1.81510095525192 3.80299861536492 3.66620326841609 0.837502501207146 9.29088908872689 4.66535929734173 5.23955161260021 -7.85003604457555 5.33483017190283 3.2093813498307 -1.57638498016296
-2.9416272063418 -2.06393058979082 -0.678526439815872 3.19573400314343 4.29898062717898 2.88436267185123 -0.744198832930022 4.91310433308601 0.685384105749614 3.50532136397383 -1.70775834327785 4.55874129556341 3.67097845592558 2.91019741237279 -3.82260134942416
3.65138910941924 4.65058306949571 -2.74919843257711 -1.91907592422034 6.76047169234041 0.769929528226741 -0.340135868880831 2.69452702077682 -4.6140679496762 -0.127274259952781 -4.50018645015454 6.4753700609641 3.34876221364815 -0.0849211111977318 0.185788150321697
-3.19353836159534 -2.56198652541842 4.55965252328181 10.7675897038391 1.39184737551324 -3.40150577741443 -1.68589850848253 5.48763217375511 -3.32714906196501 5.2297745874825 4.64721145092763 -7.95530560150396 1.85844464178311 1.57562198985777 -0.0851917042436938
-1.02822999703803 8.29827933515814 -0.210492303155669 -0.412563730171258 8.85241857047703 3.5676017731981 -1.14748024662195 0.733587561297857 -1.01582573917779 -4.03685550562557 2.73335852663904 3.77447875621588 4.48162314303575 0.0451817585366422 -3.10952311531928
1.88260923151927 0.370805056370391 -0.540142088271486 7.45895619178757 4.13397731732977 -0.418127805713411 -5.53367833137297 1.77097445697756 -5.46532122963206 -2.11983906928555 -0.261313888157311 3.63751145468542 -6.1972658253187 -3.21132276616406 1.31371289568373
-0.382374894627347 -3.65705172197604 3.11170376366203 -0.962604712403714 9.25340910486199 4.93255603766527 0.301329458439196 3.63984132030157 0.147013179041921 1.94274582636893 3.91591041159319 2.13623076262795 4.66217739848737 -2.24486639771013 5.09016561304678
0.234767358727809 6.50710539915933 0.374704573311079 3.8447057164658 -5.05261168998549 -0.27314764797937 5.59260381281063 0.284993469120865 5.89994623206218 0.353792923478666 -4.74809414604674 -3.71327888290041 -7.4662883395336 -2.2146711770126 3.65768513264814
0.14149496036424 4.05946283652912 2.09315585713268 3.61034436758828 -1.16995495219398 5.58670040404278 -11.4641386397913 -4.23921986899617 6.62422084107145 -0.980206884295147 -4.79439371573435 6.77747404304338 5.04472497345786 1.49672854869706 -1.40064112934208
-3.52606572967072 5.14414841051347 4.95955120664927 3.71008659752576 4.06974883663754 6.25138028910328 -1.84571699947124 4.50380710689969 5.23434149052343 0.624099767889941 9.36286197858793 -1.72380071753047 2.68334209815321 -13.8472655390319 -1.93640155157209
-2.08809245217814 -1.55905326586454 -1.85230799609281 1.37683989522462 -4.30793368206928 -1.84307572185139 -1.23329207672707 3.06806932839548 -1.38443852537512 2.31410406241572 -4.34721894290089 -3.47809545372085 -2.65603298460597 -2.53760842284851 7.32731374446639
-1.8538386814724 1.56604283337779 1.77859313805424 12.2182446796713 6.69233382403764 3.03849910304154 3.63427558986211 9.57108145858423 10.2688332785625 4.59243682526808 -3.44298874180753 5.10829340524644 -5.67021666958198 -4.73927881574166 -1.98441593759007
-0.488781663595269 -2.24912276523328 -3.95935320972321 -2.92591437138794 -4.08983070454358 3.11654419349497 0.214694924459498 0.355240090210936 2.45361852591066 2.20609580659959 0.876060163806286 -4.13133999259058 -6.43423363694627 0.191621588639511 -2.67375273965162
-3.19758463010552 -1.8151275696862 -4.66058559562472 12.3023155183059 3.92803682989072 0.920249226361146 3.34780808056064 1.90282177806145 -10.57328080596 2.99661562296329 5.99396365327678 -0.49090084282797 -8.54387327011405 -6.87528655098029 7.39717150132764
-1.57041286803222 0.425295836496125 5.66821264131197 10.9677349398648 11.079815242429 1.38985067173505 -4.03214745189454 8.20437987582 4.40595932573447 0.431914683266072 5.56497620907362 -3.46557916599047 8.20789517578847 0.823953709699351 2.04092391602554
-1.767145379048 -2.45760378682807 0.750762406043635 12.6858814705838 3.69150659532713 2.32585468586277 3.2831612421857 0.0599130132964429 0.803083944371145 0.727701332652034 -8.1190196958561 1.44370657836266 -8.22579100446447 -3.18039108330741 -3.53795363116112
-0.752665158642565 5.91973876565967 2.32662658661323 1.12965690470957 -3.22303548901059 -2.234103443079 9.52412498169467 6.72545603134958 3.22062832407024 2.45811771303751 -1.6784294499508 -5.20809486837856 -5.14552429044358 2.11193961804919 5.72536794760739
-2.24413522801617 0.0544151310691363 3.0718725750078 2.97041232391855 5.03845063810674 2.36671571128669 -0.341769893653149 1.07456852760707 -0.627209121584074 -0.485906030939175 -8.10556879288747 -7.60556703475581 7.10827784554901 -3.62292913410039 4.42238855184287
0.273971493271584 10.1261453515741 1.66508600468207 -2.42379151936888 -6.37434695748597 3.98373739061696 -1.05423136819955 4.13007441079506 -2.36467386205065 -0.0895750120058754 7.45309325509717 -3.11626067462536 -0.555943767861484 -0.953132220774121 7.95477553184608
3.63567777268189 -1.01439693916574 -3.42375408434312 -0.453171041749703 5.59884480758175 2.85066007035414 2.20066559938665 1.29414703849285 3.8472912080691 -2.51534562038339 1.49208397400728 1.2173031830203 6.54662565896889 -2.29622293371916 -3.30735519141803
-1.87815278948389 -6.22728780617227 -5.337839907858 7.84386614471391 4.67563760778027 -4.63286498311318 -5.02473924483266 -0.542536431230991 -1.47084196025641 -1.58898552363515 3.2584801841474 -7.8242565581765 5.6322185617484 -0.149262446452009 3.23769886467483
-3.06199445533605 1.76757754433612 -3.28271919550257 -4.07107953282887 5.28729478496947 -0.856742044555472 -0.864795083580742 5.91693381217343 -4.87858533966511 -2.41372735230366 -2.04034014529876 2.74309129753191 3.72416801357815 -4.10241180741453 3.95721287932137
-4.28198417072503 4.44720531926676 2.77866222555487 6.92308012892968 5.82681361306601 2.12662035410785 6.02803186222891 2.70554641191018 -0.944492092218779 -0.428001341397831 -0.893303611474072 -4.89400961072823 -3.68666544353734 0.0747786382155162 3.98592191380677
2.04030734278338 -1.60244318391138 0.641308886725705 -3.78760799186056 -5.55771776795693 4.41561335216644 -3.89748244585262 6.84796256749435 2.22746569133453 -2.22440006458066 4.56333919004843 -7.30423930807547 0.473286168492842 -4.46608385888549 -4.63962232008486
-0.732607987627455 4.9584287836151 6.09791775547165 7.2801762907277 3.9106747602606 0.561526823143347 -1.69628870629948 2.54622581853442 9.0398868876422 -0.154030374500553 2.87076955888774 -0.256454169457871 -7.37636667759084 -4.90741821745698 2.75540660185944
2.12811911790786 1.73124798243935 1.72209064953668 12.9597936350237 3.70448894766169 3.75246952370121 6.33229795660359 4.45451233487804 -2.67896797865977 -2.80853316632902 2.69056132226351 2.31391762559286 0.933765635880348 -18.574813941191 1.46870818435414
-0.610976320153849 8.17914840894008 0.417262287008704 4.74095892963762 3.11082464898477 4.22987707001862 -1.46722154148137 3.73237119137569 -0.0438258333396155 1.75945144835753 -8.27655570699432 -4.84219974624744 -1.89487353548287 -11.1214077761758 0.622051879337627
-0.433039869798622 3.79850055220155 -6.80288006378158 2.23677210883368 2.5902990115853 -0.513078776260901 -0.310449269604335 4.73479333606068 -6.37367757911858 -2.0543914590117 0.123095586723887 -7.46459136809225 -2.30540993625664 -1.32483894885197 -0.108412535591758
0.00758212308504886 -4.1509834578465 6.59374838704686 6.20656919063661 1.54523867968733 4.48172070792263 -0.667984329660625 5.65948743287308 0.240588315210937 3.8873080244847 -3.26937028080141 -1.34547600752735 2.65845558312003 -9.70276014962079 0.274174675483027
1.96982174180694 -0.111664196492573 1.18221225680199 10.3596356499035 6.70120962993368 4.1049478761515 -10.4187030601341 3.85213771321379 5.66142975009196 -1.43609410596992 3.39522782693187 2.00586476285115 -6.48855324895684 -0.980711688272106 -2.33839359952532
1.10811115578081 5.84122329180076 4.83807986903324 4.83087156448407 3.29592466034177 3.93359445414332 -2.21970084655301 4.93240412930826 11.0619568635723 7.54854969913597 3.35405376994378 -5.0135615347783 2.01796335086954 -13.6631907468933 3.21278434368624
-0.470578426562749 4.18334467394642 6.40954626860328 2.10561854108948 -2.01422176859114 0.496871660859042 2.1295344319744 3.22968498321753 -1.46887804242902 0.471542582718847 6.61154836903961 -11.283177404978 -0.496928581077867 -0.395357944446074 8.285622061129
0.786049858254886 8.17981639393495 8.26476607024447 1.79143505029325 4.3412820854481 6.6179424523909 -0.401681463673329 4.52270642776603 3.73636166658457 1.88339181556359 3.28680424397051 4.79776791546057 6.50028844249259 0.579134282909647 -2.87563856979691
4.17629929300595 2.84977562869546 2.40803624986759 9.84718898155366 4.6596379524162 7.08833148178004 5.77762585493286 3.78315125183397 -4.00704145632531 1.67750485861411 7.78547857773187 1.92167933886668 -3.63701515827977 -2.14335445003834 0.08258527371709
-1.25785081982926 6.54385682707806 0.161857534705986 14.6004600237394 4.79872888160954 3.63997355178542 4.61369200619851 6.39777021633527 -6.05441939583834 -3.5162621664858 4.87575638508192 3.04564335018636 -5.42145666265352 -4.76551905119599 5.03291641542431
1.2695912322345 5.19909859408288 8.93505809934215 -0.105161341536783 0.65955514117864 0.400096027488406 6.93646889529593 5.83632860981343 -4.20708189424332 -5.43122425780206 1.06455530940209 -5.33815930150482 0.876714375996541 -10.1213930951526 -0.540217503071571
-1.78899625658282 -5.41959704099312 -0.28914069932236 0.0654160833117487 4.04046458178488 -3.5374130834498 -0.239891135299122 4.17551052255965 5.43284047877578 0.359304256898372 5.52450565715011 0.870724363100436 7.85070486782593 -1.53330948992362 -2.50105893047208
-1.97604361478834 -6.75931530696998 -5.39128031728743 12.5379008194912 5.32049802681034 -2.25000578331165 7.49252053593661 3.70263602320362 3.86749119007482 3.90301416272917 1.05156508052452 3.25196173208729 -6.53844865139468 -4.64663010130882 2.84278850717771
1.10025547058956 6.84843534652463 4.11940105110671 1.27881966643319 2.00066469893717 1.81242864314513 -0.373168289694287 4.11218519319111 7.56504755443147 0.0774777535907449 -0.776454477785576 5.82227928915231 1.81231996884968 2.20685838632104 2.60553898744411
-1.33720084602768 -1.83215403130338 -5.73404888112904 3.78001563954954 3.36394653017491 4.78598033121114 -2.81640377586577 11.0379801798118 0.587765643510987 3.87379862357753 -0.0889701402436887 -1.85366129169575 -0.627784837872405 -18.4466228331306 -0.92098339224686
-2.11181804690905 0.68687760125919 -1.37968951520863 6.93851867872115 5.56718449243607 -0.548593882688247 -1.47942694713439 2.18107167224381 -4.15290676520065 5.72405721395037 -2.56561167883406 0.78114314553141 -6.9696098507747 2.3245684977571 1.60755173879376
-1.10037185727861 0.231611606814843 -7.10194306611701 1.66357170961535 -4.66933427376295 1.69008326026846 -0.430370766960014 6.44313174345502 3.87617001847513 4.83398206821943 1.52262879706185 0.179430129041156 -7.80898755252779 -1.58741122274359 -0.336530531422847
1.49272270309434 5.25263146806727 0.07609837995431 10.1233193790369 10.2162964541769 1.06975354295694 7.18704037939544 7.45538527515431 0.311245098074764 4.11030418742311 -0.315912598478652 -6.57896044507951 4.96290053248359 0.148989951734892 -0.78475912812667
0.147459696463582 2.81730477478413 -1.99128928781725 14.2827030969795 8.42746863388538 6.27441656790274 10.5134256457806 3.26956852194435 -10.6409128395355 -2.0104658734467 5.49569875806257 5.34182524865091 -5.11866844045862 -1.67903246887882 -3.63694822637717
3.00926625344723 4.26497920153818 4.05158149338657 7.98167555434556 1.48347747708147 1.11263406659302 -1.79657330694474 2.80528692963213 5.72710698860878 0.521960273190224 0.632336698713174 -5.58928155318651 5.11941744013896 4.06223781686819 6.65946185478998
2.31861553618379 2.18677350444958 4.10036056104913 5.53437253963661 0.804670784257167 -0.268634354041723 3.96766423001969 2.84844469315792 -1.1434250679654 4.14304107330056 -2.72613838646164 -12.5792295367131 2.64848759412868 -0.811802586542195 4.47138324838377
-2.92649603588883 -5.85062128673964 1.76935293555625 9.73070338289641 6.16384478065634 -2.75996164476371 2.94311431547451 6.27730446252292 -3.08556180388968 -4.922326126384 11.1461157336342 -13.8000909409027 2.48650887654111 2.98332173151806 -1.29073507762655
3.88703588312324 3.01446948209089 -0.456912484604866 -1.80104226856305 5.28357380290055 4.65136663170573 3.27447057096633 4.3424940785816 7.38279215226827 5.9437336111829 3.92847864782701 3.66835418027576 6.14432543956735 1.87391403753331 3.0689689681169
4.13798881446043 4.72074742460455 7.90841428693954 0.533087351559156 -6.49324947037167 1.76213167293584 5.484616141412 2.38920183257436 5.22168050403323 -0.610739965129347 0.0433939868760225 -9.45165398053166 -0.138449977606641 -1.11590857808321 -5.59779236757738
0.961249210746634 10.657272120433 4.11507237684881 0.796183881306685 3.79599213771209 5.39017497027096 2.90342078114483 5.74847540370025 4.27905495998221 -0.30402357026704 10.1524928444342 6.7286083739639 5.73141160901481 -0.117054825755073 -0.242733500792124
-0.977187694152593 0.725060966280136 0.0745253852632182 9.06433362501268 6.84179984706207 0.819420463954785 -10.1064271727799 3.40526225836996 -8.59408620021903 2.03480870022995 2.6064499224795 0.613063908907999 -5.71251128827961 0.0373822303857048 -2.50611246881532
1.57130237477097 -0.862799937074938 3.89918792721899 9.66310603488594 6.89101131503179 1.4017122095651 -5.0908516705479 2.03502200783586 0.40243249375572 7.41212888917731 6.62890340009009 4.35106288359285 -6.88016888394388 -2.14739658056371 -1.40825795861552
-0.558043726868406 -4.40478959909387 -0.131075485565737 1.37676369596192 -4.86888283746292 3.70408056850155 2.42361358132303 -0.460736003208629 6.11958649128411 -0.723899656036372 -5.17367447677231 -6.94835966851443 -1.44049338638282 0.681234776193348 5.96642718036652
-2.61160000688264 8.48924020495502 9.99413928525083 2.86443523150286 3.69327026827069 4.80654379506207 3.80387991981008 2.63378826020858 -8.16967989008112 3.09101006141281 -1.01681081525715 1.47039866539864 7.0451143277576 0.247508739425561 0.686225381499063
-3.33776037829878 2.99553062257943 -5.25517951308287 7.05912206146637 4.69320404306958 1.39998295529705 2.71117503499019 3.02961232697934 5.14383408646696 1.36093423149054 1.75618959322758 -10.0626577822986 8.59926315292001 -2.21579832821918 2.7532368010058
-0.441409644409671 9.04151086459909 -0.0552511188440061 9.26581570050027 6.14138506262073 1.93400448293827 -8.76207261376035 5.79854955262186 0.948806636882397 1.04792444627518 1.14901256811421 -6.84380904401873 8.49331019487188 -0.0209997942054668 -2.11270454122762
-4.07135237654068 -3.90261520829543 3.49374569900361 -3.42410968200153 -5.88629605409519 4.85982017395812 4.17953206663502 6.42576234455199 3.91091351371005 3.82553596436296 -4.66000159029534 0.805717060602074 -5.79832687242478 -4.34846582070188 -2.16379055363429
2.14975183262744 4.27988970493523 7.08558453810213 2.80879436566767 3.50374832591686 9.90361934914964 5.78029422401586 3.0048662461167 8.17573968221704 -0.465843731034055 11.2528029795594 1.51746538430818 3.753057517603 -12.8180555453952 -0.553883819538382
-3.97399217251907 1.18290724479039 -2.99196173564552 -1.65457088487396 4.3939824639124 -3.73880029741877 3.09184420273035 3.82620795578949 -7.570962899745 5.13509157109241 -0.158438597940133 3.12089224915059 4.38614113569 3.2898749892451 4.3398750010366
1.19865131045869 -4.43651637596467 2.10293664004822 11.5093849653575 6.41625570036189 -0.545057127520793 3.96940609481585 1.30424131515181 2.93896808480155 1.36014230065419 4.94962159316571 4.87044533201147 -6.02512007470716 -6.19808598864592 -0.000738885352677743
0.221872489013992 1.97430717433446 1.10819266792131 -1.20687612987801 -3.15763463033367 -1.2909479433299 -0.0364989443867898 -0.0406575881364457 -1.82296606649251 -0.135102968313144 -3.39758511680236 -1.87443951705271 0.272385403392404 1.89796908614063 2.89288721425287
-0.951952659311228 4.99222094106544 6.07805061230077 0.444841308997633 3.02355307045032 6.27715933456487 12.1099746580635 7.30602820813111 -2.16777519118277 -0.527138268019964 2.68591999918088 -5.45772001939009 -0.364732541947967 -10.5013152014781 -3.11901701259653
0.0133677587756564 -0.63358864342587 1.64743921490414 -2.42523594179544 -5.20301279139105 -2.06194056331408 7.50251265492437 1.05305127001104 -2.1572186920627 6.11257955418137 2.07981105860792 -8.040461883618 -5.28339972665147 0.117334099065359 2.73027173363362
-0.536233336633883 1.56502171904993 -1.19424223273377 0.0505082610314591 -7.16283811768511 3.60756918144987 -6.45627560461194 2.35554130362125 -0.398570054366029 -0.526935254846006 -7.8684293894868 -1.45468231297488 -6.2477405588463 -2.40224554742672 2.58129033753216
-2.18232479907314 0.517897710187947 4.25772299497925 1.54683491787288 7.27260769523862 3.88172054961923 2.08404789826496 0.469306191261087 -7.36701480717389 -2.27078233362017 3.50926602259522 4.62101306792615 5.47705308842409 -0.752343659902921 2.49346959308485
-2.68864798153744 3.67124055709496 0.286117896800515 3.00942620584126 5.32906510421692 2.26183306967371 9.86903257544787 9.43994022225545 -10.6057637689988 2.83265041013517 8.42271770949137 9.74804056347171 1.76860639563922 4.41857786628902 3.42793830009165
-3.7115401206859 -10.2421711061478 3.68614998144896 3.71370136841841 0.964090761866756 1.69403840866598 0.18968727906572 3.73940893630887 11.4862448496073 1.54977641539909 -6.70528469122646 -4.87617281740205 5.00977099287134 -13.2866537771388 4.63502200511049
-2.99792450992704 0.390212353881968 -6.9474652114747 -4.60387411963949 6.3283964538203 3.18346529817932 -9.00999903938651 4.86246173398717 -0.48809532002961 -0.329838684124884 -2.5511101199126 7.84792336007824 2.49356671678953 4.24054157934277 6.11921941430208
-1.08154122209623 3.78866007029206 3.49881997077497 2.03361593911248 -0.517778849080251 4.88691123292859 -2.11965166526466 0.112440812479596 6.813146466691 -1.55798725082737 3.40767039731218 -6.75256504750577 1.30044421114444 -12.98834159268 7.05519798424233
-0.0794052300078649 8.78436026651571 0.684731596352216 5.66180155268131 2.33810899996098 4.43593583503657 -0.442577379657552 4.79306325103487 -3.51520233102947 -1.58539106991189 -2.14249565276144 1.26691826800281 2.97603555311111 -9.45107723715889 7.50358467833914
1.10301591479466 2.06806702383274 1.37013799208412 9.9422652168244 3.60115171587847 0.215441971342991 -3.08663990745309 4.04438472912319 -4.49442392621121 -0.851168046280646 7.21102581734426 -0.314042556151947 -4.28065978338849 0.216010233081795 3.1222992578609
-3.64260014884938 -0.453834758463803 -0.460796707300854 2.87243361359891 0.170989390220444 1.79125683422582 -3.92450507202333 4.94680251691149 -3.90535792434524 6.28589928027166 3.15404793464026 -0.888464095031626 0.156445272678056 -10.1847117012637 1.38427017740442
-0.506564524032818 6.15533133114653 0.113327426976215 7.60331559288077 2.64112684085931 5.10824163838302 -1.95336157259688 4.76169705449322 -6.84889586871309 1.85803402547917 5.16096422941 -2.88205389572395 1.40647801644167 -16.3253565563363 1.94528505788281
3.25717422842984 0.952913006120108 -3.62887897972598 8.83674914193657 7.85345004953617 -2.64675977058915 2.02277811847854 -0.970501812673336 -1.11007462274788 -4.28356184323909 3.98622097020012 -6.46311135984806 3.34668961810489 -0.497317296021266 2.62971949756772
-0.0154561489661326 3.73423020376922 -1.2683288604871 2.64471888110018 4.9207929663641 6.95083743072425 3.01517906601188 6.34949170253168 -0.50300812255051 3.3462640459062 11.0023958559787 -1.09191184685024 0.988037671350856 -12.8381680394596 -5.44411301313051
-3.70545582857484 4.03871410031177 2.28916938126515 3.45442215503581 7.57946079446426 5.08840591056159 6.8226653916779 6.34655469136782 -6.76739117383377 -0.556988487980214 -9.1398945932039 -2.13680573368365 0.238377302475025 -15.7737450595001 -1.57387612191051
-0.987666720337656 5.81395770727285 0.288214122963815 -1.05875508576254 7.35076008138969 -2.40643934803338 -4.79005688723445 7.57766082463076 5.45363393645232 0.722456059506389 6.31076402674298 6.17043164656919 3.72303536856315 -0.656987120953926 2.39836929495194
-2.7201731553566 -9.17514686399428 -6.24506896046803 3.11390499017387 3.34023574951486 -1.58955149700277 0.512513608640961 -1.4553727920222 -8.30504686834383 1.54143581130903 2.93374061569034 -4.70412277417891 3.55264764660012 -11.3655078212559 -2.05188853371847
0.185675099857057 8.62462042784156 0.41502131983453 -0.550908890455011 -4.15410922748173 2.55821669605753 5.49375734830359 8.83589207514694 1.13948313911828 5.63515377907488 -2.21489197557109 -3.14273246282327 -2.72839760006052 -1.07395149101048 6.8687820012177
-2.69856753850322 10.5194420614031 -0.926784200298595 1.17484773034567 -2.79052645383209 0.970956339418323 -5.39114256255324 4.31367041678635 7.70224405424954 5.64949064948987 -0.701867385645378 -3.15300451250598 -2.73977098387787 3.54310240238841 -0.482763458755389
-1.94119400276942 1.54098686015784 0.648565316461905 5.81389292952988 5.18976728419794 1.00066240430198 4.89373289666019 2.66249851664538 2.78747684670939 -0.743951527685972 -3.1294458355093 3.79425412237385 1.67925800759456 -12.8844555341832 0.62749165617568
4.39974231413376 -4.67723743969978 1.00812208905111 9.55993563048186 7.68492583032046 0.189091968575046 2.31142100159532 3.23863562646522 3.86815818475617 1.62075417745199 0.749956668810062 0.725736808200366 -7.01144207463048 -0.326703651001622 3.98017415143957
4.2038652860902 -4.56816841776321 -0.523460165580491 0.600089626944576 2.67591763128509 -1.51966136556602 2.78517504628955 4.00566181863313 7.40924389961373 3.25337198522877 7.5071887979012 0.576739134630492 -1.51663834895678 -10.0768565074133 -2.01488807023528
0.886446898332606 -3.94113887877157 -0.706354700988006 5.90924043415997 5.45254171946339 2.74766137462566 5.56792260968223 4.44082782222224 1.06791236189257 2.1305888887101 -2.38420738951867 -2.98450714866293 0.721901202747982 -12.8087446033844 2.69775170994814
-3.89611526836225 -4.4171038325721 1.37332052858467 2.45409511595096 -6.20545025574201 1.51573583659921 -5.14999980564351 0.733234343633875 2.04294090035873 -2.61740806794803 -5.22254208849288 -3.57928960407192 -2.23187875936862 0.324887785022575 -1.37123588786547
2.23976258625228 3.36818653153869 8.03409993621519 5.93157890846852 -0.250384912099411 6.9160189682472 3.99291077663012 2.60114331531997 3.34960700138595 3.4348545221264 0.894511625284513 -3.42608564794607 0.125013635495252 -11.2688354574528 9.91585582932201
4.43589610812452 0.274238704456967 0.302095589395848 2.43171684210185 -2.43305559163703 0.307453630500643 11.1039609639072 3.83945694847178 -0.336602439137173 1.38258239421336 4.29209283805853 -2.14238543404621 3.55908093478559 -13.8364135642538 0.482439135086055
-1.65323099271813 7.53538818074234 2.86637212602077 5.53570772179554 -2.36199376628622 1.45567332242156 6.46055946620527 7.72537005966889 -1.07730205621179 -0.88501557494419 6.30350822416045 -3.21155954067899 2.13084151311787 -8.27452589556414 -0.190333927216502
-0.265645145624055 -1.41657319176479 -3.36703633123502 -3.30190349734369 -6.23523190291306 1.59200734510693 -5.84096818579109 4.18146172819814 5.66170546011388 -0.349616830575001 -1.43768165192526 -1.94926727123444 -4.66599031708866 -2.74697469921001 -0.178508798000897
-0.315395417900704 -2.0654209910911 1.17982759660069 2.62249494866813 -5.8448913250315 1.3884021078517 -2.24720294708935 6.75899333134819 5.48748454608803 1.79204300110065 2.91180625590883 -3.74184219036087 -5.031547189774 -2.64798873609377 0.0210641791788613
-1.77074355896917 5.61470352639931 1.89114384409943 4.39455476153906 8.15503017976759 2.53938395974455 -0.112537436369273 0.740512364181371 1.13313440684259 6.31216212806242 -6.2640992701861 -12.6192182594297 5.96663369399779 -1.56125463553454 -2.02646725821306
-1.09949744937874 2.16465534188481 3.70669679637633 3.28166574105753 9.74426292294595 5.12986505900207 0.080785336918096 4.96054299154395 6.14867537307834 0.5731603689619 -1.83219696975558 -7.38054836816636 0.859295809882719 1.39981412088887 1.4829097687894
1.11770701234961 5.62616131090225 4.01199434449873 -3.2428015967102 1.34487649274986 0.149767404785884 -2.91478851309673 5.02140658647892 6.93953906960941 1.47273109923381 -1.55135868683005 3.25579986532243 5.04180317773849 3.1343896494795 1.15068235929263
-0.264634569809903 1.73761648247134 6.04721938713186 1.47111844957652 4.94198018383269 6.14063226414462 1.00893831051651 8.38121058461992 9.03676850718795 4.20356530284701 6.17679970022929 7.37999359913827 6.24525205220626 -3.83609669508984 1.76709459246291
-2.97514528141983 2.38699913283366 -2.49287741211948 9.57838961112416 3.82591729038486 -2.54481993848566 -5.19320243292066 4.56914658489447 -0.573107902361166 -3.71496563934191 0.476924774938237 -7.50133149230409 3.62314759124168 -1.46876595388474 4.73613654531972
3.84124428751682 -0.78551345245845 1.01520816541775 -1.05298758912456 -2.28213641439818 2.83578396977511 -0.792437492512366 1.02358468332458 11.482487693676 2.1162184210961 -5.85183090376635 -5.638384695521 2.74150389673532 -7.96067604213266 -0.166619977025222
-2.09711868570896 -5.90211168785468 2.90205282006884 10.2962457236136 3.77000272833945 1.86027553881723 3.06298807714554 0.462798587997812 6.53085254922944 3.29289751210256 2.92886057666595 -2.38435175401517 -4.54881307277817 -3.91976082718772 3.64487301725255
1.64479783072564 2.89569643854607 4.27118225124417 0.531444274677546 2.60802086439809 -1.73532976279104 1.92390714659405 3.43715233434989 0.897295103885233 -2.51689503148531 -3.5367317050397 -0.217033110358202 -0.992052770412632 -11.1748829576726 3.24357993729338
0.592149649158071 -4.13404921899764 -2.87725064541047 -0.0912591539005113 -7.44010118012506 0.0987553505388656 -2.50270653747847 -0.929061284430048 -0.60353481897253 -3.43598016921427 1.66351546875409 -3.95230567340902 -4.72805953897356 1.35060783162634 -1.67660319109794
-1.53865165735084 0.163007808342039 1.33162610403564 9.06374806909805 2.36488797937684 2.26965322433718 -1.53027886083201 3.56426500975805 -0.731377404488447 5.00889610855075 3.62494828587298 -6.85648765302758 10.0007923923502 3.6787563060151 -0.361615973069723
0.73346117856871 -1.56043143668428 -1.17002542271929 5.14561059436673 8.26977452919375 -2.05643599109473 -3.3900657396034 4.75941309269572 1.26314900089901 -3.94982780985955 -1.56898892683799 -5.08333079396815 2.82555401665464 -4.99932355240788 0.103904048716475
0.0654745559351161 4.38752966835195 -3.67159025498237 5.45060170265858 -1.54015185275049 -0.217566715527587 -3.69206066721778 1.31100809684599 -5.61064730790728 -2.04387190678399 -4.44574807080503 -1.377108268515 1.50953094579891 -15.3096076910965 0.569601651200016
1.09502138068716 7.19977593696351 -3.13663232683932 0.597054156514053 6.47377690084414 3.70506856273937 3.757648274163 2.32417230054342 2.43443716212368 6.99091123021929 -2.89089218145491 5.82570965593891 7.16072093004479 -1.23989556365689 -1.56482257352018
-0.646689152627339 0.922908157948457 -0.0231132091543669 -1.56411202665443 -5.67949760538851 -3.4659558473095 -2.0723716935323 0.22225093486603 -2.84636961991321 -1.4212350441044 0.480561912201384 -1.22392629329624 1.10368137706394 -3.01207791774616 3.14237167247966
-0.456729748021186 8.13273728681802 -1.23305473147963 7.19289265181147 4.6655455045185 1.22271501309693 -0.174737183042538 2.21795535476902 -1.1976612807026 -1.29645061633429 3.79219237966835 -4.59293216747825 6.03529796762171 -9.63104306309506 -3.98700921720694
1.60782954981439 -1.29407220709551 7.09739211755197 7.83344157749984 3.56381875831127 3.1022522393719 1.99452876944666 6.71640368964224 -3.88460609602011 4.94185850546122 -2.7970615531972 -0.454901527858199 1.48826763685092 -14.0265763576316 -0.05440818676048
4.54407795840478 2.50834544106331 -2.22759282021377 12.9693178772213 5.6861720210206 -0.00833717559723146 -5.54971841745066 7.2143571298782 2.27928719855315 4.16630015426511 5.1434520124976 2.63246693705965 -7.20458652611214 -4.35162970215193 -5.1769059915947
1.42894007486408 5.74733600393423 5.11933359766569 -0.235243657189037 -4.37081522786698 2.74046134726258 1.24790170251608 1.40299612741031 0.488789548125704 5.45811653110211 3.09200308557589 -4.13607735487832 -2.17368883832345 -0.718972881138092 1.75906277876849
-2.31782661035855 -2.78301345916458 -4.54363369158248 1.42818725999993 -2.01500447308449 2.15163849731446 3.74054517668931 0.526015336558661 -9.7226315263775 0.5643234709974 -0.759485573514121 -3.68073352911896 -6.75056137282592 1.15249772493308 5.54550482345673
-1.77293264754693 -4.2517417445689 -3.78820329024922 10.6846898083337 5.18418476327551 -0.212838697538001 1.64542067042938 0.626961978035479 5.89596852074787 4.70049007733697 1.71923157372425 -1.68271885142737 -5.9626151574866 -4.86143390687827 2.77231644947341
-5.69956636873457 0.24120938370278 -0.71595303418215 1.01096128659186 -0.482839525855358 -4.82661419007209 -0.806821827369012 -2.26725050433277 -1.67978947012209 7.09637797916221 5.6979677056863 -8.49272321019867 6.65607223306592 -4.75084257067628 0.946615867410155
-0.0735510740724601 2.85709140161881 -5.14139636514838 3.15033806171173 -4.00571902678833 -2.21577878469132 -8.5366741951323 2.26081606476377 -0.305709899785462 7.15438775822626 1.26620647247215 -2.98524060169107 -0.928195543607186 -4.27428161612026 5.26445775379234
-1.49210270770309 5.62339041057123 2.37054983046315 -0.209767662807597 1.79799313139599 -1.17149962475601 5.95597028599871 3.91877286837953 0.177326604753134 -1.31227632376688 3.47363646695098 4.68928791454224 3.0280514703309 1.02057905688041 3.56606944951701
-2.11534594919253 2.17760238262525 -11.9948872222118 4.3356808510214 4.33531540345188 3.59867232655109 -3.99391014644826 1.10847617801925 9.5105944118986 -3.34572569482101 -2.72987711068714 4.73398965857099 5.13998576384807 -2.18538483017024 2.3136602986978
-1.64083626171572 -1.08243243950055 -3.22421985782438 0.247017323020216 -4.5340940372493 1.51534122653426 3.99304492027095 5.2501275175814 -3.01788712960387 1.38244030405521 -8.74113984297836 -7.77080933658763 -5.10918374788902 -2.66750571297324 -0.882974440851794
-0.293378948996772 -0.508049478152187 -0.421081965654415 5.5945421713801 4.06075160478395 -1.03586392876372 4.57254305499225 4.53579365999656 1.20747675288414 1.06463639201517 2.59207499726592 -9.15813358306605 4.50434650139191 0.110203511345642 -3.31746785232857
3.00346421434791 3.95498560921753 -3.14235537780115 9.24139789325833 5.45923400795239 -0.0229056491985262 -1.37541216932076 3.49927277979533 2.50289361394956 5.87482961631605 6.63704961581988 2.26617330375072 -7.91586557198829 -4.78115390438193 2.98403426754222
0.443702695684156 -3.7724123928429 -2.37940858558068 -1.1062258563235 4.50853294132173 6.01204639972593 0.659977014164767 5.32742048717597 -1.17513592557744 5.63772008492317 -0.854470391490388 1.80165554182042 4.37763397815893 1.43679477285559 -2.01151481550883
0.066773962417329 -7.22696191830664 5.40913710090441 7.76248083102595 -0.63389462590004 -2.39591558203834 1.72970844120025 3.50322682605334 -6.50635493829297 -1.83987383477344 0.539761916067207 -8.11496475258727 9.80757643239133 -1.28849846698673 -0.950318333998905
5.53051348105061 7.93217897516421 1.5407723472549 2.33854510428828 -5.05335363604015 1.23312748916702 0.646026843648148 3.74343299700347 6.81005000097095 -1.4995939123158 3.97765095045797 -8.33092856724708 -6.67444377038829 -3.84630677340343 2.85296162480163
-2.31912751764916 4.61546707981206 2.66431008731245 5.10176349191108 2.619927138875 3.81015649620174 9.04926697296816 3.00454045219878 -7.21999592323922 4.89566744480509 -2.00117608362257 -5.96384907111248 6.53934990510075 -1.04442427432915 -5.35173113450856
-3.09459298671506 6.83637813200815 3.40642327509553 5.6842624107555 2.56036395024894 -0.3266856898149 -1.49746975022112 2.95433428931486 -4.37898916377915 5.41576375444008 3.60782023294181 -0.420627635675758 5.98867356189641 -14.1915589934026 -2.33130524475455
-0.0478362846864063 0.64836788712226 0.888904412912917 2.64836709349796 -2.07863459465192 5.18817645413413 -6.35760188843409 6.38388315530887 0.377232983640836 2.31819342964955 10.3065044204416 0.24599859469882 2.22844170570776 -16.2223240484174 0.769028617344001
-4.25995153196605 2.78698480026422 2.17259959494274 2.74391663694202 6.03662811481346 4.89755583661883 3.76509040260513 5.7654450941339 1.76206973633043 2.26507100753194 4.59635026045164 3.45883960490489 4.51608684519559 0.800782443630071 -4.12472226575326
3.12181219056217 6.9979369431637 4.79453292991746 5.54096387501966 -0.502317181984655 0.778078600084732 6.31044942980432 6.0869867152647 -2.7249092265432 6.61471504861243 -7.00587585274372 -14.0163544930917 7.00552499253536 -0.0535744941603871 6.81073796894179
2.73011410967177 2.04164608154518 2.45131500040736 0.015657727357608 3.2206950639314 3.25962401209136 3.63786274399214 0.335932003553205 -4.27536168773236 -0.32055111739813 -0.607048396398193 -5.87950498282339 1.76524342173901 -18.4673785131277 3.70491594317983
1.24796881012097 -5.60286121979288 0.337965396585933 5.66952376015509 4.75560932003055 1.59520403319314 -0.569349717023699 8.78872241038731 0.393960996068941 2.83099317956387 -1.60461315009404 -10.839237561361 8.57747048199477 0.924617494625986 3.89576050114723
-1.65011782920083 -0.844313975488897 -6.86192829659268 2.79863906056157 -3.51787405492822 0.53435793225699 1.03977975029808 2.04733459711692 -9.97582434469284 -1.41977246218319 3.60493207720001 -1.46050276415016 -3.48535239664931 -0.488361706870195 5.09322482706011
5.1590209380751 4.73759841162733 -0.99224601430224 0.450498005967045 2.9550131560015 0.572223367589086 -3.99628760017509 5.13729739483739 -1.73193333095796 3.65108568298482 -4.29239262560022 5.62505831346315 2.21638963753777 1.40439200056099 3.71578851279227
-4.55014897537635 5.28908912598561 5.46019181615613 9.07322525983535 7.61883195848132 -0.913128102740714 1.75902311324304 6.5658111263456 3.36490787394518 3.37042436309 -1.76715672440297 0.662447440452098 -6.8788934267412 1.4100039419475 5.28238993905861
0.444963341230961 1.99735436847541 6.1640696967155 0.220546816756158 -4.24498291766603 5.06863584794917 13.2224810694861 7.39335401688703 -0.450072868690879 1.3623667738036 5.10855257605143 -7.67024712836038 -8.08153729943577 1.24468148572206 5.95166621406176
2.92335034870528 3.95072697991021 -2.06829340525218 0.372675710748533 3.21944724432893 8.39524185318236 7.01159902833412 -2.53043665430664 -5.21381063414397 1.64481739489256 -2.67856963732776 3.15704337261081 4.8257394384543 2.24851635611008 0.618325729670934
-1.44320065005978 2.939062767441 -3.3445375885194 10.9592163320665 4.57345235499706 4.3611095686338 5.17520434121719 8.01889345429065 -2.05047094443532 -3.39882599579633 1.72754481217821 2.25629107737614 -9.26794893151357 -4.2479057141667 0.0513487585957322
2.02587418309791 5.74754352195888 -1.60150947529332 -0.189811361064758 8.7559340591898 2.67287173232549 -4.53337187921966 3.43730080005979 -10.3018296796134 4.84588430579472 1.83074015111179 4.09602450455674 3.25187114631678 0.145107979238187 -0.0428186766067873
-1.0740656464571 1.34198392358734 2.09537713921297 -1.43072514042004 -5.5508539271725 5.46846429690415 -9.40290236135191 3.91984195143168 1.53454934136258 1.30513683747099 -1.93169462263067 -3.67407678760411 -3.56423207891493 -2.58654661320627 -1.28571697838482
-3.62525724888209 -7.27314607841579 -1.54252912193168 4.94714456670769 3.6916579524296 3.11183230925657 0.991584662441794 4.16805782452994 11.4910191903743 0.796893153810852 -5.19798335055851 -2.31253699422362 6.2138538577345 -12.3432690870443 4.88271926822308
-4.21961749653159 -1.9514963073149 0.626562767828706 -2.90782974946569 -5.05890621225504 2.87884632890606 -0.82093015230233 -4.52321296829496 -5.48177385149028 0.0490525891745817 2.54462031387285 -1.75884164977155 -5.23344436082222 -5.54337028340076 10.4203979408281
-1.97505281712094 -3.32231102314997 -0.262271924429447 -0.566430320766984 2.47563707790211 2.75716237849599 4.35098759260744 3.98522492110877 3.29454480843138 -0.735059964288642 -3.94102862353177 -6.83512463272986 3.83500088405231 -10.4989312851415 -3.90000865361913
4.0524789742318 2.51977555873443 2.19950926477914 7.04301139802458 -2.47002248742273 -2.90595450120937 -2.24738196601113 6.64416840464754 3.92570283246943 2.85500743431665 -0.0588850770699567 -5.27611373099669 4.61482476018227 -11.5980896083246 -5.37296066050533
-1.78374607835152 5.74172888550157 -0.569462665487104 6.44251044390112 2.99048941015654 2.14908178278854 0.222761840218285 3.37997425184952 -10.4068161806176 1.41285347437799 10.5596432853083 -14.0495985648752 7.101121830042 -8.01107523788574 4.62886856524931
-0.289511782327819 -2.97244334114063 0.373700916157204 8.80521433532397 5.71380860244777 4.42083068201197 7.6071007814458 5.41528455614925 7.45982735220927 2.25531183019562 3.67707879042148 1.26461926135322 -9.12607525870227 -2.62259559776448 0.845128065572654
0.250965199586327 5.36812570421779 -1.4165727241128 -5.30555857950419 5.43861026813397 3.50754587710169 3.2481796012045 4.19055192199169 4.08393745282639 -0.449115645570078 0.043633447632631 5.73217075947601 4.11136832956799 1.00151019364702 4.2203993221368
-2.59330372592911 4.46861802202599 4.11685654907327 2.49171496146268 4.86670594088236 5.41985344327613 0.10843457417225 3.91237713403207 -8.50773893726563 -4.44212851801035 2.33855965486092 0.792274617103836 3.94346774509938 1.91981558026859 2.00456388977911
1.94393943994635 -1.1117208463456 8.0128120201605 5.44570870022297 0.823047962494536 4.92825962720101 1.92044680598455 5.37851851606654 7.27712554162484 -1.71687875403234 0.374700961825024 -5.68070016826034 2.06860189101315 -10.5943005156543 4.58533547434456
-1.06753973163678 -7.63188726506782 -5.54727570081938 -1.63943747164703 0.466763547768331 1.83653573823628 10.157397598165 1.80514314094643 -3.20997905317963 2.15334863960298 1.95919419125322 -2.67216469035678 -5.76048405772256 -9.13762176166919 2.94933242688914
1.03861544026048 5.61661403596538 -2.50416901346593 0.116914779816811 -6.78639311661594 -3.20380151724222 0.674651509069151 5.81465729115124 -2.75945620886772 -0.493774171129221 4.04992105920556 -6.96022668878684 -6.6050380440849 -1.38653768532187 1.61384137516232
-0.455267756690956 2.82169779269949 4.0243544960922 7.53690396657864 6.14340368587308 6.6029007311359 3.79790922012483 3.3976124425966 2.2555577115511 0.729334335724537 2.4891478565552 -13.0938631249219 0.185241911825853 -0.938486865180701 1.4753431978341
2.02052178440131 3.36048238955748 -0.331832518485428 9.36322989917892 6.3427209364758 5.8701588202423 12.2029547794275 5.01823775477767 5.0437263658893 2.29933595308602 -0.298241925702516 0.787700186859073 -6.89379973479781 -2.76474809469321 1.23151777506859
-3.91287051046151 1.38911898742065 0.82926116390358 3.46033930180191 2.80647396593007 0.759143198375462 -1.39347274817157 3.98476920586029 5.35480923218354 -3.30863713478943 5.79549096684981 -1.88364385196906 3.14884365052038 -12.9478402135705 2.39395231243456
1.0389725952956 2.1726209246205 2.66005086140265 6.69935619166962 -3.16430831549927 -1.91226774914726 5.79649032282545 6.8645117463657 0.710886963922841 -3.126516931533 -2.38187732234619 6.47680249590573 0.929851323161322 -8.06257388618724 2.26675282705783
1.80679573476476 10.2192883591583 2.5316726701041 0.256512742892751 5.16682436010027 8.21110906275285 6.37111904540059 4.52623667695522 9.45680293913942 4.82773860318943 -2.41742623994439 3.90027076937559 6.14979420222816 2.62067363701688 4.54446040550626
-3.44586964426266 5.57214641954867 3.756301763647 0.861642402004485 6.32569428394316 4.0060768223186 -3.94218565667662 8.05078728677141 1.10839135595434 -0.356339403575526 3.90908238713583 1.57884355243043 2.00631175639335 3.56210163139334 8.32262271004046
-0.63142360412015 -1.4550447861977 -7.51076124429934 -3.79883870608856 4.62369425073555 -1.24021839416775 0.410704418607806 3.08774013538098 -8.2018972868805 1.68531735527034 -2.46856857523922 5.22828720292663 4.30587669892506 3.95340183373918 -1.49935095373652
0.101000907878619 -6.65353647237636 3.69812915049728 5.08092173325553 4.85764996791954 1.24643269438395 -4.76050871111409 2.25690660869631 7.15714438298625 2.92658310735631 0.660567262790396 8.35697628570352 7.21570664683263 0.777005507603569 0.413843311438103
1.96519289257076 10.8467851074128 -4.10617824103217 9.14169760891205 6.21338293856064 4.69791746567814 -8.33877350031634 4.62116484204964 -1.50333667178377 3.88314673439137 4.35230969840652 -0.957401339747168 -4.01321929479824 0.955840487453097 0.900755706537871
2.40480926549106 -6.90724649611424 5.24513558078438 7.36004836013165 2.25697804200719 -2.81485364142826 -4.95787914370277 2.02408400510211 7.48123296170459 -6.54702792216095 -8.0035181694995 -15.1123767342944 4.10211776990446 -5.78046748096279 1.48993774013984
-1.75178092042014 10.0170161799623 8.29339083869786 7.83441061500471 6.15361365634516 7.94333915265657 -3.75131661470749 2.25401833244804 0.0774830868826075 3.82256509296366 -0.398774909306739 -13.132116211809 0.95763223266096 3.30670417778749 5.10463559826144
1.0259115640365 7.60415665385215 4.26982247839799 -2.80528595218314 -9.12946033674103 3.30181134652515 8.52718518887892 5.58589119729063 -1.8261664236258 -0.482094465930678 -0.556613444101186 -5.41348800592899 -9.97960189046852 -3.28696505552877 -0.247031021527079
-5.45671860775044 8.04691455784268 2.30090161464132 5.70352892674802 4.05891474162571 1.67100351041434 0.879228261257436 7.86627136368084 3.97387472903471 1.85390105482451 -1.66161721780541 0.250525262923386 -2.04668770649061 -14.9403347896388 1.51537465701855
-1.95408187776216 -0.492222867945446 2.72542513182224 2.80819166235854 5.68576971236176 7.28791246828444 2.67345610431226 6.1925278583276 -0.575550405343468 -0.561644258537704 0.751903442458363 7.41313565773201 3.69042870067259 0.14706968636145 0.398974569366095
-1.81287826982306 0.35041457713445 -3.06309614063195 2.47349717952948 1.83587197101691 3.18173205978216 -2.85215168740035 1.15097105259359 4.56662081629443 -1.87335152155984 -1.35146011512855 -3.62975988076522 4.05032314548558 -10.1500095550906 2.83175937833293
-3.04222307181858 2.40641656934676 0.990203314779686 0.946723490331982 -3.94008742674967 5.47660595810887 4.51686274363317 -0.361292493247113 -0.315184761476664 -0.224385991527244 -2.29441224145121 -6.78704477199161 -5.43525495382975 -2.83642749963708 4.08056459915126
0.0792385643566016 2.93620917371596 -0.207853532113572 6.53340642721048 5.04014839348336 3.20616645293708 -0.753165617644949 1.78392753551885 -2.71537045424959 0.610538492489386 4.61386832752606 3.85527484767172 4.87709173908448 -0.520893863139399 5.63823586880046
-2.59708199051721 1.46333536897429 4.72414247065923 1.95876976628074 -2.65168072312059 3.20960435132874 -3.35713499953475 -1.69458383036581 -2.5651175088825 -1.51067736719385 -9.08856875267382 -2.4718551842482 -1.27516235913685 -11.7325438475723 0.435386824660992
1.61293483143887 4.37522884174832 -2.2056239657402 12.2814395986139 5.90619786893521 0.0564112565584496 -0.686479859459914 1.97379724969876 4.99818349384792 3.53480047732328 0.100596320190197 2.47686580284826 -6.21929687893179 -3.74854060824105 -3.69189741718855
0.353159208554663 -1.05317813898434 -2.41193056856059 0.940166228059281 -4.84129355173671 1.67700689411477 3.46056947715614 -0.166904287108519 4.01464336910204 -0.365715612602656 1.95008701278454 -8.44240310440553 -3.1344265393967 -3.63381244553876 -1.19528917576661
-1.44824905566884 -0.917015486175347 1.77784584676422 2.41860601632394 3.34137963157963 0.40810848903191 -2.97564184622632 3.52595626348082 -3.87213017931768 7.44252368095469 0.246805077885336 3.43235489501148 6.33242651250652 1.43091365281996 11.2788825584016
-0.124723853477751 -5.90663729803561 -4.45728548825048 2.97719689022887 -2.70336719826789 -0.30623856521915 4.96186844295837 1.44612034299509 7.8897217020298 7.46415731270876 -2.32123866224622 1.09739622185238 6.9085821215072 -10.3305503694954 5.21287813294933
0.472351750417227 -2.69697951719865 -2.16594973395653 -4.00840413025218 2.30616427256421 -2.44389647909435 -9.53654129463992 6.7922211526835 -4.27552838200441 -0.433687431385832 1.1051195103667 2.70548845040424 4.26868983481251 2.89494557617786 2.16549523962851
3.20286295830651 -0.342470889508824 -1.63174060186874 3.69322661132197 2.88598524447321 2.56989767264798 1.90486219070422 4.30722211984924 10.8155476912848 3.31924519553202 1.97341255414142 5.99999587667507 6.15343370884105 1.39220381542389 3.26893074844048
4.0124708847226 -4.12486214341968 -1.73349832175081 -0.115402625460726 -3.85557247463728 5.66198810811045 10.9225276757423 4.25828178209291 3.13252652399745 -1.08472394430162 10.2051942938238 -6.00651987367362 -4.24194158872594 2.2009126098488 8.50205599145584
-1.0112154498993 5.28446759822249 4.45706888272777 11.0370197284918 11.6086876583971 5.34369180388645 7.0408916867542 5.92086287315109 -5.00069197739254 4.4337241720227 -5.60993129006724 -4.34528667915817 3.88256104923645 2.97877205346945 -6.92796148888542
-1.75931440052721 0.844523980168661 -0.542338996512464 -1.74023267157707 2.93844299868905 -4.70932520101168 -0.841263681965554 2.41519654307459 -1.40071212085856 6.39233885319367 -5.6859503391716 4.44003167304694 6.55473221597576 -0.406393884395772 3.1085969400998
-1.32775452428475 7.4002351285653 0.751266952990899 0.149568450969557 5.79170456076558 -1.14302291270416 8.00995219844463 0.124504783575976 -9.3908984210169 2.86076183341259 -0.807909211842906 7.59568365343898 4.85729614214102 -0.179694407353584 -4.5085086395292
1.12697969658906 4.05037635406911 -1.49914349678876 3.83614175690356 8.74143070773278 6.73442304887342 4.39226331027588 4.45454588432774 -3.72218062892423 1.09515109581215 -0.150369363540101 -10.2573286989607 7.43257041142323 -1.10620435342986 0.693735693017766
-2.55299170815828 0.819445294202679 -0.679575926946225 -0.274596920631317 -4.89951747950144 3.83297632906213 0.479195615658029 7.05300879860485 2.28035538756857 1.20612302846989 -3.49606646600352 -1.91765848538249 -3.45751320471402 -0.070599651992354 5.81351235542795
-2.23620766962274 -0.398247393177647 -1.4891876033084 -0.405585627841347 -4.18619294466977 3.73067450130308 0.0723331779399881 5.33043881318178 2.97103604334794 1.31661222734787 8.33424892503086 -5.65253724136729 -1.90576378516823 5.78511873738989 4.979823844951
-3.16898220429531 2.97089936741344 0.634040358670261 1.60384087757334 -2.7159900501337 -2.1857534283112 7.02504158936127 6.49384137230079 2.77583357282811 0.93274216577494 2.22301180712763 -5.36351790403436 -1.24045402830981 -0.940763452476203 -3.76694912092936
0.0279168031206495 -3.55349123482401 2.45949559394013 12.0254375946353 5.18218470291803 1.59835901729414 2.33900453387006 0.484588236215243 0.640792890715108 4.02575158276422 3.45910986711332 0.640918960948869 -8.1882763196987 -4.90278095780604 0.707105094970754
-2.17320548939368 -3.55889310405588 2.57036502758113 6.79449723356 5.93610526482394 0.608680031814459 5.66174471128103 3.86969920128577 6.00188996403235 4.46391171705608 7.87770794846093 -12.8262269486179 3.38828398944512 -2.9194430044353 2.55430816023166
0.315397203394614 -5.36919742254389 0.55099754982058 11.6966681159196 4.04788671907559 2.976554965792 4.06945293704159 4.97967787828501 -3.32489871042019 -1.49520255198351 -5.40723515083029 -8.58763713311977 1.69572284043563 5.9322252048211 8.73902455124502
0.610508385704652 2.40642429166887 -2.76148035517382 5.13978079311048 0.036704272065208 1.70970275707322 -8.99697694041622 1.52702514512746 -6.44781086597089 3.30301915263711 5.11903046072536 1.3233704088234 3.74797749711519 -9.38269065878772 -0.780370317212835
0.408303334750572 2.48445088516963 3.03941845461515 1.58907495910112 -3.28685556151909 -4.27986550735088 3.37165307425042 1.82458508786314 2.16396750371252 -0.459080724136263 6.08149177648122 -4.02079935965251 -3.10610227786848 1.8811203956598 0.266581328287724
1.03452265883701 9.1745680587605 -0.576822170349661 13.0486738587769 3.35460963485566 1.72068264428499 -6.35201318630207 2.84218226962929 -6.48635184165381 4.59999429782012 8.13175264782951 2.86815413007178 -7.57849594974299 -2.45907800262731 1.98050135325034
2.72683326092652 0.315127044691914 -5.83805833987144 9.75517304221837 2.10359391456721 5.97084817156786 0.889798003803282 6.87908804368154 -0.926979820402492 0.396608264885612 -0.816128637407705 -7.41688512489216 1.96445519224358 -2.46977892172598 3.6520988845572
-0.21633080336742 3.99365792027487 -4.11817627504075 11.2214290874916 1.9021906149301 3.65577975694196 -1.36666051792374 6.495477914315 -0.172190309728381 1.97520683891267 5.93049966133989 -10.2338259272697 1.77296418057658 -0.470156845288171 2.41713203482767
-4.36726207721607 7.61260073633155 0.132469399169478 9.34348690486643 7.53095287907329 3.80725866856194 1.81630613177868 4.07711254710329 0.371792245278036 -1.07541432043524 1.29989110127465 3.36914841664129 -5.76512489236421 0.889928816323823 1.84628447303333
2.04329266891063 -3.86269881807766 -5.2628097447114 -1.66915094562598 2.88927471506273 2.27256116881587 9.10225677639456 3.9730176239348 -6.10702099254504 -0.131571943223062 0.617104798548892 4.62160781837306 6.83136324373926 0.982707904624914 -3.60852686925277
-2.15121736538756 -1.79814200727484 -2.41469125912253 2.07612282874139 3.71909585977586 1.5624561179258 -3.32955292447281 5.92134907541933 -11.6508636755733 3.3899364015584 -0.305634671164197 3.81014801342845 6.41552501545536 0.351798115552259 0.0503155499924617
0.480630584774351 3.51858397691842 4.4866709739247 -0.502602098503212 2.15439365966772 -1.01785852658871 1.27422738410103 6.22536597259761 0.674465585586487 4.89877055020136 1.24927924186797 -4.23082894055386 1.24238525584954 -12.2744319061382 3.79737732327519
2.31918919590936 7.1892931410572 7.1548068884759 9.20653254510489 4.64489572653743 3.00501666109102 10.1642344074267 7.54009317212543 -1.17294791993215 4.55243206620045 3.07637491384014 1.66352295926929 -6.38133776572078 0.338995276258364 1.07753482391243
5.24368396051329 8.25599571337865 1.2580216970329 3.96756522943114 3.63389909222459 1.90563195319882 -4.69645952130136 1.51035940731913 3.81486351404731 4.18931420283247 9.29898950825302 3.44562596742394 2.61894532371183 2.3661714961582 0.406560710836755
0.251657138460952 3.06414732162232 1.63206461937268 2.74774324281331 3.89820265484004 -0.101675151773955 10.022790831814 5.27392470761075 -1.3100284743076 0.329891914729787 -3.20774476692738 3.23333451664653 5.73270207462517 -4.62901250469966 3.41926828544043
1.48756555135937 1.74830329525888 -4.15564857387119 6.77107776799369 3.27711260029993 6.80283838571683 -1.78273469008851 3.81838674910072 9.71462135399953 4.50515742568852 1.59191677840708 -11.6871091622686 1.7317289870422 1.92180130270774 3.22199502575968
-0.435530799679542 1.98074468164611 -1.98716884714099 0.526346211969647 4.00978022631678 -0.311618045762099 -2.75375229887121 2.38326252887877 -1.63164825341518 3.3043621703212 1.13035597171881 3.81087168252332 4.3608625303842 1.03994987313915 -4.30977969465355
4.73963909954166 -1.22488887729556 13.4262866496956 12.2903104147619 4.89864272449531 3.67992944513396 9.8993931393828 2.84222262076184 5.87041775144582 0.938449576561893 1.16308873691815 3.9844316315113 -7.91297594833265 -3.40244732082829 3.1400065111197
