x1 x2 x3 x4 x5 x6 x7 x8 x9 x10 x11 x12 x13
-2.19854311610486 -7.164003057505 -1.105094935296 -0.780146012156279 -2.46977407211292 -2.80745740995754 -2.09938532999763 -6.98393076615326 -5.95294323491692 0.432113944147194 0.259819025465136 -5.83332829259185 2.20827149231294
-2.95639096833314 -2.79640358176605 -7.63969064269342 -4.73445024404655 -1.3331267584258 -3.44120799364594 -3.41397346652813 5.59754021895107 -2.89878420413659 1.72743591887465 -2.0502854198612 -5.89608572060071 -2.3362352393673
-1.81040443849212 -7.58961452989675 -1.70058060346372 7.55963571147717 0.316104764312182 -3.95603128566244 -1.52745078425601 -6.97079863161106 -1.59983748044559 -5.14180061892632 -3.78202997675799 -6.93553828586573 1.66632008903538
-3.88186449621657 -3.65593359707393 -1.0153151660653 3.37400995214333 -3.42178801190203 -6.72764066280302 -3.59988014912345 0.601986880611737 -3.97136273299208 1.97208406140451 -0.191535636934924 0.365857241401415 -8.18432790099339
-3.02169010904398 -4.90195595812926 3.13420928201321 2.65813661812523 -2.27432391912247 -4.27953511804018 -1.81311579098798 -3.22671052427896 -2.75939256372084 -1.2013524032438 -2.22891375528541 -4.0684175545468 -1.47528239994704
0.670254716611731 4.01135369772282 -3.80353940211478 -4.4817380754289 3.28977781153623 1.93470202307928 2.20430392566517 -3.61355111258739 1.13468633229099 1.0017424613683 3.13170882942631 3.62145212632135 2.16055249327686
-0.28116336452188 -3.34130037966937 8.80961658600604 -1.52834083206977 -3.69643100372139 -4.83811399399955 -1.51688016063097 -7.99461770014147 -2.84547922343682 -4.52732755089861 -2.2039932198308 -4.61162444397199 -2.73461759335946
-3.28110114829854 -4.13238129077512 1.29064643489331 1.60203159827411 -1.76172324675036 -4.74314438048694 -0.196878366399477 8.64175674793563 -5.55461246088192 -2.15477158483307 -3.99072246890205 -2.07483866885158 -0.0936183466159906
-2.61712703108175 -7.94212060004903 -11.701460272204 -4.8677257457997 0.229949845440184 -2.52820365505637 -2.48152482187621 6.76167120213245 -4.00621947029776 -0.771470013427285 1.4681896693853 -2.33821479744359 -2.80902976292884
2.98625700424734 0.72289024710921 -2.70647882781851 -0.917222535568168 4.66186235139746 6.5895458738939 3.1026776912878 7.19178537134936 2.46126128192822 2.71002950933084 4.28589561720767 1.64829858494335 3.28063599634259
1.0103554972142 -0.385557956015423 -8.99015922662256 0.360391620407929 2.88574523941093 3.60867606007761 2.9395236006768 -3.87109640923423 1.98612170751897 0.451187439447174 0.994788031825998 5.36623039878626 4.5058411827015
4.36782694210486 -2.09797280137229 -0.779502958008969 2.0743765498612 -2.83132529629241 -3.04683183744541 0.369341563834045 -14.4246573699001 -1.15293573941699 4.07717066135505 -7.12193975030196 -0.0756561990804108 0.595041316231904
-0.113841398717935 -0.549575655821255 1.39426487511243 15.2654884124026 2.41252853976662 6.26349380827951 4.68897070020781 -3.34324422703143 2.96930516234518 0.634407566823828 4.86869326813547 1.06525327786121 1.55860789185179
2.90799101629581 6.15438339447153 0.751949535486259 1.51095980047458 2.48170497574486 2.4554708433718 0.155471821343374 5.63171263661211 1.10000067070601 2.67107817050402 0.57662127069845 3.73692363457398 -3.19817380875709
-1.88306614089394 -7.00925930026084 0.583128295081141 7.19511757989964 -0.650118486197534 -5.23835513638928 -0.0662035379259853 -3.06121441433494 -4.80527651929328 -5.2564216488535 -3.06999826175608 -2.42788024703395 -0.551023966300615
-0.913688692069658 -5.76819507237031 -0.906205947911569 -8.81065800835631 -3.95120777927833 -2.22020587514764 -4.57298741089582 7.32864979223622 -3.24064008118335 -1.79542564687961 -0.387750287871074 0.620933043340463 2.56149551402253
3.04456127302736 1.96738823231551 -1.43285307706834 -5.81497881940014 2.07770024765616 4.05970760544353 0.605868407934652 0.77696311577325 4.55496396663321 0.672599751710477 0.949276172895301 6.83118496664596 0.604603260911244
2.45222788918255 7.55284171178008 -4.44990794596405 4.99905513792818 5.84180836126092 1.43938955853426 -0.394496759603265 8.31064680887876 2.66904477765564 1.14842046932245 1.66190440351364 4.74631686830186 2.26964648146566
1.31954817992117 -4.85178682080981 -1.86851759602702 -2.59275724880549 0.463644191385397 -2.35424697339427 -0.185355856862654 -2.35024521378945 -4.54364499632524 -2.89025346964293 -1.24339851897673 -1.31786084451002 0.288897065223007
-4.99645770812881 0.881810177667464 3.53071024348868 1.97309618046216 0.777216971779871 -3.12888685756875 -1.38676147267418 0.882328898366774 -9.61322508328085 -1.34249753848103 -2.40303220944917 -0.621899454840965 -6.583432727783
4.32938000423927 -2.38038281375322 9.21676230402925 -15.3483434759924 3.41698760137992 -0.0644005244771826 1.45413582675287 5.94562249761775 3.15261951967193 1.94960964381907 -0.537455584289388 3.68623305739539 -5.34494957973723
1.49354926524916 -3.74366502386551 4.73798838483069 2.64805009301465 -3.83148826339717 -3.34920460537488 -0.755911996517137 1.96151862980051 -2.30473289141848 -0.0289884281888635 -3.95109391705565 -7.5067392317997 -1.53518178003166
0.989267712662639 6.16112165547613 -8.12533930884939 -6.42283818607387 3.53788767638992 -0.672260177184434 2.66770395173193 -5.10841100374965 4.3353999773723 2.44100295787869 1.19439745101415 2.31821273805888 2.14963086768463
1.38571886196377 4.83671632523745 -10.8203266534026 -0.128591331957856 0.604537982331007 2.35490891865712 7.3499072101968 4.85967039132661 4.80651320407708 1.75123406086197 1.42046613005224 -1.8563148743619 3.124927759881
-0.811097519867067 2.10353011134606 -13.2810580768634 16.0172075623851 4.01437818624077 2.54138656781179 -0.208785252047241 -4.16770873316912 2.96948693705854 1.37927601046072 -0.250048877119198 6.73354224417551 3.70972734613708
0.494625486021193 -5.90381560292425 7.02334458640795 -8.95740053186758 -4.40350110619794 -5.780341262197 -2.39773897377851 8.08116597873431 1.45463090849905 -1.10306562483589 -3.05299017109443 -2.81284563865701 -5.6374061793932
-2.49704521505587 3.9120829679872 -2.99890965015041 0.427257210787889 5.10205020344557 10.3109196223576 0.346617104481056 -7.00783242072261 2.34604962376086 2.60474863778169 1.22938246861846 3.97798015974019 4.09872457154521
-1.26718606185285 7.73348981600342 3.6500296748135 8.71498034075814 2.27253734918254 6.51322076557009 1.10060989768759 0.521231379653876 2.97470123211146 4.05921812125901 -1.30725851902408 2.19446674489432 0.63220848734985
1.22774560722058 3.84254188556972 -6.32308707418364 1.61661681393015 1.16646412458869 0.44906399690756 4.24877842540324 -2.48668159079898 4.14849372197183 -0.129398090789651 4.97567660611764 0.126224602918984 1.35534231529491
-3.75147880812606 -3.91825271694997 -4.06090269606805 4.52319482371295 -8.91177850573286 -4.81447711031329 -5.04056027805063 -6.43132313760333 -4.42232448904077 -0.492809014305234 -3.21319772594306 -2.08807256841182 -4.78612687746026
-2.64188145088648 -9.52022274370752 12.427425694221 4.80384245294878 -1.55757074967263 -3.24494329053198 -3.52394026271393 15.6037385699085 -0.775808783154432 3.7354043379134 -2.89725955458343 -5.60669750251327 -2.12440421983578
-0.739269152310726 -3.44422151667974 1.1201696262661 1.12141435627631 -0.869682251529876 -2.18378650116747 -1.22000026876159 -4.43408945002302 -4.73885223587172 -5.6695145002653 -4.2432707752285 -3.18047349968145 -2.03703856257356
2.40745032320532 -4.51989314519195 12.5719382663492 4.27359671733605 -4.8630756792888 -3.44869576021082 -3.80061476572449 3.09679014024373 3.78483521888559 -0.972588133258185 -1.74263648374648 -0.184888440275585 -4.81386701180946
-0.98119964111092 2.3099296627398 -2.59868311398926 2.06687795115068 1.70710317873135 0.785506703152129 -2.93866629801642 -1.08093433656707 0.984413306703681 2.39440191615347 -0.375012297714149 6.9073580192391 -0.64913770033543
0.418747444330347 8.34372621118727 -9.47119139797753 3.78434097233478 1.56627672607016 6.36854301609699 0.796620002919729 -7.42954777590908 1.96894375193595 1.45500167084798 -0.11314741815223 5.69237845333347 1.42048277968036
-2.24064185103273 -4.20770870873607 0.424412031786258 -10.2087469033091 -1.47542147737911 -5.02831171553776 -3.78934386354272 -3.81218322009456 -4.7342648903699 -2.18227716829645 0.639712777480596 -2.51064385652538 -0.978767077089347
3.25629655791077 4.20288566956701 1.6225923846619 -0.605672606382357 1.59752704640519 3.45727010483433 0.476346724738674 11.9364327691441 -0.00249200244113723 2.59366188959795 1.57267631239916 6.12247837049866 -0.33131550369141
-0.496962369218688 2.01532107737841 9.75515734240611 3.13196945114191 3.5674015450049 4.1935756607014 0.900569278376283 -0.968870184537521 2.38100397947895 1.56534558979124 -0.318831392367842 5.42321944452297 -1.16733436316884
-0.708227603077883 -1.31858219595476 3.794534244092 -6.36212580294154 0.647452636334668 -5.07554881164285 -1.96606455494244 4.42858465044382 0.520493303875487 -3.78046439595275 -7.37271415323776 2.54445528632381 2.47414121673783
-1.7043518891345 1.28681406803301 6.4229273218661 -9.20438495730898 -3.20905836238565 -3.18252926037118 -2.00116023948702 8.60569586980608 -0.720914445403806 -4.64986243327526 -0.94456463456948 -4.05620194179756 -2.06417620629485
2.76603970576908 2.13220370187756 9.01738069494444 1.65850037432547 5.29590125169358 5.51154828197064 -1.37151172760104 3.96499937530044 2.41017088475284 -3.21427716979025 4.79753825309229 4.04782056633816 -1.06371659386039
1.67506337163552 0.679657806150834 -2.38739283748699 6.73458679093043 1.58172891060818 6.10336590531775 -0.0709535639838588 6.71670488424394 1.97116102326589 2.64958235180233 0.944477122347257 6.15348252714879 4.60940272384057
-1.35433474859805 4.60209831916259 5.39908917101433 0.23838098125459 -0.517342343718209 2.92328605519225 -2.48517344754253 -11.9873355635325 1.97722372387905 -3.60347341843835 0.408677227030113 0.944835684434283 -3.22795198545771
1.74139744060699 5.80760094406791 -4.12353480912002 -13.8019221509062 2.88426120556869 1.40318015752443 3.47012048156468 4.6071672414144 3.58946979334834 1.28133190318516 2.78592259748601 -0.864997166318542 3.86702619320802
3.64938768458925 -0.293528721570617 8.02687392055736 -8.66288324759547 -3.80390497106602 -3.99182000322455 -1.04136682862822 -13.550652947557 -4.34207758696145 -2.39538709592825 2.48430101723508 -6.66082866222088 -8.50980524660322
2.1295146557447 1.61850519861736 -5.52376335645041 -4.41199533052523 -2.83407392757201 -4.51473207698 -0.88330682609083 6.20476743678316 -1.73497959535302 5.04001093365893 -3.27491358632162 -5.44056891498143 -2.64460626793563
2.23307946613394 5.98797000376652 -1.18130369782194 -20.8141593110184 3.89968406597328 5.64032510566543 2.03251801163487 7.99137052814908 3.60361666180265 0.534146817503311 -0.787625101800492 3.5089449023887 3.53118492536949
3.97743737626516 3.52215818385292 -5.57039148565271 4.1207051441244 2.43464630144422 3.75995417314752 2.14324962079857 6.04695696444718 2.54505864295889 1.4163835684825 3.95595055323939 4.76461594019188 -0.378041505854287
2.30340377115552 6.40295765409318 12.869776986103 2.45052735251211 1.77258248745339 8.60472737462547 1.78236537933919 -6.55667571747959 2.4847851469845 0.0649932070588592 0.811377509711667 5.43654285460587 2.2313097626081
0.651962307159303 2.70542651804417 -6.87415807240833 5.64421558353965 2.48793406937784 1.53336807514249 -0.372166841597654 12.6636089027551 0.757845567729094 0.204941675377054 3.07854871467558 5.01253691171044 1.61569082656475
-2.70359176295497 -2.45661476314704 2.15416203732488 -11.8923871257191 -4.99768729460432 -5.01751502131373 -3.96879863432498 2.90044080984722 -4.97139712467814 2.25972492249632 -3.1609475281883 0.00316359727297666 -2.85659995193249
-3.04342204963069 -5.85059155393546 -2.18058042450835 -15.2258479360365 -4.42512816433316 -4.48434189123398 -3.60249330619795 12.18575961266 -5.45519802030847 1.90944853778186 -4.37871546224899 -3.48006362552618 -5.44849754933012
3.26519863625136 2.51322474471705 13.632925023357 5.08646409426714 5.68452243046727 4.19611544125547 3.77032861193612 -5.00614650461812 2.53525213265276 -0.431113108420045 2.88158238840796 2.18001481671165 0.146846967129163
4.79704254229933 -6.02629677947603 8.25657639255067 5.25555260487687 -1.70764232283479 -3.91419615681549 0.432135767731039 5.69328324706666 -3.96025506854222 -1.92957300435088 2.23307640285722 -1.76278031874987 -2.21109461380557
-1.06120422507745 -1.62235930225535 2.32002773654429 8.79816250005012 -2.93345728228307 -5.33476326984227 -2.16301915154494 16.914468662282 -2.99680218747992 0.882098032281037 -5.87885947894904 -3.28752534377267 -2.29754311653892
3.76679455143808 5.20554665134826 7.49849667757017 9.07192823974158 4.55477923443898 5.48389153837039 0.872641476813408 -10.6902631670978 2.78958204710186 0.511156885657808 3.5140087233203 4.53035230921904 -2.26966315385884
-0.962726661443051 -1.61852348087518 -6.16111671521714 21.2394346737567 -5.92214555892492 -2.12703823201421 -2.67470091357589 7.16908035038597 2.78100497445068 -3.58989606530136 0.575626191192528 -4.74762787984203 -0.0939356415511716
0.925712950378166 -5.94760163944482 -8.63490307168034 6.40429617380561 -3.78033151828071 -2.61356353822988 -3.86200190253159 2.0736890519802 -1.47234595439423 -0.763107149573839 -3.63642397594554 -0.875412286977194 -3.70481555627918
5.91319423823631 9.1825228897169 -4.08724304800143 -15.2859753812036 2.11623638312403 2.1863921016204 2.6385795902302 0.612183838982617 3.96693260819836 2.53417870317891 2.16796259064318 3.0951658549343 0.861496143600064
-0.911721122914964 10.4862802640834 2.43317662429838 0.856847603569478 4.68411111194326 3.65909959193008 2.89681564719892 11.3073993774766 3.7208313687205 3.64849853878225 4.48335097428567 2.77912973877224 0.244752629475371
-10.2515992176823 -1.48362550281395 -13.7892137356706 -1.48972096234683 -3.9996373198587 -4.9986737170752 -3.03941006326399 -3.9274723128995 -1.86082845049857 2.7191583063529 -0.573860926415973 -5.56372132666377 -0.12623363058855
-0.146485699318467 1.89563144329255 1.42886982080626 2.73626351655056 3.09663826547134 3.49599072451193 3.52217341232614 -4.99399314473201 3.3788574860434 -1.84378914046039 3.20386301837157 2.16564545384227 9.64458655757056
-1.24253395861817 -9.07113921476174 7.65633609410491 1.07652782719367 -2.33154763291168 -2.65390972785964 -5.01738091613181 6.46991324433826 -0.934613237628753 2.85448194017115 -1.69508339176216 -5.78034132879948 -4.78943815472375
0.401107812649345 -6.73284821313103 -3.88929502427878 -7.83221465985205 -2.74620125047521 -2.7009786878984 -1.19994902532901 12.4385235279698 0.884924090627771 -0.708462730240415 -2.70322981779161 -6.02070583281515 -1.4636012946439
-1.73474101548745 -6.23500697608561 7.75373535019027 -4.25982375561438 -1.95515722302257 -3.79008081898533 -2.1655709543116 -7.61783587731685 -3.66335883621326 2.3470096715588 0.676243981032173 -0.391183258896517 -1.06489514332664
0.367870051564321 -2.82655468759628 -11.9542446016811 -1.57616276656779 -1.47592866368304 -3.10534938063034 -2.14829982909896 7.0212614695186 -0.324606078477359 -1.98574814576558 -1.82914637266522 -2.16913272102069 -0.522822348600407
-1.46791450646453 1.45241482384804 1.26432149802424 3.830117170155 0.893996895726512 3.37470171081302 5.62854225224294 -6.93183523495784 3.55765371843174 4.72317701730981 4.25161967953508 3.51949725725332 -0.1099299208755
0.484703718354868 -0.634007139990144 5.370455820759 5.15740003683158 1.8200726516485 -4.45874374646524 -0.188908491258547 -4.51481788643238 -6.94456581677628 0.0608554811833899 -3.53403242328591 -3.74309018138313 -1.6066710896532
-3.28432333236231 -3.67407691742212 5.69759152387957 -16.1682643132009 -0.227514286695732 -1.59606229493361 -1.88631455673422 1.65667960270149 -10.5459582933061 1.38997309434074 -1.00483595330502 -3.85291315871977 0.828734802486803
-3.92499327330871 -2.95429849045219 -6.57996197801137 1.50307061549942 -1.29202220283051 -3.96287251827663 -2.86557252827312 -11.993414977439 -0.955103689513155 2.73644153086084 -1.34033486031713 -6.08038200758257 0.145251039791507
-0.742652315587568 -6.00328926301463 6.06682988324754 9.81202413287127 -4.54149468345665 -5.17308102361307 -1.49767026631863 -3.37061949922501 -2.04193011530791 -1.08540794668713 -0.184368932843109 -4.88822905188387 -0.988395395029457
-1.52205227670054 -4.36088648462576 -11.1527682077356 -3.06609711508161 -1.59876581992042 -3.99490045514754 -2.34819315284762 29.7275210145959 1.01734571424451 1.75834484113003 -5.44080408690143 -4.06626296217885 -4.1981663624222
-1.08503368669236 -2.23450274249813 11.3381019476175 6.75290239789381 -4.00680386102111 -2.65561209987166 -0.374432075289679 3.87234174355025 -7.04454052411084 -5.94299120713225 -3.48610476818812 -1.18077883388782 1.41614043193877
-2.42256524175846 -0.89357445180879 10.751571513246 19.3006528869172 -1.30329690274613 -3.45203209508341 -0.30328830133812 0.818052296011178 -2.34785829423223 -3.72117081026076 -2.99936330377774 -2.31198839122128 -3.59470082020044
0.719934951227425 -1.60017682502006 2.98843021896015 3.29446091359354 0.976843455418889 -1.17132296747496 3.64928233295292 -3.51947955324992 3.64942942131217 4.60595631646151 1.34008265338409 4.09806616803492 2.95775606606935
-4.18584288447641 -5.77027271865873 11.5015975039086 -8.65367689396341 -1.20759389277253 -2.87183432241678 -0.169815144173616 1.40317301769542 -10.807666346753 -7.76210887768024 -2.60240107422103 -4.41134125741773 2.96738737924375
0.537571505008463 2.90144620363634 6.03608113949699 -12.2339836773731 4.24568573761917 5.06873303979478 1.05485318121512 -15.827223891499 4.39170158592496 2.63569831602868 1.54221538745084 5.05497096226254 3.29032760032087
0.493609537788059 -1.92712737274635 2.80922597741612 4.30166581001596 4.6402003192752 2.65931537941139 0.759365682210721 1.36117918405988 2.66753641452558 1.20599420726798 -6.04585776997545 4.72667557081517 2.24391856725227
4.5342076681953 2.45071877091718 -0.621088473792036 1.86393772059475 2.46348509326639 3.81096006985928 -0.755249318129455 -4.11359866857842 3.89924818272137 -0.606938455272165 5.08560600572217 6.32890770363563 4.14694518216158
-1.28581193023039 -7.94630267164932 -0.157310893109071 0.711368708557768 -2.99533129370695 -4.9880500981708 -3.82773891372674 -7.99553623484572 -5.27865784896966 1.70993553680983 -1.93947125825928 -1.18290766976512 -2.9764207997001
4.28712795729392 0.142159152554577 -2.49721606820531 -18.3552152618869 3.05548097238894 4.70880122423729 2.75869287173641 8.32172694191708 4.12011372780892 -1.89958032105697 0.648807637531795 0.899656148203259 4.51530807457243
0.926998912749534 6.77164095337228 0.104677413373828 -2.68904710269863 4.76592967376534 3.36689463676225 2.20790924358229 8.73554034058428 1.88565378963239 2.59904545895367 -0.904829666186053 4.97565772515241 5.47750507117728
0.974311884577544 5.48940406081344 -4.83445025365173 1.42890421632701 2.6875817525126 2.08906271624244 -0.169505388779206 6.70432996002398 2.57104799752953 0.525939861660085 4.00622783353086 -0.715958505973019 4.92409625922217
1.83046486826364 3.14921460010946 3.66781470063002 -2.04054662388228 6.63336761400986 3.60998591428138 4.38281265292411 -0.487628057018652 5.17758281079195 3.39962792919927 5.31300635974635 0.0337754142249977 8.16187561176993
1.20394705720897 -2.65157789677109 -0.190947952322376 -0.897416038177479 -2.09823966624524 -3.25872781939285 -1.80011034317151 -2.29255808784599 -2.9229843318737 0.778523629487021 -2.12143758399265 -0.910998756840445 -6.62782961570148
2.97585202647468 -3.28973553658765 -3.96388358447445 -5.1753224758584 1.23838782361238 2.75215992212845 4.75485127087981 -4.85461025358149 3.14584992460038 -1.20317597039434 -0.104499318249139 0.87743429417488 2.6384061642852
3.93132717024923 -1.19098607081582 9.87933261902873 4.39922613803254 -3.64944906292224 -2.13696929128662 -1.21890992208408 1.14060508119325 -3.09847771735169 -1.34676947250338 2.07763583266968 -4.36268326024371 0.0572650933931462
-1.86819286219432 0.790110332981889 -5.98965560043744 10.9739516857516 -4.30196320525172 -4.37083337115381 -0.468900726066939 -1.71893951838369 -0.816190170861501 -7.71554063287827 -1.21985912662164 -6.36933167774708 -2.36826236938976
-1.24659077334695 7.59104829592164 -11.0318259048165 -3.77720290263768 -0.284632582962784 2.21670996019308 -1.80539338719905 -8.30256072180482 2.23636148260351 2.71478631254558 -2.69323038493031 4.23881577567975 0.555423588593422
-2.21645080163488 6.54801704854639 5.36358149054576 7.62944564114999 1.69007611215783 1.26613720540886 0.90858224299499 6.68155776636447 3.75857093071912 2.46068601410502 2.96772352822611 2.32475355313079 1.85316638532111
-1.74213905797829 -5.04384053702047 2.40838580288516 -0.441563909065538 -3.35241886231591 -5.00262614552819 -2.18295834083768 6.18951917958118 2.88465485579806 -4.92218807200702 3.13779225865316 -0.33873172421137 -0.0699227101949615
0.575032413001941 -2.98406610254041 -5.72627143808379 -7.6411316987932 -5.58480182991669 -5.40213314626109 -2.55370149490918 -1.14358180512316 0.32208512107117 -3.59351429677671 -3.55512774268174 -1.74904395781399 0.610599672224482
-0.648050432231113 -1.03012986576119 -6.79596470264211 2.37005814304672 2.79783071934729 2.98659363725466 0.574059988672699 4.13844527735469 1.94052220926805 -2.41934040329004 1.46896528761073 5.21393811781229 -1.25624187273923
-3.32454635987723 -0.356620504434141 3.51431052165623 -8.16753173600605 1.92353906672887 0.797467651000926 2.58063678350846 2.03527528560692 2.421648022494 0.0516065185839589 4.13186582291747 2.9440825026015 3.53534552855402
1.28758639124537 5.20275644527763 17.1821533180433 2.58064043359732 1.89907103818557 3.66488431957517 -0.251969128684532 5.15762951171743 2.54628981393818 0.037095106601972 1.24442082732357 5.54732711477758 -1.03726664921073
1.02985654322817 -1.40547957954862 5.73863476882066 -1.83971256656734 2.0956284236877 3.81312637620613 3.51904185059858 -0.708907412787183 3.85238486014414 5.45551769293056 -0.407709321277727 5.22733586214455 4.45139575528134
-2.79366818025916 -3.72029299451079 -8.31231145540798 0.620634846688293 2.60699906322897 3.68600687473321 1.57329775314961 2.86153741216562 3.15296294909057 4.38653488940045 0.686721735100323 7.9224621741413 5.56550451946373
-2.17927320054147 -0.242424422358167 -8.98610649172663 -1.28745679371441 -2.75046783200857 -1.63001051407486 -2.47273154403898 2.96627668562268 0.78536562288946 2.47265758864597 0.182704726668705 -1.42255039132898 -1.09867645376411
-0.54522301271676 5.72575799080149 -10.9684760335719 -3.3084437451006 2.83277015207041 1.40850580623051 -0.685577836831276 8.99482628406617 -0.397787607012986 2.10577059857413 3.36011406877337 6.05845149015591 2.96540125159579
2.05582678894253 2.91193951592497 6.31844579853618 -11.6993337953233 3.90752585658152 5.93344959615884 3.94464871286789 -9.68463387904378 3.18392018852742 0.495526735014122 4.963225000194 1.64510338137152 1.77788243861357
