x1 x2 x3 x4 x5 x6 x7 x8 x9 x10 x11 x12 x13
-1.21938163259846 -0.996511552049961 -0.449425534855294 2.79001869543985 2.69595375728303 0.552074237892489 -2.18580014013412 1.62996164809063 0.268501985156831 -14.3531528952814 -0.874205256021084 14.9669276747104 -1.18900105078308
-4.55447919079721 -3.01184975922796 -2.58923871425819 -4.30955536404157 -5.4384280257695 -2.36922528906655 -3.07983540945707 5.2027151211776 0.373303001094955 -3.69645420787873 -7.57805154955913 -1.72853282432224 -5.26833776766166
1.8341688206588 6.95358269112711 2.36236549200137 4.82649266897056 -4.36895058637115 -3.20374226682433 -1.82479255348281 -4.94777786549185 -2.50927268620479 -4.88665703583986 -2.34647190665468 -5.17194168192742 -6.01361983773923
2.1309360534504 1.6808075078235 0.572134310889137 5.48315085717347 -2.85542600250168 4.01468912477201 -5.88528580920898 -9.22976707439055 -6.67767183377311 -7.43699046175224 -4.83802710654635 -5.17134083179548 -4.31261661648989
2.72281715217798 4.0430136894864 -0.151574867411036 -0.225218980737599 2.06582305215024 -0.0930854209924011 -3.90015209315796 -1.92808908933164 1.84042953479211 -10.4540301152403 7.98883813269354 8.81670522574054 -2.695225223468
-1.2782569101814 -5.39574327712219 -2.34627822921576 3.38525181417146 -0.51814706008792 2.52458516183415 -7.48860630535058 0.653352744675954 -0.283581404098939 -11.7652643026977 4.44741582420985 14.3324061758613 -4.29975921275547
-1.66742125314572 1.50386471455619 10.4821536874005 -7.98826266497333 6.56052549847462 1.49764529621487 -5.63552689597283 -3.0125779003485 2.92658179377744 2.46727436900348 4.05167635416648 7.94979356386739 -16.0858928381059
-3.44830214534711 2.00143040510429 5.23748608716027 1.80620066129001 -6.42576170406851 1.88884986803151 -2.6705445287467 0.319798384371459 -4.0109098333196 -6.81941622896211 -6.20715632276303 -7.09496011222369 -6.79323481394492
-4.19422240860651 0.225955946226113 -1.69769495891349 1.36018536355114 -0.0914972358587504 -3.24925696577028 -20.7388592211603 -4.5825225005868 0.384096933651263 1.02960178477526 1.90579831226545 9.90620264445232 -2.77768186267359
2.84854443079543 -0.747575425452726 -6.36487663728417 0.722285695172869 1.77284194515242 0.146315243022281 -1.47048309056034 -2.02635850976442 -1.03707867237871 2.17212439244976 2.55351215710663 6.91185177601292 -15.1475492709203
1.46493441799214 9.72307236947038 1.19129687749824 -4.3980069020709 4.06462790805387 3.0296621831325 -12.9664145966832 0.520748619491716 -2.43917556500622 -3.63955642265078 1.48655806663341 2.91066513751186 -0.879780257111324
-0.464785178502967 -2.81169414489992 -0.73771558994524 6.58795783316229 6.32802092692123 2.44461595703997 3.31221268649123 -2.08996810313121 1.04857169535464 2.74306969526487 9.89262523747576 1.19942443356287 2.88957285492344
-2.86275052429834 2.14223317196905 7.7030688077926 8.45917918812247 -4.54752620297894 -2.27753877797514 -21.24599871761 0.96778806661038 0.412785659581629 3.20647352095489 -9.33450897407609 13.5678633311288 0.286879942598666
3.71849953737041 2.94968271991911 12.5268495997409 -8.52397480967582 -4.20208102235235 2.12943487233033 0.583355100623973 -3.12560166211289 -0.894174404746622 -8.58225463697934 -5.39895816421044 -1.62820030794417 -3.86481558026604
-0.685620829081264 -1.39395272092974 7.30801572408352 -0.561171689160379 -3.39892654940261 -1.08925837115806 -17.5315446321028 -1.55597179380145 -0.901123477015787 4.68365386728373 2.79603837497249 8.52413715404239 -5.73629318869032
-2.63980132447746 1.61689382574746 2.28505672996657 3.80373474042853 -4.90968071995403 -0.357633711361991 -4.26537341109603 4.74767952400354 -5.21342739941475 -5.5758621713689 -6.1429725647008 -8.50387058293601 -3.28484744367794
-4.10119853901212 2.89964029333495 -3.90643294738665 8.43091560637691 -4.85150278169579 -1.74390422197671 -2.28470542058103 -1.04630210707642 -3.59503778260863 -8.75794245806828 -4.75745204333302 -4.46632437858382 -4.38219512341076
1.09019591729466 2.57111234140033 2.87442330620924 -3.07018125158424 2.30266903210543 1.07608194067421 -6.68763322971956 0.478921047918311 2.72282019505794 4.20786239138656 3.42521843854041 7.92342062262999 -15.5878602972201
-5.62539884057512 -2.16411120025821 0.997724747464312 8.7434562317515 5.2894681027285 3.60518767012857 -4.1842459998057 0.27283013641757 -1.32579895978906 -13.3351028048977 0.86145744395561 12.0497009072338 3.32591727027447
-0.371477005588296 -1.07521926147113 -1.1286329953219 9.50738952020613 3.53858633587818 1.66650310321069 -5.14821253582988 -3.38121514173263 -4.9142461850971 -0.0919074561066378 3.16264742647423 9.40231175648111 -20.6491466064822
2.66414498379285 2.59985931574433 -0.263708001079871 6.41517353016805 -1.50023883721748 0.371034761442973 -5.07791746983733 0.256329993525183 1.94063657224283 1.15910091692989 2.99614022879355 8.91208255944921 -18.8208693501354
0.0391572350424684 -6.90231494638822 4.68219781820144 -2.77717880589343 2.52088237651853 1.418332314176 -21.8248761102373 -1.35377292769467 2.95544648759854 3.39449143438453 2.86623099636534 3.84141250981128 -1.13132216009595
0.00103545431305307 0.595479592419444 6.41762064248258 0.542619751328064 -5.23596919755184 10.4196707687816 -3.39675373142393 -0.366141240371493 -0.880885202936708 -4.08604987227076 -2.99998546441506 -4.39703809983573 -0.320718141019954
-2.37833190849407 -2.98668289308187 9.80812204649254 6.1595262994965 -1.74880665917515 2.18974320637987 0.357496624895666 -2.8251141408462 1.7545446166042 9.48572682948619 2.2252321474742 6.49965540359958 4.17078613674479
0.119735045994191 -1.97814890601765 -0.498934202676996 13.9937059786799 4.42094721180875 -2.33504379899915 -6.39460963911474 2.74148822993826 2.95677802919017 -13.8360010910333 6.08489210407998 17.2069754749705 -4.29712252720087
2.80674355112949 -2.10534294077139 0.71257179704873 -0.440909689589112 3.60361756737003 -0.855118638803442 -4.7998348603322 -2.32946985918338 -1.8467072713718 -15.8114439723501 1.9177022027084 10.86775693036 -2.84429005937342
-1.40106745628585 -7.39708596009332 -4.0681995556025 6.83752216818603 -3.48303950039605 -1.91016708229992 -2.55235135589353 -3.4012201516696 -4.68916698898277 -6.32074446217602 -4.41810423901871 -9.27529149689265 -3.8309974999102
0.648882574985776 0.637062790370649 -1.00173608011557 0.204069581126129 4.48663459646744 1.13276086870438 5.40578020724381 -0.357224057669223 0.710182613051359 4.61420262293756 3.63347419391463 4.65814814128654 2.70374741648105
-2.36155963584777 -1.01167124026616 -5.3745968370503 11.9049579567738 -1.48939115183054 -1.70326333751552 -6.04168492271993 0.0184750011051917 -1.59793674792753 0.0977143759763885 -0.201847262011994 -1.53450160947024 -5.21141959091377
0.795527371801746 0.638210255959481 6.78392707216339 -1.84188773598153 -1.52262729363825 4.99662063645099 -1.63472333416628 0.985023027379599 -0.102088438379901 -9.45915556825916 2.42716657848927 10.8523960798219 -3.88356274387725
-0.893899254994324 0.348842309152816 1.08743790082413 4.54736401447676 4.89991643016969 -1.81105681523871 -4.5842491031266 1.87031962256474 1.24191591852854 -18.2499621422517 2.65415193434468 13.1740652010354 -2.50089876465778
-0.661984428246086 6.39223673794716 -5.11982267107822 -2.74429284164451 -4.1119284188954 0.60864585273874 -1.70049098076487 -2.2406674098562 1.74434391364732 -4.49410888430307 -10.4917171027383 -5.00629178447671 -9.54505241914945
-0.941367902870465 -0.852958950674872 0.856063264554935 -3.97298423678604 6.57758960048507 -1.57959656541669 8.58131081764911 1.63877540173379 2.83678744703705 5.87661282621362 1.07634400797721 6.51542464047101 0.696200211586814
-2.9473551464693 -5.97073773018967 8.0001110410812 -2.00408097120654 8.09961742656652 -0.974693790530398 -8.37442764555696 -0.128534185849579 -1.90458323229887 -12.4003618294649 5.81826795238906 14.7466512597947 -3.57742435032286
-2.31049275835627 3.89546462124381 -3.47016647228251 11.7408335557776 2.49786076645049 -1.16387075517163 -4.78244475944136 1.82126758741749 0.897921976034392 -17.2347740778027 4.56431725965608 12.3122369413935 -4.74045008082976
3.14893710641177 -8.30818951107763 -4.08135128707236 2.10808753822566 0.548581106187009 -2.05362123805588 -2.42441889829987 -4.49014630569596 -1.74103578806276 -14.3850546077864 0.721402888506383 19.0800428487148 -7.40264696222631
2.1815192511147 -2.71050680230981 -3.09028573423639 2.06354416781557 4.35611657075434 5.20994863517532 4.16319570887352 -0.72131019178266 -0.0162449538253858 9.97138233774012 -0.638764408501278 2.64584888915157 4.85196668757294
3.49193912116583 6.29752385126364 4.85762601429658 -5.2246484118465 8.56060440960659 -1.23889682389631 2.13645295473737 1.43503076168686 -0.514286901689703 9.98696612880201 6.53927066181372 0.93836522851579 9.39565088518915
2.83079537627369 2.73883195124927 -7.31210140036942 -6.7941657899044 -1.04113985295945 2.09626459607653 -3.1276956569484 -1.95321017809984 3.2995889615663 -12.8470219837159 7.65664014063168 11.358390434898 -3.18589826852469
3.57253251890661 -5.62930825781935 15.2138682933963 7.74222495667301 -1.93278586078249 -2.28190253270288 -6.75945938214423 -2.91289117878928 1.91710975472887 -1.4272341238395 2.99934400950884 7.81277331400481 -14.2010504385841
-0.591960749533266 0.314434852001783 1.47949140270181 0.232909789195386 -2.75662707163375 1.35912031987804 -3.60763470464562 -0.400287952026946 -3.00052736965629 3.24822491933956 -1.78146445766312 0.510301228114639 -17.0247885031503
-3.39324726695688 3.58833452907559 -11.1038755049993 -1.60339988330221 -2.64754555342485 3.59084862757545 -5.53987585321712 -1.68614794470792 1.94900687183917 1.90133799161429 -1.88225948668995 5.45977255182907 -17.3395787776246
1.59375861250306 0.15678688223931 -3.00067907578313 9.72415525003656 1.3244773364425 -0.113465350585368 -18.2438758539175 1.82175834515086 0.160441288574496 4.7041009939838 4.38002190131994 2.01006118660704 1.93110672882498
-1.15623922446434 -11.5425633685587 14.8507161788638 6.76030135126608 6.69955663385392 2.52971761877513 -4.44094283243348 -1.36107342107977 -3.08858016326272 -11.1871770716182 0.602303444018405 17.1820090356677 0.431078778294628
-1.04783409938926 -5.10940877415158 0.160150696046137 0.0832336689559672 -2.06670680824254 1.69285006387464 -6.19231089731423 2.48936353068743 0.51155554167768 4.28234454437775 3.53038584874506 0.325183382680536 -15.0357881695048
0.871769322696709 -0.879243789336001 5.3404140397225 -6.57252200947826 3.0633772209808 -0.245223907133209 0.554994185319817 -1.77791662277115 0.265882134461964 -17.8571634956942 11.9518789948983 7.36941906010745 -2.14743101020432
-2.38821422368942 -5.06742067607789 -2.25304284342059 -0.38957903912229 1.04231231901982 -1.50695872306905 -22.6520420543147 -3.27966438878748 0.303752197421748 4.31366864806539 4.39883025253147 3.75523219112134 0.50989979283604
1.96806404237975 3.76270890851196 1.1061518165881 -5.57064660333883 1.89719114197442 -0.809653877159806 -4.59363793191975 2.27713438921221 2.27854003623117 -13.4546023556877 4.8891123042198 12.204473531793 -0.84666830964188
0.71088837842563 5.70081128871904 -4.65420141837176 6.90516400464159 -2.73186183179642 2.48142258703839 -2.82847367736896 7.23015087229267 4.61187950628019 -2.48018000244354 -0.272486305003117 -8.80821056830732 -1.91755184546389
0.268996991232298 -6.57392826589513 -5.28429593622595 2.47019403526995 1.24618618319392 -3.81671542224825 -5.90446892251901 -5.87895312829083 -3.54792072173198 -1.71174689740248 -4.46307153637491 -2.96037661965652 -6.12646408333255
1.70034635419489 2.85239483169958 -1.05558382152999 5.06279231395365 -0.97538957379076 -1.65809592423483 -20.1236395418447 1.30917977741454 1.1083279397858 -0.171348554842303 5.05596693570431 7.67019685166083 3.45960969491175
2.78967631692098 1.17573805741091 3.89250154160731 3.82087800431012 4.93553308631969 -1.93215554449204 4.73753314293634 -0.49701952135009 1.45699272477264 8.53094646553522 0.502148135309318 9.77445884362021 -0.620273138946598
1.13146561743476 0.153106319648349 2.93227979706166 0.89831613809877 -0.355605275702701 1.24898651613314 -6.74833092829648 -4.1436600941795 -1.01740537817495 3.88709626262639 3.78749947809136 9.10692331652782 -16.7581336821607
-2.33777247601263 -5.96929107380417 1.12255147033978 -1.75843698323307 1.37063007564922 0.249704656112463 -16.8102028757118 -0.265025971604642 0.377682639328441 -1.43482544078022 -3.36361941756206 8.32068712526244 0.443597279507008
3.5377648578712 -5.67737694527507 8.23784159213495 1.01547816853376 -0.0209257103863995 3.25657714984192 -18.801208835681 4.6168319569544 0.0804618915148254 2.29957570002587 -5.54774643315312 2.07312584345761 2.03720288145223
3.28700734527032 0.786201953358331 4.35869864267528 0.201219720941664 5.90479180573643 0.0543143121712013 -17.4650133146307 -1.36721968366325 -1.36564849675624 -5.056880012692 -1.18335859402978 4.79966466829776 -4.04700256815194
3.41966900513587 -3.43024612501002 -5.71855559507222 15.695411890448 5.05149854688408 -2.79232140692122 2.09327659944949 4.20921256902626 0.913668088645523 5.6384794026647 2.91262408497022 5.56897444078705 3.90354328792711
-3.89361623262817 1.28832974537788 -9.6728936000796 10.7102141548975 -5.70805214707883 -1.84128462647331 -1.07088322084329 3.04278974080271 1.37599383699515 -5.18229303263743 -3.91818949734295 -10.9916082138537 -3.64945906805785
-0.378779707868714 -7.85306020273684 9.61161636293268 -4.94136309523156 0.676815108004462 -1.2766806200563 -4.15605044025138 0.954824903627554 -0.22466856364669 -20.0714001830588 -0.870384351867556 8.20531326236384 4.17858859321654
-0.24619588303229 4.15392235455679 -0.333236415590438 1.6432901965746 -2.20704603069218 2.6667317243801 -5.58352708086149 0.0603925977677713 0.144138046284672 -12.4504417412003 5.05090912533257 8.76903284968324 0.0978954532241485
-3.87400236640769 0.335275610503034 2.79580136479725 10.735610200126 -7.86169978568397 -3.74706152118208 -5.76215322253612 3.53067487309175 -1.66173491596046 -6.62766347437855 -5.07974353594282 1.38839182085463 -3.79348175490049
-0.974827167528405 3.28420814933487 2.07414797915078 -1.96737543413454 4.53416991676543 -3.39107121963506 -19.6143014187864 -3.16040545689585 -0.0946515788726542 5.49722552902964 -1.93197002701968 5.93616244440598 -0.641521774985815
-0.829643990541319 -11.1430662337966 8.25253023551979 -1.30539800378952 3.69757120403956 -2.99176692921297 -4.99472601165223 -2.72754783399298 -1.44917415115949 3.48601100444564 2.97738184175904 8.96726411718364 -17.7918971824811
1.49406701020466 5.10885223694933 9.04969573704011 1.58590825550045 1.3240922564466 2.88575004462663 0.651610458828793 0.347119094179038 -2.12203451213324 9.35674314323006 6.90703449773234 5.39778445120673 4.86367345940246
-1.31910075784953 3.4201505961657 7.08669189409943 -7.16973471060507 -0.304413065166618 5.00914405153961 -14.97800110314 -1.73022772408761 1.30934637007583 -2.35973786768542 0.789119390903169 1.31831661779903 0.114257775420721
2.32370282769426 0.383908186955869 4.34198722381206 -5.00078406813462 -1.83926901321927 -2.4731866121544 6.00662218984479 5.29886988984604 -0.923586121770562 5.73077102799547 4.70282909634818 5.02098823791008 3.62983696578838
-1.190253663263 3.65643026026112 -9.77040278766953 12.402668116632 3.98107691768992 -0.680514151016094 -18.5195952167871 2.49385453216844 0.129474466245134 2.5724865184848 1.31313583091961 -0.628915317459742 4.3441991637207
0.774083886846155 -0.25616085411554 1.67622939240942 -1.90457087568892 -0.148406411161911 -1.48337604897 -2.58840152025949 1.91941987204745 0.566085517354008 7.77575681287139 3.58888093463513 6.07599251235094 -18.6936976983356
-0.256189410112983 -0.295923400095732 4.42130013862134 0.459380550517926 -3.40150953881665 -1.71529579956095 -24.0496741672795 -1.85260484046126 -0.00521563184888957 2.98066566070569 0.826620761067924 1.51144790113319 2.45458893847165
-0.716848853920135 -3.80324513264597 7.94258602570597 -0.34440354807786 -1.43113442609685 -1.05778925632534 -4.39565747355467 -1.37801348153073 -1.76494797800385 -3.45974737462372 -4.26595116971535 -1.53861734083203 -2.95491613300403
1.67962079852325 1.62648173092646 2.68881677738778 4.05870336672871 -0.785710421778468 -1.5636354355444 -0.308387338344396 0.248688109324418 2.29691724385169 -7.13536378179767 -4.15422061233255 -9.48264326412111 -6.13571797533209
3.00541937467416 -0.728401764174644 1.74869368435609 -9.09441734365848 8.07965767393552 -0.371700052581699 -17.4079109735211 -0.696613962244067 -0.171371703041021 3.58274674709392 -2.8426820378359 3.43502261996011 -0.693556405543581
3.59220944637877 4.38589123897242 4.35410837672574 -3.80572935823521 -3.41311889279814 4.46893062660049 -3.76555571680227 -1.91675811032505 -2.94815997710113 -5.15046194984823 -5.33610603369948 -7.91994303491619 -2.08067973362419
1.15646995352825 3.11893804305311 1.08629639706192 7.60855029208616 0.66115990118222 0.799470564803809 -5.2493761081792 -4.92575271812598 -1.72069291806901 -13.4784106227125 1.08615220536238 8.9335454787068 -1.3049257728778
-0.0806908462897691 6.34723683619789 -0.210146072418928 -2.27390731634889 -0.140754523326705 -3.31257810842266 -6.92317784922911 -3.8055247261282 1.50729484172356 2.32054746735809 -0.249162154963146 8.01521093034948 -12.2111994055013
-0.373881587296002 6.14171845753236 -1.69593315560435 3.61751355382433 10.2007956372947 -2.44193219608996 4.63205808241146 2.08773949245322 1.00263117763074 3.71608431264419 4.99446936580537 5.08390888234983 4.18137487727364
-2.06312769834522 -8.45453943839834 11.9038609671328 -1.91898072697025 7.347250812181 -0.628870521147394 -19.6977404766607 -1.37814177137951 -0.597302966652 -0.5213381570654 5.89173119268896 -0.158300148815241 -1.32206146487229
2.27738403987363 7.16265048716386 4.93623969199774 5.7436984340312 6.74622704558062 -2.14909141542857 -17.7541187854048 -6.07493321137741 -3.90784751805828 0.555123137123633 3.01699227782324 2.5135521487793 2.04379345978084
-4.36072234359389 0.219395579338257 -2.90796870218518 6.03693539954941 1.43426439554807 5.33462518140394 1.180037042661 -0.706566742881311 4.31537741319366 2.97691955096205 2.08481590902277 2.52519908657013 -16.9536029894257
0.843159675549327 -1.1143317378822 8.03313192822117 5.22173484430515 4.57632723491454 -1.2993961093241 2.97173187281889 1.53472149548569 -1.53101272042628 4.42397999618551 3.09849729447489 3.250771623092 -0.167745793036409
-0.0643667372950362 -7.64578013847567 -1.82303837233546 -1.25482321673504 1.98873986631997 -0.539738708598798 4.44044307285011 -2.79837783770488 1.93001306811473 4.15654457912475 4.96874792368785 7.85727708358613 3.33587408117842
-4.47261173136035 0.974848493747556 -2.48553180019478 -2.88091852937227 -2.73154398990286 -0.809055154595658 -4.04167525575971 -0.3508671754485 0.933059007662454 1.10917926078722 0.927427131259616 5.50116359181072 -20.2776290327796
1.83119809228593 -7.39739309979254 2.61720336308642 2.55155143793263 0.190703841326787 5.34683876353589 -1.50781075779046 1.69327195482143 0.197238540864823 5.72949623180105 2.76814608324382 3.55404566110702 8.82209685676153
4.8778522279754 1.89570255672479 2.12794186787873 -0.425477325777242 1.68973863130853 -3.00288971030616 -5.46425775050913 -0.884147905820794 3.25293669611096 -10.8223777864093 4.69591441938022 12.4979257645253 -2.92407612790261
0.986356351564891 5.46792678704236 -2.3179194074652 -1.89373979969222 3.35814436336815 4.46395451656717 4.33726813298679 1.25219542136997 1.70966784860519 7.09304475429126 5.70536574228343 1.96231039960426 8.66015384763534
-1.9302594157488 5.20961945397196 -4.48558921363765 -1.81485051495624 -3.70370061645666 -0.805927500968103 -18.7665252499729 2.13498970507119 -0.802011822016761 1.94037419623947 1.79109843443089 7.31126432243783 2.29237051783418
2.92859660515292 -2.09608056201057 8.29444114440563 -7.28055249237016 2.23126355863263 2.42693367249627 1.32093821091662 1.94919874659849 -1.51368859293566 6.11114541924822 7.64928690938189 0.466525961885558 0.341413761738213
-2.59445422971452 6.90496552011559 -0.35797405412036 -5.25434505650569 3.59579163077497 2.31366538710743 -7.06160242821355 0.513060903963409 -3.25292563772203 -15.5436030872407 -0.752460081831005 18.1276233158152 -1.40561311258587
3.52483805194127 1.73781406937561 -2.04756384908595 4.35720302117335 -0.247451510257611 1.08650023122056 -4.74448260436221 2.94525738266946 1.88461648012423 -11.380245127669 0.484434705882347 14.114854179718 -2.40153542808815
-1.57933716505927 10.1886179175469 -2.41623978231433 1.42952627881711 -1.14193514358431 5.10416875742232 -0.480470406611396 -4.33744655382995 -4.41222051378001 -6.06677638881105 -6.98951692172574 -7.86727156676278 -0.163756202169999
3.88850476751012 4.3309539275564 -3.91909765038686 -1.22317991594238 2.74132819318924 -4.01906655277999 -5.16027154511172 -1.48399457186873 -2.25152811143594 1.74604955556532 2.56546536675932 8.50026440952985 -15.8866558870953
3.43219678505859 -1.69582233440944 -4.38091558173653 -0.172379955144901 4.60526245391532 -3.45458381417703 1.17026048381643 3.514173550084 0.180397328519822 -0.444949456262562 1.20041295670481 6.53913411106198 -16.616051976124
-1.06262308018315 6.97037814303447 0.892332647995467 7.42678315981666 3.88684935697328 3.39586249503462 -14.1998732558154 5.31268795198609 1.57878696897194 -3.06496235142515 -2.26945791204348 5.43127513581638 -0.798982027061399
3.45602885103444 7.39178506028112 6.96815602444697 -3.40533084412882 1.85083003029062 0.247828935051571 -3.68549651399329 -3.26361239765133 -1.63535530924645 -10.7913972508949 2.14092916036475 6.36030867298726 -2.81762693761851
-4.4953623190112 -3.21089021847546 -5.51042354452882 0.045790162318996 3.50176697017055 -2.97445177352832 -5.77683681865614 -2.45950856987303 3.45523406290084 -1.53378928741187 1.87742723802883 8.20031963878996 -21.9267758172195
1.77151542413278 -1.25620500000981 -5.03246990357581 2.09649947788919 6.40244920071549 1.93455019250373 -0.108265182658251 3.23379758501568 3.01983871015409 6.74164745425223 5.39877999789085 8.69030570498633 1.84632729980664
-0.229615173070518 -11.6267461434138 -1.51733025382846 1.63722346273015 4.26733419223237 -4.14749301798757 -6.00174067642752 0.988289708256041 2.36054988876591 -16.0633961842809 1.5829222894927 14.1063398946134 -0.80139318123483
-0.318288093023951 -0.74468088710172 -2.79592023371928 10.3800180382992 3.42281630756072 -4.21092681086625 -2.60375384602675 7.29599068192093 0.449828857424693 -16.4308909080408 1.40014161694915 9.91684609400351 -3.69379708365166
-1.72159641351891 2.84760361818254 -9.2339010344232 0.952274859157477 5.25518906336375 3.40246239691496 3.04554183117833 -0.31892962642256 5.25530337560335 7.47039442762237 5.39415619499022 7.95223769639693 0.383826706397647
4.40392960777792 11.65466502831 -7.56990788069453 -7.83788969800197 1.46154681587515 1.31074453886901 -5.39911833725534 -1.74665588529564 0.73837751075458 1.58605608635418 0.956918079204436 9.1679059494828 -14.4880663392999
-2.1765899777116 -0.889401588293071 -5.5816075356389 -4.00971463023668 -0.226015123956704 -2.80451938796018 -18.8362605845894 4.73775523021587 0.714663148020256 -0.185671556059278 -0.51927940308519 5.51230247025576 2.22303096092118
0.601549637718483 1.69162166921553 -3.2696671904163 4.42817604612921 5.64598464066787 -0.615923279456839 6.41032984718908 -0.129533351950206 1.40990386735705 8.31777054376057 1.00504822742042 3.44332400304196 1.14697059085425
5.83731336859534 -3.41068455071632 7.41459511780064 -7.90771803638478 0.699255259844472 3.15727548185167 -4.54800793891729 -3.12118309641329 3.24735089487681 4.66093853926807 3.65747931636625 7.54050214313593 -21.2890626998889
-0.949926565711384 0.735252166780529 10.3080403103057 1.03981575480359 2.74511176082624 1.33658895078876 -18.1399737719453 -1.42364792604009 -1.51708823164716 -5.43790491654832 0.594253923193849 4.93133676464585 -4.13580321371433
-1.87962389210543 0.570887887145589 11.6267448546585 -10.5255751568062 0.97453397406282 -1.15700773065567 -15.9500876237984 0.97570869986323 -0.196453488458215 -3.79287673921518 7.38676917874879 5.15407474310542 -1.37660720155671
3.55245902143696 1.69961894526105 -4.46190880380166 -1.21852231443917 1.62271048817493 -1.44837480498673 -0.631895358877309 2.69711966339349 2.51553399478626 -13.4865795722295 2.44272253006855 4.70588525203049 -1.82496597139561
-2.34197649899334 -4.91869734328399 3.57590880357053 8.46598849125703 -6.60683659403552 1.43997701442309 -0.913445092602756 1.05209566621232 -4.32746921118173 -8.06429058468125 -7.76773194391347 -9.9781066140175 -5.22259814236306
1.52407674874209 -0.532802879593418 -0.826490379070665 -0.767400934238033 0.285600175260433 0.998801791057194 0.874846245589838 -1.34472435259416 -0.269282480772835 2.89320874009548 7.1534839799709 8.14785381473759 -1.78352536279141
3.75482717556932 -6.38307116010073 1.923030441783 2.9638945872849 -7.11692420822395 0.376049949762429 -0.0920031372233812 -0.160763986527315 0.298431673451854 -5.84370316155067 -1.86391308552739 -5.77038347510629 -3.09006587282561
-5.4989017991184 1.82621655919535 -0.679202667040243 5.44822833159564 1.99868496074779 -3.4495305812631 -6.99958532756391 -3.72424809960384 1.40114280532213 -12.6937421312616 2.19960585480242 15.0665714532713 -2.20391661366333
1.73322152454 2.25951691324265 -3.6556209685273 10.7180225046106 1.85911098276116 -0.729006956702081 -2.50384111232567 -3.47807292858453 -2.26365337637306 -12.9165584863859 5.42142663299252 16.2082806813474 -3.99848970375745
3.5685048055133 -1.3852046061673 6.88662338430162 -5.58317752065945 1.34810196896528 0.81610833411318 -3.96756124477643 -0.63903599097126 1.54935240649383 -14.8259971357168 5.07165021401605 12.414516071606 4.16928208574455
-0.168779967303246 -8.81280587371531 -3.21870922407523 9.47049898096616 4.19351471493831 -3.49346520549975 -4.4417658113273 2.11695412462535 -2.64950469758451 2.61252439514753 0.249007192277607 9.04621646140303 -18.3256589739225
-0.606427849997422 -0.68279232164787 10.2828676722579 -6.23405167418413 4.52679147781088 -3.52029797349924 -14.8722415290415 1.49609939099372 0.706743210414903 1.12447385974887 -3.50880775063865 5.16723750723443 -0.987390557549312
1.74668701644962 -1.44615357904376 6.03713796191528 3.78096209035479 -0.199097148735881 3.52441792744422 -0.829216757697807 -5.97362984707616 -3.05073949687826 -5.00878143397526 -2.39091194858542 -5.32405417786136 -1.77628037129497
-0.862830273222161 -7.77812219517303 1.87492446224975 11.2049962943361 2.82620822597561 3.58314678974386 -18.675904429474 -3.27405672914888 0.481056693740497 -3.78655105750276 2.85033586769206 -3.72457628444318 -0.117642712096552
-1.86567044617069 -0.691384556655173 -1.43669574382989 -0.85779091350696 2.78995734493386 -3.10470162237837 -3.07357803852519 1.18780371101375 0.648866348653086 -17.6130256808792 6.06380925680781 7.75526912465931 1.54745961592156
-0.021640242232507 -5.22869652450593 3.70461947238185 7.17628655213968 -5.53496543748706 -3.66834299047953 -0.625359188080055 0.521028613469585 -2.99373814107386 -5.68137162491333 -3.92343841976343 -6.99289375284393 -4.23700638452482
-1.42689220243317 -3.55017067539798 4.90366663466406 1.51634754554841 3.99098851302061 3.61780674954002 -3.62349340794869 1.91810767960199 1.42987063663878 -15.8011178107432 -1.92707016906302 10.702921497273 -2.76929600263298
0.819116399080216 1.84372303369182 1.75283499583101 -2.67083239382447 3.40584779628346 -2.62899924180316 -6.87139835623203 -3.14986524621611 0.174151145695501 -15.2566316128953 0.76550778867239 13.0856831654348 -1.77009803007672
1.6500760348218 8.15626629077319 6.19345672064644 2.14080694220731 -0.0101891282943689 -0.878524518483201 4.22894590885245 2.20805623596177 1.43145655768509 3.30513361448007 2.18866180878485 4.103214479994 -1.34572596762079
2.15192122151359 0.183471546560908 9.24292529545719 -1.81668864249629 -1.3319127013545 3.97363219521969 -2.8757111417254 -7.80598670600119 1.72917970974121 -15.1157277702752 6.77848246167648 8.08180124415058 -2.83155731583397
2.36113247574966 -2.00939605915861 -8.85022339577272 3.44048278582144 0.814122030187809 1.90772467855796 -7.84225886007354 -3.64506817118019 -2.37364109847543 4.98581004132929 2.9467892221596 6.59298133044003 -17.0250239211068
0.518427038305363 0.919997624042765 5.03834349158591 -1.98816484819241 2.90914832580634 2.77039638985416 6.92122417303022 1.69225769682877 -2.21667813498128 4.20023119190685 2.10211041388993 6.16117087848743 4.85977024453436
1.14830084444005 -1.38590702179975 1.97639539121647 7.92800034652812 2.90186352028475 1.4324478815261 -4.25760255771628 -4.2766578168386 2.15483801364045 1.41449468755895 4.62281594443372 1.30370951151223 7.90764901120378
-0.570595798755494 -0.0516604593681801 1.1468398200529 3.22782809534957 4.38400622531284 -0.189263870302623 -17.2569067034106 0.708286078317784 -0.410155875175226 4.30379696810403 6.41219058068592 3.10459204146989 3.24702084578775
1.57329079323694 6.61819858465025 -1.2571097057199 -2.39409297737725 8.64131242845006 1.94475734224837 -2.53595577505823 -0.111178530296875 0.677388025825594 9.12938638315762 5.76525018967242 7.51953784775224 6.06431708296297
-1.33353031622555 0.446195681416489 0.700761634265953 3.43259136235231 -1.46031557789529 -0.802937518169737 -20.45208098127 -0.266537104088084 0.109051296806576 3.28759290348883 4.86481769237606 6.97267025824558 -3.93759813844462
-6.12079828097486 1.7405412731851 -3.90989770332579 3.32105198418987 3.33291255239433 1.45926595965605 -3.63387008302166 3.4169710576775 -3.93793098122491 -11.9534625668334 5.22497365926122 6.93100465190426 1.14051596544544
-1.17478231396125 0.11658240838558 5.44105506813548 -0.579896950613371 2.51585757537973 0.218817756068709 -10.6205808514744 -1.03983324358487 -2.15094930128895 2.55855854984196 2.91462259975956 9.5791636826509 -18.4290856979701
3.67102311558916 -2.49003214288315 7.03981430157168 6.62969147272989 3.68745946358406 -4.21638995302086 -4.93661301410133 0.595373649070017 1.8029915628896 -13.6151516665028 3.14266675790907 12.756512107999 -3.25657313255593
0.218942000965014 1.44311668406625 -0.0763637529342813 -6.90486989872127 -5.42788837291964 -1.89928115369346 -1.57978935483855 5.52336094937258 -0.848455754688541 -5.51868247158224 -3.00381964612397 -3.81224628671837 -4.35191489105957
1.7332025896776 5.47304125273828 1.21448984673583 -9.58078268884119 -6.07667695626869 -0.246041632862933 -1.71539556312409 0.063909984652365 -0.480401304409072 -8.90889206278556 -5.46868472849689 -6.98889584249677 -0.695690936859238
1.2317280115713 -1.49070879826369 9.19917873862733 3.26914653142992 3.0675912856365 4.66274913923378 -3.97759345974416 -0.741981161867073 -2.65514106835695 0.104215326236523 5.33804235879162 8.54414318270232 -17.6035246734318
-3.21735333598597 -8.20893817974451 -11.3406902178328 5.39138396610876 -0.962257756490354 -1.91375499907821 -15.5642029687523 -2.82886991472402 0.882318461610725 3.02555097961622 -1.2603210418482 6.52112014797637 1.35298495187918
2.24117901900815 -4.18557217377425 9.43360342264231 -3.22204661441346 -8.16949935060855 -0.101327702054181 -1.8271004174249 7.2883691225371 2.01395399339988 -4.05636134402842 -2.69090404148661 -5.1256240172951 -2.63179038458919
0.615675841164645 0.181911867012466 -4.81061135851116 1.89480935763164 -0.65671064558927 0.728474113306446 -1.16603485711318 0.768612349900905 5.45298911447417 -1.63543322108888 4.92154948992385 6.84867629291398 -14.0449687193526
-1.20724288157544 1.3953760890243 7.55548558871699 -0.736861524556934 2.91588069157341 3.92310923610111 -0.889181523951061 -2.40296353335627 -2.7806135177355 -1.1148951972173 -1.56311475317186 5.64770418930775 -10.3614838031306
-4.76990211963412 9.81307094532132 -7.33792086290789 -5.1997476698197 -6.45551761464368 -1.11874032065229 -6.13860578007086 2.86185095057753 3.01610219398447 -4.39785063772475 -2.37116189240687 -8.51006474753215 -5.27344004180084
1.97912323476777 -7.09652699326077 6.70648093870953 4.18279873655925 -0.27707349327701 1.34828423647955 -5.37529324897259 -0.589788740486798 -1.75614723348843 2.4704176189184 -0.499699901999343 2.15209390617138 -18.6787256221644
0.0149215543669067 -5.80465908718507 11.3869910982525 -6.0227738989686 5.77328380683887 1.84196616237257 4.42454593323279 2.02998598211613 -1.11525446651029 6.36919592711508 2.0559201414761 2.93430872808846 5.51764927685231
-3.72372009571332 4.83476125888128 7.34176917726165 -10.6564959504385 1.38576973807818 0.18420680813353 -17.1091430056749 -3.96197028127477 -1.23358080676599 3.86195985866085 -4.24429185078498 2.93464546517789 4.66568485230253
0.71428951776064 -1.31575891349823 -4.70349552077719 -5.58804883225862 -5.19336780778394 -0.0961240249115465 -2.68175188108008 -0.369190231979176 -0.217705827717644 -6.02965960474013 -2.48800237285291 0.0582735775633756 -4.60853991663622
0.340626265470095 -0.576317591801594 1.11446388801048 -9.36992500562519 1.28848893339443 5.20695173614667 -2.39870019199715 -0.188724379881887 1.21207114889847 -16.6432308529228 -2.08778878566844 15.2937687835739 -5.35947310610771
-3.59373795050632 -7.51801040674915 1.48833527176784 -0.0533244013584817 -1.49636862063412 5.86282869235338 -0.0102013318328642 -3.17128698143592 -1.11412470034099 -7.58784446689824 -0.378244184662486 -6.78149347669155 -3.42684018842862
3.07209411683063 -5.57295664653648 -10.2222499719083 14.3883513689342 -2.65907545547294 4.36151511120269 -5.95140862577551 -1.97123212498968 2.36321801590611 -0.839338044876963 -0.0213987595876377 10.3711266804393 -14.2550159037925
2.67451194690185 -2.30559961718774 5.75943482966547 3.14716266750416 1.51257680692218 1.03739824763139 1.50531420746312 3.22674679757884 3.97885732026835 4.96301360284048 -0.861271032218505 6.62473350381665 2.08333945338056
3.25620983435157 1.61690422045033 -1.27471111661716 -5.97849283920143 5.14976469222586 -1.74995657805429 5.40186575962993 0.472478399968696 -1.55259541181361 5.47230370512641 3.89936839905162 11.5071832137107 0.754804704491473
-4.48633362786743 -17.0545741734108 5.05736036921141 6.31443601522972 0.652345234110489 -3.59880622088628 -0.277771709480928 -0.944819003994593 1.18421151102596 1.59456495874508 0.950586562138545 4.13850205809617 -16.9916565125731
1.04338567532971 3.76816346123898 -1.59499576177552 4.44706132092504 5.47353992069985 0.940079692114725 1.79722179253702 3.05575472944397 1.21463589323724 7.34098664004985 3.12577037389121 5.97656444849476 1.20766286038818
5.43023095471833 2.76874174522798 -2.11534150304045 -2.68189503420177 -0.341475978632725 0.452600203741418 -0.294633417696817 3.76652097593033 -0.54044844277548 -3.91024682482997 -1.7382572553243 -10.6264928655845 -0.985535946936523
-3.6717267778471 3.56370533995344 -3.94037307514351 -3.60614216280232 -1.72590291013222 -1.39625420116597 -4.83687071780995 -1.48617641334609 -1.29093477592825 -3.6192194574059 -6.02541352466661 -4.78833004814908 -4.82251194887865
-1.26440783098301 0.863786250670028 3.49317848215402 7.31842591955344 2.95114129004257 2.87718709902041 5.52094628321809 3.93517882882721 0.774168919716373 5.59093654613062 5.71261540514923 4.27237326417991 7.7002179887943
1.33083105478455 2.33864256287948 -0.569197670160662 4.85138267330729 0.620958738323377 1.47114367773434 0.238556538716082 1.73304705698421 -3.97170331055703 7.77516939424851 4.88931807726542 5.59194624602024 3.65956564575183
-2.78301533342432 1.32760497500826 0.300957625239455 1.9069260230228 -0.508317617277243 -4.12519818513849 -3.79829352979437 -3.51861027745038 0.395476401201513 -12.6942580498437 6.58054034914675 11.9857795355764 5.59108252426843
0.429527191518133 -6.32061707106506 -8.43482179822671 8.20405482181722 -1.25230210064226 -0.588741874645508 -17.5932093005302 0.636075560306163 -0.925683482052451 2.24146625653373 -1.58780490887885 2.78404877129215 4.09321094786099
-3.60025897738182 -2.43013767991886 8.58874050466323 0.723504984350436 -0.642250671397104 -3.93531411630351 -15.9116098682206 0.143511007692297 -2.09794567920183 2.9438238039276 0.821059095792052 7.42399589633637 1.44270221287044
-0.477042311192893 2.46774092640964 -0.19553618422408 -6.4550119675741 2.17525613002574 -0.151743045760528 -0.172997144182622 1.1571278703659 0.416037244773754 4.76333146024284 1.69308486029082 8.76503378496341 3.73649176824074
-3.90908337228662 -6.43301655149409 -0.0799581835689653 -8.66678833655613 1.43524129390102 -0.710920952135478 -4.43750911389535 1.96097427976285 0.715907194043278 0.550597724580333 -0.246700387542701 3.77713113441007 -14.7014178251557
1.30134640921443 -1.42912954696544 -6.09367595095781 12.3780011557975 -3.93178006734784 2.68011146938057 -4.54990874991652 -3.14357445532967 1.24128572891109 -6.37374752616817 -5.97517453796114 -2.6994439826765 -2.12449088101024
-1.34153903987934 1.90573554767876 -7.46839067705734 4.92477917732429 4.10678013974074 3.69420081737715 -8.93241898280657 -1.24046000741494 2.18722466223437 5.73370915869051 2.11679187606416 10.2221066851699 -13.0220947241923
2.60166664610662 3.26024577386295 -1.49204694959501 1.58841405116451 -3.87071251494873 -2.8292289423103 -1.90603429298514 -0.871786728486013 -3.61384034793976 -3.97550205136852 -1.18245239129152 -7.22249308794403 -2.67740237540156
1.96920049128883 -2.16362256083193 0.0762279927177931 -0.460588264861625 5.53684473665817 1.55431922078919 -4.23328104062733 -3.95167926089602 2.50288281540447 -14.4808285039685 2.0265205815522 6.42656493458806 -0.931854205941608
-1.01629324171439 -1.90208190944677 -7.06608324737047 6.01949074722566 -0.125308245725414 -3.12577951028682 -7.17303510013756 -2.08306432848503 2.76431088285514 0.67967167343326 0.880746100758067 10.6460921381006 -17.8213341772013
0.384386397438895 1.56795336147457 5.80745682287687 -1.158459449653 2.74602712945779 -0.291673667832954 2.99509096946245 0.110852751960219 2.008796694928 6.62428830871744 6.89811015400864 7.85296958995698 -0.626414988961236
0.600124833806824 -7.23485273418514 -5.12418561379103 12.3138531090209 5.71246774248161 -0.177625965795818 -2.56198560957933 -0.174021753347427 -1.47072781441607 7.17128208660308 5.01698567635872 8.63877589671345 6.17176447805692
-1.03697484344864 -0.576029232210722 8.31219229426792 17.1608693041542 4.62115259158636 -1.55963442841506 -20.2922453458966 3.69435028334561 -1.73108312061805 3.2660498466703 1.49943473867902 7.88781222799667 2.6369034489772
4.06057313870876 -7.59663864389291 5.5898016194227 1.32358577759589 0.773463092075459 0.277435449735802 -12.611852756962 3.12560640819637 -0.284930676411905 1.93875106659244 -5.01890153757678 2.89382475028811 -4.00402008498337
4.90485770251281 -4.00738590396336 1.90050037944229 2.13597484400396 1.0356590569974 0.0899810260216947 -6.54845403546584 4.5000566455367 -1.43383414061313 -13.5707753827121 0.483147980812498 16.5946011783089 0.881277419897153
0.888314594273067 2.07778648525914 -6.97601756631559 -2.80781627834744 1.16888608171124 2.14890156072008 5.39715692750052 3.5303052184064 -1.14165036274758 6.52178254714696 1.07798949590947 8.08582793246456 4.50358579653158
-4.70890301594529 -7.77156677553959 12.5453482699659 0.770753157294664 1.38381122881307 -2.77093619304994 -2.22895955509758 1.47809147265342 -1.56819373243262 -3.10305281817186 -1.65855665697213 -5.8238371250112 -2.55721045034933
-4.38168024059634 -7.56370010310406 -0.415378106289118 3.83622936324941 0.913671751775579 -2.88927138329484 -5.07633221984802 0.353565707647209 -0.763962608102934 -15.20947736967 5.6150631750521 13.7365274794321 -2.03964305925742
-0.0715768562246459 -8.24286915702865 3.75823315775872 1.44846342594191 -0.474956188841553 0.0970493806267051 -4.62841052842282 -1.57245774866939 -1.47007254458347 -10.3362993980269 0.452555659256351 11.998746939188 -7.1474315650208
4.2489007736435 -0.903528850326662 7.46701659578631 2.81057653901746 -4.41068403220139 1.80758885811699 -18.5582165163279 -2.14058554619565 0.32772596017269 2.03897911083745 -2.52013844318171 0.0922495894945476 -0.444834683990733
0.595333233688796 10.2472034610538 -1.20111933086776 -7.90344480668605 4.42786171950411 1.67531930130833 4.44308327186925 -1.98112401506984 1.32259454289616 7.12173013547824 1.5926361516176 5.41852446392009 3.74566639115608
2.70948831223443 -6.48869891083356 -0.172547703440421 10.5477126341632 1.18915117476717 1.58102688300738 -0.677871860726231 0.677858324878487 6.33248798082758 4.22957550352056 1.78968199184946 4.07372131820935 -18.1669771929189
-2.45842835292994 -0.351479082796152 -6.0921969966501 -6.69542801580277 4.49510671585821 0.244242770374386 -18.4177401784943 -1.06812384310877 3.63950167031888 -1.99115703505612 0.507003231885118 4.31898476164511 -2.91418117905221
-1.96396954333594 -0.83459409257666 -2.23673838172167 4.0570908983992 3.27162749762073 -0.304953789357374 -3.34216506311454 -0.850893785638976 -1.8619490177402 -0.378439737875294 4.39954785532432 5.89784473034541 7.43774343762191
0.686986370561367 11.0866871696419 2.78120064224749 0.778797258077832 1.52704681825938 1.973879556257 -8.94706117860074 -4.07610060323754 -1.54119513536028 -0.507530751515535 0.204658911804061 11.7006048619612 -18.0430127433089
-1.99587046864078 -4.77159823205328 1.50361225987963 5.83631800385223 8.11202142311982 -1.20309269662143 -21.1414048637624 -6.19190392930929 -0.708198766980507 -1.79710840610655 -0.0530404406755041 0.315982948013414 5.58170266597173
-0.374288197811403 -7.72757466621161 2.87543776460988 0.78351904747349 1.47086279297809 -0.801388625800742 -0.153080212418224 -0.164353506198351 -0.374917562410692 4.78135365891148 6.62125405682621 7.17795796702912 -0.0549553952005035
-2.23364170500991 9.54769116351553 -5.12906899238972 0.2154438905903 -2.59925711741248 0.692214310557772 -19.2141719827567 -2.00148358763042 1.05104220655277 -0.973172261307533 -5.12107490829862 8.31898372017297 6.62272195722216
-3.1370335536943 -2.16449713752893 -9.85737596821858 4.51544475295419 -2.01569847473083 -0.889367042395139 -18.5352130628657 0.754201145576566 2.09543710771996 -1.57574116182709 2.02089838719285 11.6674040171397 2.04546392594268
3.25654080677982 -7.86808057495636 8.33642749515559 4.52569405364809 1.14428517309328 -0.436611174420876 -19.2024608213023 1.1631120442642 -1.49169236807146 0.623224020883274 5.52665692429675 -0.81691225222821 -3.67775633096091
2.21285221909939 2.9844303039283 -6.33523838417745 1.878284702161 3.01209976954078 -1.42131291471638 -0.00743032314218173 -1.28846479279084 0.942827922654637 8.15432898197428 2.94979135147867 6.43898336468823 0.234190460763034
0.285909398559443 0.377375426365274 9.29887079347638 0.106806247866501 1.52915576806038 -3.09301671531876 -3.67509862080835 -1.01144213229579 0.432473825357211 1.18861012767387 1.46275857173771 9.13045554765105 -14.8734381246923
-2.92177865779516 -1.7547195220464 -3.50440112968088 3.27324754884171 12.2448931311385 0.203937048009555 3.03073500912804 -4.74312308189594 -0.281914829134436 5.28640296715731 11.1631130717514 2.98184940114206 6.71918135311785
1.52975391309152 -9.60828387785684 8.57471808304812 -5.59291416020941 4.71533496595822 -1.14616274548396 1.7646606478194 0.321479465499141 -0.211992903525543 9.31538313742849 3.17105543201721 4.45033696936983 5.35393863948216
7.82546618757556 1.4913000260316 5.57771038128798 7.81953674303953 4.16010643209801 2.63682992789206 -1.63778059455684 2.27424107731763 1.26356850509319 -12.6245598649537 4.24450880193425 9.45351989277583 -6.10443056711
-0.195622545005306 5.6230619570853 5.79260075382668 -3.63806349207704 0.697935201147927 -4.33402939835841 -0.606189845336938 0.227831646772337 2.85811144730383 4.5093549245449 1.48168091501239 9.35676968548657 -20.5948867823177
-0.613803364912957 2.88922084344104 2.1896599017249 -2.9240762808891 2.96775334833803 0.0144732557089822 -10.8737374454128 2.56444165947939 -0.387006088665155 5.93865966922681 0.895049473078222 6.69158130138024 -12.7194927263108
1.77655980710775 -0.13317525808516 5.8395353271823 -3.04299110854415 -4.2863350954884 0.055307747226955 -5.81434168467314 1.23861074655015 2.57958451109534 5.93012374972499 -0.106994486342131 1.57343776146937 -11.1573084253671
0.332309619331179 0.25746344018312 -3.6301916710672 7.5140718522998 -3.15862793553809 -3.95663410985241 -3.22261231772549 5.68534587525662 -0.922204164489094 -6.21837303390567 -6.63331458030206 -0.676341189494735 -5.84560351811497
0.448682076290378 4.02797522921003 -2.47429830361776 -2.75198053983678 -2.39969279933515 0.599931513393609 -22.9101292760778 1.42180767834558 0.92639669177012 0.539772500302408 -3.06609158209745 7.48849130291206 6.49688791509849
-1.05144608928607 4.19953705289048 -4.79585060463317 11.1642007899606 1.47185484505886 -0.494498076425732 -3.05632551577989 -5.50427410347045 -0.724542325585064 -11.3950533102499 2.55375947526213 12.6940611105032 0.866959535008701
-0.16577945177929 -7.63887144844565 1.02147790850303 11.1524635734034 -1.29370479063215 1.10600802316321 -22.2380042642303 -2.55470858483959 1.36388176726194 -0.729226787635827 -0.992065258901217 7.10061415301899 0.324036979796433
0.336433993544645 -3.50325294511386 -6.26842677093631 11.5086143879439 -2.97569672986845 -0.792302988556953 -20.3250601475735 4.67045360530118 0.688020345084716 3.93224073309875 5.7084256226843 -0.493448807623725 -0.0941188537648578
-1.47674573842487 2.62932089012327 -14.0387916984633 10.8277760690723 -3.66193942675213 -0.625713354530778 -16.2908071918657 2.40524473507126 -0.102850262123208 5.9562051041563 1.31813727020204 7.93652411141457 0.149893050714071
0.202550936543535 -4.88677930210796 5.74226132259232 -5.84083792640356 2.04364386557365 -1.88753758369965 1.33868460455722 -2.27406222302406 0.910357233723947 2.39915882573712 4.50405526954623 6.6148087528181 6.29769591519418
-3.60363365930495 -8.47488649779513 6.22741897409678 -9.41481457324264 3.76894377336384 -1.48462189741404 -16.5463511825546 0.209697875421198 -3.28603135478239 4.32896427201932 2.1004244428331 1.08241732317873 3.75591846826977
-3.91455408839331 -2.05458482088698 4.35020618803383 -8.27588763496533 0.617157399751177 1.93957390075668 -7.96845914261945 -0.554096287281559 -1.36284601043825 1.01155517090826 -0.909160118951588 5.33278580883596 -17.65373400714
-3.08418990802167 0.377716762670955 13.5695412811372 -3.02813698022272 3.93547859975592 -0.201535382220139 -4.52754302331699 3.41205079797981 6.3634636134953 -2.19121967423922 0.965593289144334 6.38929087270017 -15.405621533555
0.854742315838182 5.2122111718453 1.32974669744158 -4.62884318129211 -5.27111327724391 0.877357759416583 0.088449984094098 -6.12751027211414 -6.2761005468376 -5.94164128574624 -4.76379616383941 -3.2787757503898 -5.27184685011539
-1.36811685682799 -3.94939152490336 5.44625042017308 2.35736862321759 -3.32191478541129 -1.94747320856436 0.528327682494663 4.27365671110124 1.19861902316303 -5.89890893084694 -2.1894685859263 -9.25156927910947 -4.16264647780573
-1.13660661646481 1.09361684044889 -6.8302672883237 3.02040059518746 2.46212287000588 0.245679976359935 -16.1753357977647 1.88578612040958 -2.06467657842928 -2.85695231058647 -1.84962559417238 9.0430063970935 -5.1506348337531
-1.66606813009524 -1.60331280973888 -2.70021610063369 -7.26510361941143 -4.39565325337559 -1.21673881004293 -19.1385957371733 -4.76329046518497 -2.93452826647629 2.38589098423926 -2.83747001574806 9.97102778808732 -0.327729557028127
0.917267172727089 -13.2726453628849 12.6974867185602 4.27708017080474 3.11800257205298 0.826108574407757 -7.83035529105068 -0.0703901359778844 4.3638537304196 5.09403442342008 0.754216587559702 9.23677150756264 -17.726068515475
-2.21455577503442 1.88003523049973 4.74849930104324 -2.76755439800853 8.87082355794576 3.75191874486971 1.06757638625616 3.38245038626998 3.10695574299801 9.51640010167431 8.8428844742892 3.20122427223435 5.59393426375443
1.00414559392563 -7.38229984346255 10.5932335566876 -2.98852072804774 3.10894505920982 0.476480545008133 -4.64301507968256 1.43964323219073 3.81911762893413 -14.8729934840909 1.61981685338435 11.3357452056952 -3.11300159787668
-3.3504740977576 -4.34526687193753 8.78337714119778 -6.97398449919621 0.247119338838669 4.31379923990905 -1.5403123687673 0.476954901627801 0.999498187942018 -2.44271379145011 -4.7379568855931 -9.56808898295269 -3.02791722157855
-7.34325129451027 2.43632616675406 1.59795673866526 -7.06841107981743 -5.87523313474099 -1.09080413130822 -0.385123121846801 1.07836313316741 -5.027869289669 -3.72451667588365 -4.9864761675495 0.0259719241076288 -7.77667072698896
-2.08004904609343 3.34488864678773 -0.473334314172268 4.11279936837438 2.64388183382222 -0.372808010086342 -6.30155153443537 -0.638902382285517 -0.56088509333643 2.26874860029692 2.38294128688601 9.80657395144992 -13.8067266169998
2.63431165236957 -4.45708713193825 -6.72122785328397 5.98993574140091 -3.44076827294869 1.25532707328121 -4.57104733785848 -0.365233587668703 -2.44855745164152 -7.25190714359564 -1.96083479165695 -13.1604638758115 -3.49681454455314
3.26476868219564 1.68744173317939 -6.32719793520074 10.4267174674803 1.59216700066741 1.14662226255094 2.50602290684449 -0.309441490551905 2.71583461868121 1.87620508039396 3.33251541932448 7.92843327395103 0.856730115429003
1.50781654298146 3.71409651656439 -3.60727206527347 -2.31016036841003 -0.855081974139613 -2.22656761134801 -2.86576716076138 -1.87742077251097 0.312196112984748 -3.89477665879607 -2.99286232586002 -4.66017284862321 -2.10999363911518
-0.264672622248775 4.69107778967413 -3.63175152106501 3.48543539041326 -2.23169568627494 0.146088306595758 -6.38566662462636 -2.28600323941987 -5.04417006816132 2.74694343319088 0.99796552388323 1.07652710447164 -14.851869511069
1.83959540731311 5.71127537502374 1.75809085142587 -0.467401941854672 -3.5394146482449 -1.05759661261507 -16.1145820905601 -5.35708893436504 -0.864900043387801 0.308249480421547 -7.0341867075046 5.06027736938208 -0.656201058537122
0.946469051684129 8.22821380557928 -4.92475837736089 -1.77726738027343 1.59855966897954 1.68339563118702 -2.45070439063228 4.5665651608303 0.862968445880108 8.43327300620801 1.72586514497971 4.97779526601717 5.43148281853912
-3.82235502687242 10.6303584553263 5.3536484600334 -2.38277662149639 -0.024419084107695 4.07263028407874 -4.33973624862874 3.61988943611714 -0.021764350513637 -16.6367094485862 4.59180184699377 10.94423402203 -0.992051683626174
3.55204768567146 -4.23612157227246 -2.56937335394641 0.0896034720898808 0.708833649769258 3.05691469423011 -4.17951680097488 1.84704269978151 -1.07574934419448 -0.144098042163686 0.970397075244351 8.1217413722857 -19.0323571011868
-1.9658683930333 8.33346538947365 -1.72378870514738 -3.72578703559182 -1.57116951203709 -0.807496104417174 -2.00778304580222 1.15440640426297 1.32972423570957 7.14066922937616 1.15982550722689 9.42290307188031 -9.316143097268
-0.486820157933285 -2.19865176241327 -2.95961101374247 0.316798922872375 1.49427820536226 1.25006992239328 -14.9697798754511 -0.252272689583019 0.274874521945248 5.61131901124922 -2.39843195866395 3.64358475044128 -3.52880843599385
-2.89082059063943 -5.26221159552505 5.79107826919396 1.75023108681472 5.65786875081413 0.13628693560274 -18.4068953654461 0.837423561035654 -0.634201474026438 1.01386591642076 -0.585961820669312 3.059433159183 -6.6175386664415
-6.48204653946421 7.51070639680462 9.93847386292247 -4.39919727644208 3.81551398873647 -3.59479495727507 -9.41803411224579 3.06931490678371 0.528778559535737 -12.9113277019086 -2.58748934201897 9.06872255139874 3.43091795282605
2.8247060205824 9.14115800944176 -1.8130665876218 3.07918432215691 -1.23549787489538 2.19155078352968 -2.43156701920923 -2.33048631955665 -0.730866907596579 -7.26089458399985 -1.97346502835912 -9.15698910342152 -3.50253478989631
-4.75109282659312 -4.08007365442493 -3.5363112787128 4.12269435918962 -5.05227676832922 -1.74452077419408 -0.317844237744962 -0.998178384790316 2.64798333317065 -5.71049739982181 -6.80193000325758 -11.223946540544 -2.17405859489552
-1.67925088855756 6.77462661038576 -2.82354956735974 3.1916089487218 -5.80792465513549 4.48684544147271 -4.4506441279801 0.659297709357698 -0.231272486373046 -5.55175263640426 -4.43551973614197 -3.55069209658164 -4.71121119806469
-0.853413329157224 -1.29616400294208 7.74717755696088 5.99174292438593 3.59547623769642 4.13123344963787 2.77035484580469 -2.68431469961112 0.205117754888774 3.39172972058915 7.42355376123385 6.33792339962289 1.31694222637672
-3.84219992430539 1.69580609228075 6.50776195082419 0.799579360219294 3.07223529820573 7.24934900835382 -4.21408435556913 4.41433842177282 6.47770052150782 2.21832472186549 0.775296153766883 4.33590664796368 -18.4445522531628
1.02133135491243 -2.7880905895914 -5.72974943655604 20.2657352536999 -2.79187442955005 -5.40933853717114 0.218945423577224 -2.09713842775998 -1.60735730338293 -7.65695459340041 -4.25366257183682 -4.10218945953944 -0.901854794782715
-0.95339579753338 -4.2105719463589 0.945358381491934 -3.85352094970647 5.15056341988249 1.26495976130764 -6.73243885772581 -2.1225701714633 -0.386404004303818 -12.9352237772071 2.67342092520044 14.3529211111941 1.6864628425666
-1.23515195371627 -1.48982004776379 -0.604779832932696 -3.89251348848199 3.72636347453946 0.520418315304485 -7.32701377230048 -0.119641486192493 1.20925448300715 -9.57552655018247 5.33941886670441 11.0120230300967 4.85339863108884
2.48743948873736 7.07243734806211 8.84794678935131 -0.860324879118802 2.2814831878934 2.57217389852586 2.63248955336588 1.97487542986697 2.39040295060174 5.43258932488234 6.07045562851025 6.19232330203322 0.99943081718932
-1.22981083567673 -8.68612929421444 8.55860488115233 1.04312648070407 4.60247259287575 -0.820340284169653 -6.50986076723971 4.5941390329576 -1.37114453874998 -10.5732697959257 4.05164106364881 9.61460964548272 -5.06143658156523
4.43643858166955 3.50872885211288 4.12588038417899 -2.29856363351927 2.04825405200644 0.225811670101603 7.249247333581 1.81391969286488 -1.21829357242818 1.73378314189565 4.2212105383397 1.39680076003757 4.41696991152237
-0.0285792122388485 4.49825279142989 -8.33420324601193 5.52689689731241 3.13599354900171 4.46257555501362 4.73313861343463 2.68188912110927 -1.80357009500083 6.75040325427075 2.2408507724892 8.23182229068172 2.89975612590609
-1.98900966266913 2.7864778756649 0.644999130123259 1.22786770720061 -1.94524938066854 0.998404876024588 -1.24373181954423 -1.8177613109531 -0.155089604702142 -4.60379915800684 -1.5535904224142 -6.42083565013928 -3.37007118002384
1.86305920112547 1.20907751055682 2.28445586581246 6.0295149400695 6.66449179008156 -2.90207662739139 5.56060577374678 0.789496639169833 1.19674742627135 7.82978269883665 5.06579650310038 5.14094194382187 0.346894475933024
-1.91203332003067 -6.27613322368886 -5.39916216460144 17.3682055649148 6.2294385181682 -0.613619357533181 -16.0870089652297 -1.34605276916783 0.0262841622912978 2.1969988384225 -3.64473947106066 5.05483293072546 -0.349471626415915
-0.209633514803164 1.02908052393951 -1.03573883818192 1.98730468538462 -0.953280850506063 -4.60263721900347 -2.48950302105227 -10.2063026796814 -5.15672341825749 -6.10938522046848 -5.22171977647927 -1.7789966908301 -3.13825180174133
-4.06127942624375 6.24335152979547 -20.6767327530869 9.29044707385251 -9.21896466042977 -4.32451096358452 -3.12082724121772 0.652849102642149 -3.14027869265968 -5.95671551042433 -5.03184441321302 -2.53921257883968 -4.90591711277669
0.457535857415058 -0.56763342762754 7.9801652142019 6.5315206129638 3.17275797948046 -1.51471722082124 -7.25861621187218 0.736309930019913 0.260884283834737 -11.5715420848115 -0.568437611476785 10.8640320944136 -2.15542500193072
-0.664506384124406 0.00753696992878836 6.69676080096854 -1.16479797134764 0.644750234213303 -1.09333700414152 -6.61888468213431 -4.66463364869286 2.11802052000008 1.96996766255027 3.60961878884721 8.34248103119 -16.8119090484324
0.618320921105263 1.61117188359701 -3.36000222869183 -2.44472629680893 4.99383197533566 2.14442283673813 11.2774369069029 1.4235738059085 5.61475688014415 4.04870387353329 5.0836976471775 6.4452652729871 9.25927696149845
4.32040935319866 3.84948697111037 -1.38198599864942 -4.37018499767716 1.21134331772133 0.651509544324854 -5.81553420910647 0.0263943194275542 -1.10739624542551 2.03504683437783 1.85829261591838 5.929289920739 -16.2160698873701
3.33963125858435 -2.24372761822197 5.47996770813155 3.6138449905377 2.04738277216161 0.21858337237376 -4.09587660285358 -0.577363619696129 -1.34934269564475 -13.7648572864953 6.93740881355178 14.4965829054092 1.93215745008259
-4.13094047601105 -3.77788528705517 -6.30752991176358 5.42185700500395 -5.07560672869233 0.0935456445772923 -2.16824271468194 3.53290099308615 -2.31838610585225 -7.7946311724423 -3.46963179153498 -4.70878558360596 -0.164672098997618
-0.343706609716886 0.663788171311972 1.71798468905032 5.10628407996136 -4.68159860445942 -3.37136680566763 -0.820432753129639 -0.929744044561896 -2.87564700779182 -3.12718908985937 -4.63757621463279 -5.91120370953336 -2.68312647701956
-2.90126547412005 -2.17161679014461 2.06106806485956 -2.77307936297519 1.2706571257685 5.14008463095045 -8.37534993196667 1.70969158556604 0.982249401197786 -1.55585530307665 1.72533889097978 5.86879809919019 -19.117310833698
2.12490113165301 -2.60606110163529 -8.96852658670708 10.2585385854935 3.02638945827728 3.27009647100244 -8.72770008599293 -0.257288760821574 3.05691626528058 0.735746844329258 0.412254156742088 9.33744311261973 -18.4375400320665
