x1 x2 x3 x4 x5 x6 x7 x8 x9 x10 x11
-7.34169442774229 3.34665231959643 -0.781194057227164 -2.14087453666403 2.15964719765485 -4.08937309509377 6.19795484481837 9.1322411275919 4.61330203837435 5.30889605662711 -1.96579802825421
3.06225098652062 -0.495865559431562 1.40135719200012 2.88964453068267 -1.39784014209118 -1.84510316809232 0.636955664437985 6.48255251452926 -10.462291673207 1.98328504760369 3.14800383732883
4.1472919866497 -0.838088232646082 1.86912204828974 4.94099402190385 1.17466186693631 -0.165562391532009 1.01447051054693 6.18000230056773 -13.9436594245367 -3.08097881024343 3.42747868458354
-4.7145299409639 1.94110468793936 13.3895082404304 2.6473172249284 6.13413667040145 5.72700548175502 5.3082651937979 11.7581967757146 -13.174286978996 0.552881974146527 5.44839972543217
2.56523256887418 0.0847602318450725 8.66480812959532 8.16630828538304 -13.4699440815677 -1.98193355646322 2.34519874212956 9.20869592175261 -2.64966188083249 -2.79122739809887 0.684752037224082
4.98023324600315 1.94867846658876 1.78863051859239 7.56343476067256 3.80969056642148 -2.54262029547888 5.32760167459014 0.808284369374201 -8.82616848747153 -3.5669677600478 0.921645897106597
-0.50985327315347 -1.45922507662325 2.36108425706997 -0.992586665163218 3.30411772346949 -0.0215258991198169 0.259543595151949 -0.411508819506645 5.39164923304141 1.35724537287281 -1.02050577516191
-4.75576923472257 1.798617785135 -2.84946685131698 -3.69950500594374 -3.74396142188121 4.52299715616318 0.808149015203953 0.938705665861881 -9.30246961009317 1.60624462364393 -7.19463171382986
6.75073259469538 2.17263280551595 0.100845691211827 0.525880860284504 3.72961411353773 -2.48654010229679 2.54924140310545 -2.03475263344443 2.93797560815235 -5.10800808975856 1.87723020697912
2.66770227836386 2.15347774721087 -3.283950700922 -3.54689294983276 -8.69187494739433 1.44199622227857 1.16481855382378 10.2385926041751 -1.04230147279963 0.294217296537371 2.81316237212488
6.12977596236586 2.37363079500209 -1.81054968771689 4.43864901657868 -12.1907546151041 0.773721467735413 3.71194770524454 8.92761840654343 -2.68685038250995 0.681776700619673 1.00658791226176
-3.73672639723661 -2.73519178201713 -5.07537803383757 -2.63856630135739 -3.02292184438459 9.05300198328439 -0.0527777274980963 0.722641691177811 -6.4795764113696 0.0500557445762314 -4.78168227344448
9.48546454220488 1.37046211803706 1.01851092300205 -1.36265839953149 -10.1137338436204 -0.0189759546199237 2.32573985853563 7.42913727227531 -2.61368579264532 0.945675674055277 -0.652044602642463
4.02973359464626 0.00333506218220836 1.94288477124295 -8.20715211301047 2.11051903257203 0.606164011102329 1.59940329262744 2.74303407599393 -13.3901045913431 1.07949433151359 1.99289463237453
11.242441553557 1.66345287206886 1.3015155340007 3.87091809596334 2.79569915785636 0.0364335646611987 5.12690512950931 0.538388930133924 5.52002204402068 3.60156617531301 -1.24450822034209
6.62640808410333 3.15929943384058 4.97261629829462 0.379289547897229 -11.3125362987314 6.55131414858445 1.88616505611053 10.4142827788073 -1.88462920913165 0.700738504612088 -2.30828809032709
-5.9113952940046 -3.54302198413247 -1.38611247001108 5.42434337727011 -2.11689336127296 -0.965297902125628 1.17628486936686 1.37201381661277 -3.55395777018924 -5.42111342872025 0.611914595399224
-3.9370635490621 -3.33090877628357 0.183330139161527 7.66003687986981 -3.97553123860818 5.32111103466521 -1.01684081767487 -1.74697420675128 -2.66879066797866 -2.3954869008738 -3.77553626635719
-8.26999827039511 -1.03442325510831 0.108760793337367 -2.4708454310443 -3.21851672108947 -0.283217027853279 0.860564551964616 1.08655214454823 -1.75651680412904 0.133902452305271 -2.36264963891546
8.47661252080191 -1.000904219327 -3.3565917394417 0.0272461752626244 -9.16487096069177 6.49395483689544 -3.54678979277256 12.3360460302128 0.75176036987152 3.49945834168084 -2.1535480271323
1.4425462580631 -0.27492340777751 -2.29911791385479 -0.477718092171773 5.47092795815369 1.02202270226362 3.77078072123253 4.36861585456028 -12.3772228581769 -0.117990325206246 2.85048233189609
-8.21607257091116 -2.74648824882468 -5.49452540659721 -0.772230356889262 -3.06567856947732 -8.59817272364756 -8.62513115319904 -3.29995347570045 -4.99766467732399 -6.623546910822 -1.24437376864373
5.31239882723452 3.27219625676266 0.856528338527264 -6.4058461658573 2.25920699196436 0.473687061582659 8.26545461556895 1.47466626043097 -0.44766080016195 -4.44090937345237 2.25872456895177
-7.91036132405203 0.598301567046188 -2.42863596566384 -5.98471342465392 -2.90995836589793 -7.28830083789403 -3.97253400779018 0.112251904169973 -1.342585646918 -5.20890964823105 -4.85762829039286
-9.7407910291061 -0.905626692699716 -5.44106084482762 -2.21289203514662 0.918452560277251 4.2789782327538 -2.24798903472074 -3.59274012364198 -4.72270758375507 3.57038845674567 -2.85857015086658
3.09850850659924 0.524260200944759 -5.59120255194841 5.24954012805452 -7.89051609820926 6.90875235039937 4.85126618287954 11.4778429048374 -1.03945435754384 4.44385554206811 -0.588577685395556
2.87644831708872 1.84787671930033 -2.55676532924596 -1.14909565589405 6.11471726624673 -2.33718473612222 -3.02771343043504 1.62172360704125 -14.0300475992623 -2.80712747911734 0.389560592542381
4.44975131226565 -1.9893059106432 2.27596002661927 2.77624433204105 5.81725460005357 0.190835936457047 3.2579122967734 -1.55376612638254 3.35553906607701 8.76854298252526 7.38744659243509
1.59478036816429 -1.34799091273636 0.153818680379799 -0.368452453206784 3.04637732796846 0.430086135172824 2.81547790886166 4.0642456729236 -14.5383475330055 -1.96748306116115 3.1893989976512
5.69660907211602 -1.29269251707549 2.91811537870929 -4.07239727647563 5.90920546718842 -1.09030640724777 0.657815382806705 1.0326772655321 3.27994172946109 0.550311289863975 0.612981898309537
0.830354544943429 -0.232132842434315 -2.48877815555704 0.22268890358356 -6.44574257498075 -10.237811935523 2.67970988630991 13.4642456852924 -2.81591145131031 2.44172136713295 0.115747530953436
5.02329135211986 3.7329851504099 6.60453875599196 -7.80472472681049 -7.3077133368723 1.00639916896747 4.79225698317396 8.53399488645898 -3.47533814565634 -3.24724212995719 1.34272497853288
-5.23578717038036 2.87856283245925 -2.73099142702523 0.0124742143393347 5.34550784986324 1.69112482284412 3.0407886494905 10.9976964381786 -0.491049763891113 4.09248745023945 4.39129074202704
1.77713721166106 -0.873584351044123 4.05971583317383 5.49214531003846 3.64013408990529 -0.837989236234562 4.68232323334978 0.155662856720477 0.317705178218935 0.553183927373916 1.69928544565394
-4.35515703509924 -3.19591013354815 -3.33417202573242 4.38133168673526 -4.76367612354727 0.327888442732141 -3.65508850333417 2.70870213754704 -0.0299154035285634 1.32721744940772 -3.48117645463034
-6.92314221035336 -4.67116892924314 0.693909856472811 -1.56884156391694 -2.28252576647667 0.231108007254454 -2.72975665504541 1.94709150000503 -1.44002696481686 -1.98902195414562 -4.70211971260562
5.62778458453656 0.0589021839265622 0.60025163705648 3.92955821678246 2.77489419058472 0.416114256883149 2.54625998104318 6.88994458141012 -6.99688758542861 1.68937668963762 2.13202598086371
1.03982840365676 2.45095143648581 2.38292387992584 -0.501938185778337 1.26256875646503 1.13214086668085 3.24474948823772 -1.42080484309863 2.28215134067862 -7.51774501965743 -0.8531074269002
-6.56883151504727 -5.26464775222247 -6.08834295749984 -0.4336824972108 -6.40142487551586 3.60337224114681 -6.49200079886901 0.743778801198616 -4.97598112899424 3.097516286974 -3.77380921217383
1.64978660195312 5.13467593710953 -0.702063419040276 -0.196855745760081 3.82672428677816 -2.84199401897628 1.30541469892055 4.9030583349886 -11.0056364757508 -5.03183868761395 2.07033497264742
-1.88353290424792 -1.58988780434731 3.83863078973764 1.59634423455953 -3.01023385726101 6.09476766751172 0.31991591254972 -3.14677252549552 -6.36832965853322 -2.57850578592062 0.33163033203032
-9.10530591719193 1.59419811101089 3.65253358294351 -7.62110042504854 -2.60152370116906 0.285372816033913 2.24020413788002 9.43506041365791 3.76554106303318 -1.48363591311153 1.35088034274777
-1.49561697738775 3.95319110542467 -2.44921580725972 -1.31229430056086 -5.14109243146233 1.12736686062956 -5.93086926631939 -1.85276839972608 -2.99795186137015 -0.459514789355412 -2.00270052047537
-10.1138491714335 0.353822631909306 -5.22459495341272 4.25432410848546 1.64566282719178 1.76267068756542 0.593710839543568 8.58905931395935 1.97659553970696 -1.54989577711303 3.36202692256391
3.40067199985598 -0.307069208335161 3.5979620446975 -0.756276635187148 2.57119777742169 0.305685567007708 0.689705577566784 2.02744250298596 3.08068879661599 1.80635765091483 -0.824191147345682
-0.214379300610632 3.69181199852546 -0.183456237365242 -6.39085117511522 2.37122287085071 -0.211042318158045 -1.95287857643754 5.92685145560611 -12.349719158526 6.03318331227075 1.63850247903842
8.77562676041201 2.4411952900068 3.07445943160215 3.20834270151622 4.72315462395576 -2.89805315361509 4.07122646139249 0.423197608247754 5.78086278790661 3.83242699656358 -1.17925414302465
-10.0277178738148 1.4157476206632 8.09172885061433 -1.83579050085043 -0.716466379508227 -0.436312042822692 1.95344182278803 10.7611263053836 -0.441966847942471 1.18158980793727 5.77152325814892
5.46528811492739 0.953525054390771 2.83781440100834 6.23612450310119 -7.10621757277375 -1.56400866313032 1.5127641929741 10.9057036431969 -0.709523869507954 2.12825148325137 0.572739207729959
-5.51592225833832 -2.57461374337995 -3.7413072964361 -3.36714473150763 -2.41292769404775 6.87495388913745 -0.756830343103561 -1.15378640872612 -2.54557549119236 0.597582076200495 -3.20003265989806
-2.73917366580807 3.52505360075032 -6.89196081770291 -3.43620131910437 -6.90591366240585 -3.4837059076423 -7.20220480375797 -1.79016484294562 -3.50484788596261 -6.13280870025629 -4.30834496072584
-7.11839640604872 -0.339775004469101 -0.674635095244051 1.64497723477048 -0.257220798190593 0.839240848539496 2.43936249112184 13.3489161363926 1.85724634395299 2.09962801013074 2.98054665618181
-0.95319511552384 -1.13833603966684 1.39917244281604 5.71957619999856 5.44245170892856 3.01756633193854 5.69512943521932 0.721857291554159 0.87187763260362 4.99898304576009 1.01747039795218
-9.58633727513878 2.4125153917278 2.27862326271864 -2.87084983523849 -4.71003710582685 0.346696905502066 -6.05556024840467 -1.03964174982651 -8.34249476191513 0.553584206184932 -2.33720232057183
3.88808074210314 -1.47828926861156 2.73552273546254 6.96197748379469 4.08503861422601 0.418916097438096 3.19775763812003 -1.52861394345015 4.44417446125471 0.423186916782517 5.0582205811216
-2.51403833355332 -4.39380733343176 -2.5484787309536 0.714254192338496 0.677892887494521 4.38484564641828 -3.46818843141094 -1.91747392079054 -2.82412530817707 -2.22208963001635 -0.501998325202733
-7.53478957526989 -3.24068910534621 2.12491026585941 1.06042907445875 0.752445791439788 3.73835097174673 -1.78289834022837 13.1762487381312 -3.22802018093187 -0.13065748705239 5.83466851976596
6.44320481398646 -1.73928873749337 2.37473186807289 -2.12083155898546 4.75733375137198 0.319643792878385 -0.555695470336958 0.128368930439043 3.24693520434485 2.02036069555807 2.49850123773959
-5.17793168070668 1.05697839671816 -3.65240133925289 0.0498962251401281 0.029451040037709 4.3973152971931 0.449688270447421 -1.83614187709699 -3.78742857452817 3.98812640922449 -1.80328939118188
4.86749650587764 1.99672998720195 2.2011154310153 1.6719460378562 0.487913622015817 -1.71018235162449 4.84284165163448 4.0059813301335 -8.50824494055538 0.233813659467953 5.81712112258552
0.780322862121219 0.653559426873339 3.19304492770341 2.08144447387394 3.03057593538588 0.723759558904589 -3.31328945639349 5.66407197538452 -8.989773690133 4.90740118310159 2.45870371794878
7.01097459847354 -1.86180481306504 1.63594679175117 8.75500988674201 2.31359502293695 0.221134983158784 0.980027390962086 1.50819617093999 2.11492787636038 0.14763180132442 -0.352268403276846
3.89315579258566 1.4031814238513 -1.85861275078213 4.40247647746266 3.17345875517998 1.29581835136437 -0.439371021620389 3.13069389388588 -7.76483169334048 3.9802862266788 3.03614767571685
3.21280209289448 -1.97840475672885 -0.795738274947965 7.48000000570902 1.27594541826994 1.55353194952086 0.489834226243821 4.83990699854314 -11.3036297169662 7.54126423195041 -2.87975893125022
-5.51745136730774 2.5958204144607 1.51839875457973 -4.41033936756356 -0.482606079650343 4.65988672573612 4.81984551568411 9.25410839880914 2.94374944708965 0.369872219186318 3.04441023036964
1.19400366171482 -4.53900108522399 -0.957445544154762 -4.49340794619442 -11.617959334481 7.59325681045258 2.64093325991255 5.75081213582726 -0.636117132972462 -1.44550234459249 5.25067080784785
3.90224967717832 -2.3631101150932 1.28516598582078 -4.30616027490253 -8.05647003175164 -6.52536775171788 2.13280919529852 5.53454701004718 -2.95676913370632 -1.48960455041123 3.72112164174809
-6.32314373723976 -2.85669212815884 2.31464550405688 -1.06301343142818 -5.11995958878928 -5.75816106703352 3.53876071824389 10.69419964188 1.21465497719234 2.41405201512657 5.60817123903867
4.82632400601347 -2.18372728458059 4.97942559389161 -1.00262164521108 4.78170357192351 0.341519658139008 -2.59932565809813 0.920315437801825 2.11296627721619 2.92377514032923 3.16437164194029
-2.45289211770902 -2.89790930040537 -4.15510469476665 1.56518119740695 -3.57215591427443 -2.51019051688757 -4.54404766766592 -3.24512615513748 -3.3348246374293 -1.63151601758685 -2.68391065518084
-7.25585339579071 1.64296427924565 5.54682578762815 1.82092055678237 4.04993425557704 2.48935007328468 3.76251484594543 10.8373402796278 1.06260884548699 1.83370222528682 1.32496183008879
0.595625521394314 0.826554749842786 6.8784733583638 4.03295076804238 -14.9682011113509 -2.37145104853575 5.27146766612982 4.43650000013204 0.0774011603252214 4.45754989689507 -2.00653824498469
9.45934290598107 -0.901932839545715 2.38485596221004 -2.35596385436763 1.47757703088826 0.90262481283767 5.0210602725715 -3.79211991559241 2.07888013930336 0.787926685221029 0.673333151885442
-6.51078477564732 5.40010027214952 -0.00476741412183834 -6.77302116491147 -1.74617711379215 -0.64959122538531 7.38751127132383 4.98806527790594 -1.61444134169176 2.68520766506898 -0.90533882497778
-1.96967853189813 4.73038350587241 8.84784914741733 6.15228085156225 2.95826773118452 -2.29311273047337 1.85670482498052 19.0264453148327 0.532975020478987 2.19710256629699 0.840174199286513
-7.58372142702567 2.90843174360131 -2.0218396474376 -5.50077847659904 6.90105411978146 5.11362109407609 10.4249109096254 2.28386391900879 4.08978543788975 2.18201710034793 2.47050476024375
4.95907570328812 1.43011575210044 3.7210806766479 -2.79329404822769 -7.0171132640647 -2.88886811421433 3.17407879831261 7.00230856900895 -2.32756213073637 -0.196764452165202 3.67660586133984
-7.05742550487185 6.99163936801985 3.38244476028233 5.29416875557741 1.20289327420066 -3.4820670729801 7.70429295775902 9.59488963394537 -4.15694121901351 -2.31859054339058 0.135737875011994
0.562414916560582 -0.828612867944204 2.78912417201584 -0.641691926308302 1.95362587065716 -1.04370250409824 3.79803403385052 -0.748408351090028 1.4961490603442 3.06320689821829 1.03718161550284
0.556556614083484 0.722602708732058 0.532262427365829 0.0552007737268542 3.25159933414226 2.14595896659805 2.46132878146312 10.4531411170489 -17.0547282882523 0.868307486196405 0.542204343233051
8.401369101806 -3.0461063982093 -3.15624733352283 2.76306396694849 -4.69725047149539 5.51302147714555 4.05659637217106 6.88765881960481 -0.923932357877979 1.89301357803278 -1.76490472133795
7.62977690718697 4.81930425423031 0.920710130260883 -2.5504801852916 5.66839305982703 2.35258706835748 4.89054190576804 1.45762321048621 0.45150160429269 -1.93467880199287 2.56043037281378
-8.77690571123526 1.38079280727162 10.1806948737184 -3.74589839643709 1.51021463438752 -0.650674299320016 2.87932435935555 12.489690989037 0.959176942395218 1.16051793153219 2.21128628677877
6.61437652422697 -1.44370029580771 6.83218021631021 0.866209210668933 -12.0377505215542 -7.17219146161908 4.83393714689263 9.25532140317788 -1.64820230448148 6.38368948475703 -0.271930126444774
2.02170391677163 -1.34868428959881 1.81909599218944 8.12898480293234 5.25348310508051 1.77142045618457 7.68688120437556 -0.761296596780982 3.48282725446951 2.4239381567463 -1.95886077922081
5.72060177260113 1.8770496666359 3.44164817503186 3.9250646002667 -0.513065219617421 2.57786390630537 1.75278444492113 8.8784955892787 -11.6170781993012 2.13796470449765 3.81298262662147
-7.42506037761785 4.72799203794863 0.414507446423164 1.96212842073085 5.89509009916826 2.62135078532579 4.44905508503404 7.8066665943452 -5.53294477720043 -0.0235744490292558 3.64718918502708
-7.48881705512427 7.05894946790454 0.440294202668036 5.02111063571693 1.96124342982935 -1.84887618100439 0.657859691481763 9.10992833033504 -2.74285356407452 -0.652929020889069 0.739342995920721
-10.5478807021412 3.21657088907183 3.78346338151136 -6.75899358580477 6.61241179801305 -2.46632944607307 2.0693108930886 9.33307165931086 -0.849893541990966 3.72175739293886 0.186218238301734
1.81668080399807 0.820259280785627 2.56313061130145 -3.8263785662263 4.90074797624882 2.3511786312476 -2.87128130694918 5.87656430623532 -15.324016228472 1.36375085542079 -3.53895704534207
-3.15599728852857 1.3120089650105 -4.08771819675421 -0.52466871639018 -5.42745914137279 0.410839298733597 -2.32102268858584 -0.89903281773296 -6.24720877529623 -1.12535045525657 -3.0238827011394
-4.13664418151759 4.6426331373608 -3.76672486221176 0.0844882509327738 -4.42546176025674 0.624869879008757 -5.15966526742869 -1.5289723658965 -0.903561173557435 -1.9653041745453 -3.48259956577545
-9.97189352908492 3.66054225387082 4.37754951161381 7.22168920437112 -0.481485835111853 0.180523416978332 1.29069349954698 4.59267331654525 0.77718770895467 2.78186028670054 1.50364980888564
6.86262274741055 5.82202717043657 4.3792780864541 1.21119913019873 6.69609397054215 0.103184204879726 3.49570724534212 -0.691685206757477 2.6067175197588 -0.533930673609478 4.45050613298153
7.54636721190839 -0.785472955190858 2.62419114529517 -4.13193138802905 5.80970589967282 1.27745582549074 0.121202982743407 1.68065772495888 2.31816993584164 8.37066046226432 6.04864327316039
2.52606805457193 -0.442152926477531 2.46048551615802 0.0943091492036612 4.53660291429042 1.60100032638306 -0.801070104057241 7.72406148297237 -8.0154524507627 0.215147803352171 1.69695090131669
-7.21937732193308 0.984662887432064 -3.29854021054943 -1.22517978467312 5.25435218391417 -0.339358818204067 -3.6236353515228 11.2368712216987 1.75403580628452 -0.630306765408681 2.53611291725933
-4.2179051959019 -5.51185426217098 -4.21735549163751 4.64938678435491 -3.84581303375582 3.38445019298995 -0.106365600341763 1.80708986721892 -5.56688057153728 3.04327948081635 3.12061271601549
6.07410942621605 -2.87880633686698 5.28214075948415 3.25467542827872 8.43578769829061 1.00558836777706 2.97925671471324 -0.292219170051163 3.91275721501323 6.62927966926241 4.72093814843099
6.34575944254743 0.0982816513850722 -0.167584129330382 1.6468639548459 -16.5621002508595 0.628961039536819 8.99106968807715 9.44225792036762 -2.02960947132876 2.08862081962931 6.21613892492071
6.464194361767 -3.48400668647074 5.62887638734757 -7.98979434770443 -8.22393421069171 -1.63639206262166 1.38844442917498 11.3179269785304 0.580191476120759 0.756647476931399 3.50150365759528
-6.1551556588341 -1.27671417057985 -4.01028078810423 -1.21323374838025 -0.496217605579125 0.810307003268663 -2.16911722305427 1.96008259610329 -5.13046437778598 -6.09107625970335 -2.03986350828918
1.32878855702685 1.96696505039979 5.27855795153331 1.21839626604739 4.40910379104029 -0.390567348131659 6.21156848987921 0.918841684874922 0.7453744541181 3.49939752858885 2.40972133471473
7.45774419684999 2.83298532190618 5.30225928542515 3.75091810171815 5.2458259523863 -0.363370860939799 2.57209465955139 6.4563709986252 5.89848874701486 5.96866734401722 0.90698934363746
8.10730129308372 -4.49851838029091 1.92269995524155 0.531402680289274 -10.090834431402 5.94965770414508 4.31151841184964 10.8269501464013 -1.56129586322058 2.63941933664553 -3.47448606679187
4.49150908260589 2.44162390318824 -1.92486539709999 3.91868591250754 2.35435026220648 -0.227604274973702 0.32071273221312 -3.43844150033187 -3.00506242190372 1.60369918305479 -0.479924220425399
5.431354355691 0.778959494994292 3.55284931406855 -2.49763475856017 2.75164236877139 0.297745219831873 0.385867541767634 6.68627028535183 -15.9468573813862 -1.90319260531182 1.22918819864527
-5.2037690840271 0.170565177818772 1.76799137499916 2.21095435937312 6.01679924890117 2.1649675205441 2.3723374379176 8.09742864607573 -1.4880382853631 5.29355529339 1.162410385486
-0.0215788171547073 -1.72602502518967 -0.0738959073419896 0.461661180490057 3.53474398425866 -0.467957249922438 3.67155175310328 2.40640538941665 -8.66783404967095 -0.707104428916884 0.42254692780708
11.0554991833227 1.48877998537552 3.18213261174949 -4.00689314079891 6.63070135545284 -1.82560070936652 0.451360637204234 -0.696912608375448 -1.23223998344343 2.08718999440313 0.0931902024336702
8.91118707415 0.322286669541436 0.23491178890474 3.49666772737704 -3.33886715886196 5.09767436840306 3.30744154144697 8.45749246014164 -2.3998167565546 -1.52316890507256 1.93748570586715
5.53947254271617 3.50638831048754 3.07328176329022 -4.88468521898353 6.4082203798843 0.277226291197669 1.23306672160049 -4.1650738457324 4.94148481163542 -2.54581618786008 3.5135113017037
1.65570396359819 3.76227997135871 6.04738694984536 3.43676070194567 -7.84511531425205 5.0991599423451 3.25844199351202 10.1738364932373 -0.269515290140144 -1.8690114732027 3.29971101602363
2.41135596491994 -0.714628453967839 2.66489760533221 1.87718357487676 -12.9574673258722 0.748288589142708 0.712306271507678 5.44603201102632 -1.30552716484985 -1.66951369859715 2.11654642673801
7.04092700389204 2.99948057700311 6.16789662754446 -1.41426369538358 -5.3752935036483 1.29419527471783 -0.774008166046043 10.608938540285 -2.17352847255239 4.68276985592323 0.789572915858762
2.39662090193467 -1.81956315480622 0.185613611060458 -4.19632087361833 -6.94486564052263 5.14672812065367 -3.22684188505142 4.82845370113235 -2.96825186105805 -3.05399669375265 -0.620906956540873
0.321841600706902 1.52541693172302 3.58629850683494 -0.561305867314702 8.92511064154601 0.967409224931509 3.94555526709866 -0.11298064488685 5.77656273954135 5.60444824810973 5.52771433165806
2.12337097876119 3.06679291009164 1.29140474337986 -1.55246348170227 4.23086966828244 -0.945968767360392 -0.182042407944563 3.31628917797676 -13.6647919375421 3.28453460740939 -0.582543122072409
1.02547708950498 0.234417624350938 -0.338173214523286 1.44952427552539 5.79409339905174 -1.35085116297354 -0.894177605989558 0.674028938122341 -13.843694603473 -3.17265009559014 3.59793855134151
8.88817127717959 -1.54323281491765 1.45407748770284 4.17435557882189 6.13072995754396 -0.640899987374214 1.16138302071018 1.0756695376559 -0.922816818539432 -0.273274164182222 4.16819046768821
2.63267906310175 -2.08945768221259 0.91698792840851 4.1369586890991 -0.706646094966164 0.525722112300239 1.13832406601038 5.49241155647412 -10.6363051534073 2.94881470080607 -0.260666181592648
1.08991027264258 -2.1738506619245 4.31369415770504 1.85648150455349 -8.36509874838068 2.88684774996766 1.37513817758102 6.5583630730395 1.41500817928716 -3.9590271467434 -0.566128858133063
-8.26938525992894 -4.60399918122035 6.45802320367083 4.71593369049861 -6.26672204187507 -2.16740636626979 4.25739749386752 12.2238043179907 -0.329587244008245 3.23208901089457 3.56658216780613
0.752417621082928 -0.44865507327613 -0.320025321642448 -4.79528045221259 -3.40779644911495 1.63468620668736 2.23619506256618 9.33498527693856 -1.10919383656734 -5.30629730673718 -3.09061947493659
-5.93973437583664 -3.13184426662363 -1.6882272312814 4.87168528047653 -6.38607919127257 -2.77652376362665 -1.38981019114498 -0.873864576467214 1.34049222863651 -2.92911338518919 2.42407518004302
2.31832446393484 2.55265218304715 2.24209443696603 9.58695060965282 1.55610140788636 1.48416792412612 -2.84096493483937 4.22669846392928 -15.1433907647935 4.83121501186834 -1.990266604403
-13.9938564729081 0.586385892067355 7.57250874683973 -6.79312980970847 0.375778304785514 1.32066457642138 3.9683210655038 10.8625223726819 -0.155367468577988 2.60654676884617 3.77613439417542
5.13168940266827 1.16927625646372 0.315090281260553 -1.30685618402008 -11.0699554183107 -0.791593489808699 4.51901908404041 10.0657501607165 -1.94682124662976 -3.63442821659148 4.24122709658478
9.89249173792263 0.810980919830983 -2.48747698029692 5.06609339232304 -7.58884184533233 -0.0157453154147627 2.87423732831411 7.75701631972594 -1.33534325310494 0.644475555561359 1.60618528158744
-6.97031929738579 -2.20759520160202 6.56651002438801 -10.9532177505083 7.85633181804462 2.11613758339868 3.07722510614147 10.6005331993806 -1.27946010624008 -3.72824966895341 3.64162951393088
-5.43529682293653 -0.888719388146257 4.45456062810474 0.857225874314101 1.421145520752 -1.51003252293851 3.1769026380823 12.8012870405834 3.92610551561233 -0.424084884553602 1.33119231331702
-3.68667188485145 1.08762996916066 -2.29689333932265 3.09600402360431 -6.77891733080932 -0.553541970949959 0.512384716893362 -0.761836187322741 -10.9873786232814 0.464819834775728 -2.40276594454663
6.71567655471421 3.0053318393927 -0.175546148888585 -6.3347146403398 -7.51228747441071 -6.57026881621928 4.10248115261103 9.02873304583528 -1.59664869875502 -3.85413984033959 -2.21833199969434
5.31144365119722 2.27884796153623 3.815174827953 -10.7080218478503 5.935215660034 -0.463833887767283 11.6116993410568 3.06128267391025 -0.0601208989443962 -4.29221328377272 2.89205728862185
-0.752742575604809 5.8034839038209 -1.3274013251037 6.87554988271307 2.4451321455726 -0.558341781572582 -0.398799297349825 1.10492172304956 6.0687140564896 2.62005388033495 6.11811998200956
-2.97672768637362 10.174350523886 0.872581690662582 -2.31164557674628 8.35593335216793 -4.22637677105748 3.28443024891908 14.2419839909145 1.07682759183884 1.70688348360637 6.50319004794702
-3.72359158240328 3.59959629185094 4.77043038042254 1.9856464740403 0.501686274620301 2.150359724709 2.7027832588954 10.5721145901314 -5.65797607426179 0.538877246423259 1.79202435019472
7.25243223638325 1.36080045432348 6.18979741129878 7.48524416959538 -2.51301271397054 -2.48902157459881 2.25054607125579 6.60969233942223 -1.37554677556709 3.90611936955854 -0.436723177282772
3.84353258058084 0.418903592480858 1.42420861318704 9.21567909385047 7.17316858480636 2.83266159410933 -1.1996906859745 5.26977595646819 -14.3141389453027 -9.27699173525235 -1.84090778104774
4.03569575031356 0.978010752432592 3.91475931136233 6.08723534722991 5.81087002962115 -0.519060579521246 -0.711138101331592 2.10184110811895 4.41318724561793 0.965141633616731 0.958643686165774
4.78984362444752 3.44981863305263 4.5581235509917 1.76852865300244 -13.3496947009145 1.03778057495371 -0.986502642726505 10.7167147394107 -0.692801716886707 0.195095436443099 5.15782303761415
-5.98919501853833 4.01443287197054 -2.53239465503042 -0.912544585172445 1.96271727972465 6.03125483283857 1.57680283070964 10.7895774612749 2.10900224009943 0.537820513811203 2.41797241355192
-9.81347838523715 1.38665422051154 0.463396279196363 -2.68852684723437 2.16459458586851 -2.14672146029872 -3.77737927147143 9.9406689403848 -2.03901786850072 2.88174540557617 7.21431784748185
1.72312540444482 1.49376505228462 1.15393095997862 11.1913816610199 2.75322531917553 3.33111267329257 4.4580983369748 9.05217424157882 -12.2537907612874 -0.0646253099275123 -2.67411525158782
7.63313327386958 1.61849847978724 0.0838203891497447 -2.06514010083731 -4.60243789207377 -6.30340691843492 4.74736086732109 5.38919425320757 -1.66618483761546 4.27623508309049 1.21166760076081
5.16698096655581 -1.12868715015397 3.42969902892088 4.10774519051824 -9.78133367485184 7.69976844359888 4.97257670248505 10.739163259157 -0.599941729160249 6.88074652560223 -2.5529080784739
6.42216470099608 1.78894335255693 3.57118058998362 -1.04287395080327 2.58279369760239 1.05890034008856 0.677647091469754 -2.73820477358821 2.88173868602483 6.46653369472106 2.35824805655787
-7.21674029488201 1.14509284877816 -3.91523250162952 2.13204215083039 0.749668256127856 -6.39716455018437 -3.14133643200191 -0.598417906644397 -4.84594738542767 1.81773455038754 -0.898002696239503
7.00493371977863 2.28468676435409 5.22932804738121 2.55664768625941 -3.96938218736028 3.67853672567371 7.41607613246769 9.06203360592902 -3.59143648501943 -2.8527639373404 1.18435892693667
6.16137946532223 0.100388883247281 -0.651630105708154 3.39694104844877 1.10044924297849 -1.35429957520132 -0.799920681943097 7.18708242637003 -6.12674688555739 -0.786698056892373 3.60298000140427
-5.87442093695428 1.86466705983868 5.38064996870388 4.4575045208552 7.83089030865897 -1.55151820590498 3.45449361775485 9.5019622951842 -4.30219315676366 3.58673657587155 3.08167527202657
-3.09049583343996 2.39228023091327 -2.68902662650912 -0.552395448490589 -6.16713019291187 8.0055132984906 -12.4316293775818 1.94644664753322 -6.40619051162039 -2.87380172881756 -1.72043825566793
-9.98505920528951 -0.857790373723859 0.411509064457271 -2.76108929797954 3.33476866308256 -0.991819918344327 4.07200567157368 6.21594117480603 4.03910950966981 0.855469413747157 4.04720699267577
1.5338155781024 0.849157869800305 3.20973551225505 3.23821395303588 1.25131566046812 2.36777780583078 4.35457838324311 5.21801333177071 -12.7816361577593 0.335666519990416 1.90593416645833
-5.11143686012972 4.2471768875727 -2.35368739507664 -0.653357248437589 0.333157337982847 -0.20907882344385 2.16825833032316 4.32617704203026 -3.82786591633675 0.00800995250527248 -3.387591542392
-2.36620895238821 0.715687662416215 1.27644319375247 1.69240756645314 -5.83937764012812 -2.53536915439669 -1.96151170670978 -1.41664778023506 -2.42816162907918 5.012190937003 -3.1210234107371
0.750107857261225 0.75199671018143 4.24034298961037 4.04340499776367 7.30436122029852 0.653937630123256 5.0552620663858 -0.0931335884929113 1.17786689258568 -1.5773498352641 2.61681549283859
-8.85789612018642 0.786902385864981 -1.28995923665729 6.86401481978667 -8.12794314042451 -1.88048718262873 -5.62898093249557 4.21268470202357 -4.07553436814647 -1.29884085570856 -1.19605265811681
-4.59083278924425 -2.14115556713134 0.45239526496542 -10.8345233781027 -4.96669314410714 -0.0888965015525368 0.311645344607579 -2.08038698345433 -3.180893259894 -0.0173892732450203 -5.77449250784048
2.95331058388601 1.94928310065992 2.91959045775023 1.11877472102294 3.95345391634227 -0.372616475076667 1.61889527717909 -4.18656295596166 5.43690882122412 2.69215338653059 -0.270474661811428
-10.3088203919108 8.7675003114275 3.44829282157461 -3.0365545365407 2.57892518878243 -2.9255803138852 2.71049650580359 4.21818139922105 1.25596481498755 -0.827538412221548 2.06012507599666
6.67666705392965 1.19817841485569 3.67444658160011 2.56058505181313 -1.21366425742919 -3.8819925154239 5.05688631749985 11.0209878055013 -2.19735764120381 -2.16323931110708 -0.0287732667549552
1.03827548801163 0.193572060758774 -0.41521160551337 4.89214222276259 3.87254120137423 -0.242074269334298 4.58195854666806 0.0284201032196476 -11.9806620175958 3.5147028390336 -1.2058356063898
-5.48916099485082 2.93761287639424 2.59009905255107 1.7699071981635 1.85500740271859 -1.65100615009178 5.05259589837233 9.24586738580126 -1.49350856561363 -2.73870552366965 4.7125894205929
7.01194061639478 2.98465079907554 4.19745394993356 -0.970355669074435 9.91868172397103 -1.35880562714808 4.77088039181667 0.0874718661121385 1.156357088371 0.794831964245193 2.06669732712949
-1.00603732468225 2.0203041707382 -0.121460114437306 3.24514994142712 3.20715250062736 -0.145143425876241 3.03649323847028 7.19500941299492 -9.82027839723223 -0.357741076163186 3.47050070483417
4.60226996447932 0.287179851639507 1.77508170646959 1.1537694988166 2.37580293554726 -0.961431271506853 -0.782925246317467 7.54250567445906 -14.799690855114 -5.2150926326615 -0.29760593929212
-2.4730103243972 -3.84130918974803 -4.30671011251494 -3.87233916738559 -7.18415776328559 -4.92182939360828 -4.62025715176778 -3.76728726580399 -1.67162593844982 -0.640869922370241 -1.77726877284637
-0.71699238923596 -0.692099167669994 3.63924648187865 3.82279453431265 2.87352146092962 -0.915763753186191 0.135731919105438 9.00009731307365 -11.3443250049814 1.93285331674163 0.462710548038185
-3.25242507825263 -5.058333716845 -2.91141446559388 1.54391879671891 -3.11032015730676 0.826800585710094 -0.797333946614502 0.628213107250456 -1.70951160355253 1.1302371710655 -1.59135385631799
2.7960749452609 0.308481742766933 -2.07154148934422 -5.56565913342545 -7.37731855548137 9.64130383845479 5.82020841459801 9.51603024222476 -1.18329479708123 0.263966507494428 0.0449464814472245
4.8167834239627 -2.38632961752179 1.3014722865955 7.10411245438265 1.46692920012038 0.180131677267361 0.0662279050744061 2.60297936598798 -11.766774578043 0.282714912872273 1.84785393693445
2.215506342757 2.76223827171195 2.64124601185039 5.71801878605244 2.99822819193074 0.540358889032803 -0.47415253407523 9.18190195532615 -16.7773167417286 -4.87008380719997 6.02472447789457
5.6947726855501 -3.12877020678741 2.62095693967835 -0.432976693612339 -13.5687915790623 -5.09146269453886 6.23508073309255 10.329488068802 -3.27470562524665 2.93622414175431 1.56089104208059
3.27691138592552 1.34790851133018 2.76555822505618 -4.11424852497861 3.10851757029632 1.73568339440219 0.356021185680448 -0.923731484030756 5.48604527328265 -1.27934402637262 -0.0459930581934878
2.01357533072888 1.12327922184572 0.937544488843554 2.97377728922082 -1.4286928177298 -2.31691109964883 -1.63906369233904 4.18707614117369 -10.9881292936746 -3.44079531504442 2.90791801113704
1.52424397810962 2.90869405185582 -1.86631524670978 12.3452406260334 -12.1203202393487 -2.56710449438112 1.15859377462535 12.1494354956652 -1.96768374352242 -1.44184858664122 4.50919965134592
0.996361131149377 1.86657385064699 2.77310185915241 5.31163577900427 6.42094965303425 0.799942242726629 -1.02369023372285 3.63010208828286 -13.6203647265851 -2.34808074070806 -2.34772054899145
-4.2287406759494 -1.53141139741534 -4.47312344799 2.14974412216126 -4.92237683578227 -2.28587811912638 1.70808085214238 2.78016125549728 -3.98849796670841 4.07335868800777 -0.089551293254283
-7.61147613383363 4.07848138910789 4.09001356109195 12.7901874419484 9.48695246163003 -1.03661915264927 0.539986206350196 10.5293542059051 -0.526490488368217 -2.09836742967023 0.626860123190783
-3.48177212900709 1.32800597310713 -4.27455041983943 -3.93667754208506 -1.08604632476311 2.12474653171578 -4.30548707423661 2.45662583670812 -3.05511958890518 -0.590244968240277 0.72756422055561
-6.43533979664515 -1.04436740852115 2.27585629067434 -0.496509293735113 -5.85619166569193 -8.14218912911053 -8.78554283118456 -1.07315855621491 1.46532249311082 0.768183819882689 -6.26769197619104
-9.87650783512166 -3.50572158514183 -2.8743259335042 -4.01252094519649 -7.17234873103148 3.36279663612526 -1.62856709775605 -1.5813731556986 -6.46952762681195 0.233948058645008 2.668869198738
2.77505542284682 -2.58148302907142 1.46034553483107 -2.90733960384312 6.88746572065267 0.470897652512886 0.407053741997538 3.93680071282409 -6.55019263650581 1.57633700024901 0.421600965330624
7.99953596154179 -1.86878122221478 1.96960798920676 0.966652791682686 -8.00858492963212 -0.765316350772278 0.924468553816988 7.90165123614016 -1.86944337469194 2.36251939098147 -1.4328757981136
-6.90555009995644 -0.301142824493531 -9.84860446358912 1.37252276807652 -5.06280003027194 1.37645974887031 -2.46666609947813 -0.74077487739417 -4.01092078874059 -1.49582105366877 0.398208377235531
7.20850104209348 4.39644426130879 4.00966991841832 -2.3538142502884 6.54276836987426 -0.284608146782812 -2.38518300238373 0.506044750537252 2.81982249904723 3.07677103408695 4.12978626698643
-6.51383066573803 2.01943043355551 2.46558342058216 2.97246187585669 2.70459212697469 1.04320016517498 3.72087287969592 -0.618761232958131 3.16530188707066 2.08816878868114 2.29558336768146
-5.88590161724181 5.22651850381389 3.28206193494374 4.07578398340532 -0.415023465226905 1.03502281609882 2.11191993483281 10.8252614780772 -1.19799442965652 -0.217424248158907 3.93091108575532
3.78682722479342 1.35081270299721 1.71514794451321 -1.35559792643506 -11.7736250155833 3.83677828565403 3.95114297463842 8.48389187027124 -1.24050659587125 -0.325172341481416 4.84142589509605
1.99754736856233 -0.061747808581571 4.02974538982772 1.72902637535188 4.31707728050444 0.435461401447793 1.88179343986316 -0.0745465899184408 7.06034401920181 -3.5384128638102 -4.05550118393125
3.40635588539862 -2.60426855578463 3.89701986118766 3.54675852125444 5.44526074805217 -0.494925363671001 1.16785916346625 0.884333945016848 6.04987563992852 -2.0515248193411 1.20536507701858
6.78798309034199 -0.351750481964572 2.07167810457387 -7.03729848808798 1.73289079795505 0.00102066868436411 2.13577641011541 5.2361145576116 -13.1492640254812 0.450337944713539 -0.872884269857306
-3.74254338896361 1.83708750858163 2.04721333493645 3.67461687009112 1.6316764476833 3.56067814180448 0.679874664105835 2.7455253014272 2.15468386997851 -2.95802215270284 5.11068300398152
-10.0331205813857 -0.462762889863102 2.97939187112894 7.69067343301927 0.519207033102625 4.14872885714314 5.80444719895717 9.10794565759515 -1.54229052295733 0.0192249727189417 0.629276770528829
-9.80531596628742 4.84687124866347 -3.2826894669393 -7.50512694258409 9.66183622844414 3.50122524456595 1.17539508980511 13.7870771539808 2.61353288584186 -4.91625544175818 4.88574301089639
-7.17245306009103 -2.13755576538959 -0.285839710409415 3.89886831300825 -6.94932964149547 1.82170645421475 -7.41795622983288 3.24248109737179 -3.46056286582023 -2.73843215649236 -3.12305113387161
4.52475558102152 4.7548515038203 -0.267979389218903 1.86631318092803 -8.15158131504298 -2.71475929898087 2.25084743495746 11.1901622668607 -2.03172627588199 -2.53881802493389 -2.75619640945026
-8.27605833534018 -4.48776144338751 4.56874568277222 1.01596192924783 4.04147829776388 4.32239823635307 2.21214476901398 7.29063051250187 0.705273999687601 4.82921385235197 2.59846743553527
-3.64455535917707 5.86819162589575 -4.01584191832063 -5.89021407489033 -4.43699121706686 -4.22121051275293 1.2183410980282 -1.04987770503005 2.80853162151931 4.40928386512884 0.774406829896413
-4.4338326838046 1.23504378945445 -4.37118503202938 -2.0625560704157 5.57461402563429 1.15684261759338 5.82810027457772 8.66710418881723 -0.620958367466201 -1.7454116650222 2.27682266708044
1.19721144690752 1.63048041504899 1.53636176672731 5.44571143664509 0.115328070491048 0.169188728761738 0.32740045460227 3.92960910855171 2.87531995575904 0.212259566356842 -0.132524327527393
0.248566902884065 1.70810672519631 1.36292712467865 3.87558269798094 -6.01990059077765 -0.598483619490539 -5.94330921369159 -0.835167055919931 -3.3353595055959 -0.445795487021584 2.33042748232851
6.82643765431656 2.5706002756459 1.74435334359 4.72584160882566 -7.491703004673 -6.57544714039939 6.41550068006427 8.21732789928689 -2.99202622044861 0.906213128537058 -4.72509973017921
-1.37213300595813 -0.368668361421957 1.30999224548685 1.87075872444129 1.39362087708806 -1.90931579910874 9.92379205313573 4.86038519295951 -15.7748758781596 0.299695704447311 0.0464228047376448
-1.36855761937336 -1.82419624100541 1.47825323866234 3.48493270649252 -0.822476269967074 3.45630526826892 0.664166560103016 6.7331815810906 -14.1725611566158 5.19169761089647 -0.402108032924647
5.21755978181321 -1.48336856380375 0.828695005448038 0.90291420444577 -6.36631636253499 -1.47188679068083 1.06248999616388 6.2956797769257 -2.84884609180175 -1.76435027410779 -0.828456598336067
9.46191923421285 4.99165977475783 -2.70985478783514 3.213998729503 -3.94330581796223 -3.13339254706614 6.86720362350954 13.4412852345705 -0.52483471048986 2.12484507578906 2.02165816982381
-3.16204011335058 -0.835206021284814 -8.08060593375873 11.1297266319234 -5.50341568264886 3.77056569346969 -0.00163159220107501 0.198498376185562 -4.03337550389482 2.13654407519975 0.489768148689811
0.0267507249947312 0.512079856826316 0.592040943559214 0.937684725472371 1.99437162040187 1.76865672359528 0.493706389396646 6.59300326228984 -15.3562667453162 -1.60311629086054 0.785828289694969
4.98713374858372 -3.15482861914747 3.55716048633586 5.02637709561703 -11.3671258518458 0.827493995572652 -0.181354010522463 6.51304789623671 -3.4614647842381 -2.06887995245542 2.14921113049383
5.88813730285378 2.13733465907084 4.36175865304863 -10.9182745840557 6.49546135877289 -1.64434820318159 2.83007495730546 0.559846032625273 3.9719615139418 0.850167820148109 2.58698302327298
3.76281629412248 0.896563908567685 -0.491708165527112 -4.1325008152306 4.50457875416477 -2.70157970494037 6.590977514649 5.77864816218547 -18.2423450192256 -6.45570572606732 2.59283074004703
-6.56376390094982 -0.639840140552665 -0.564638557115586 8.50441391903471 -1.39282412371694 1.4514751370859 -2.54691239245246 0.577266056939339 -2.13053224090721 -5.01396518912008 0.955302020491647
5.85968138302292 3.97695655782162 1.39093626963149 0.640763025675739 -3.30465760915743 -1.82339356886559 -0.339402671088702 7.82991181442874 -10.2468973918639 6.54940943298276 2.07858368675589
-3.49508379106967 -3.95737420711181 -2.90974034633735 -0.962459854359345 -6.26487106491551 2.27767374316149 -5.2554412765104 1.31249038216442 -0.241114609565321 1.92737763229812 -2.47395652001665
4.85862040552673 2.78419551364425 -1.14150224596976 -7.44525940595419 -8.86858260019289 6.00459058509957 7.68548770821493 8.12466700273023 -3.78424709592412 0.412248666656602 1.32070122457015
-5.2953740185607 1.7630805585734 3.80105013075007 -1.87990566125981 2.78876365196525 3.88637316640818 4.79961864235132 11.8729063291606 -4.71868198628572 0.329059499182348 -0.90246032936076
4.1254367771831 -0.892919031385867 0.823928469110106 1.17673962395417 -8.06216602392574 10.5581635978006 2.82403157871716 7.14895964493865 -3.69334484705001 2.61573885214132 0.29532248533147
3.06960489234101 0.535558913949791 2.80839738836681 -2.85317733455036 8.12531020348763 -0.977521306968085 9.90195399551959 1.47377021851596 6.47064720201553 -1.11186240753786 2.02725951154233
-7.73430911062847 -0.810909617007025 2.07767129354315 0.199919900962906 8.83851175587785 0.457777716319529 3.97608510460348 11.5697050044592 1.1166085946513 -1.31581658096849 4.75970906590578
6.12256753065979 -2.03641166897518 0.601449675082416 2.37260190696298 9.03885968818537 -0.467136368720943 1.71518213534347 1.58210666552726 4.24718994498217 2.82906767463665 1.58710267391069
-4.88573976267124 4.85017478891873 5.11688200115666 -3.68458987074191 -2.5599236101681 2.92541608068968 3.11749834143803 10.7421295795284 -0.985799960729069 2.32116229405584 0.71133557614526
3.67054033263917 -0.951173029940024 2.81809725708392 1.31368691713774 1.63525676524363 0.272403557606996 0.414275570519962 6.06662170057364 -9.92108421850628 2.60998238129582 0.228532225125745
-2.62183498501468 -1.16156442318216 -2.721404743107 6.72995027072451 -5.50657446184905 -1.65965650347023 6.48474144249291 -2.26761513970289 -3.61122669437871 -3.37299619588825 -3.56428454254336
4.78085200591764 2.11961909956315 8.1281811400569 -2.89890316813123 -10.0200514980089 0.995670351189656 0.884280494203922 3.01005016481093 -2.05038157026617 -0.437608595110348 -1.85140967305544
8.12908267912609 2.05691623822127 -0.319391106533069 1.3581943312813 1.63013974764804 -2.12446850027942 -1.84895489621128 4.77458095447834 -10.0333261153859 1.772055000256 3.17142576392484
-9.68982121383626 0.10873582053807 -6.31357961750481 -1.40493326720245 -5.85419010557839 -0.0216491247030884 -2.95796245440936 -1.35456368180106 1.11271422929792 -4.29149423354654 0.774370578969064
-5.91435569789266 -1.88275518500791 4.24165283961036 2.07950510596594 4.40053487660121 0.459419658299833 4.74931952502986 9.30158606993134 -4.11292403758432 0.216055889765115 -0.0451362437636975
3.70854250261736 -2.1747875787277 5.1101192393001 -4.05388225934725 -8.61414873636369 3.7266345937004 2.12857739742487 8.37543309474977 -3.07281754521502 -2.72638828688355 0.915514593180837
-2.04821704446565 -2.26871956241895 -6.5288105641963 -4.6459742854971 -6.77655444053377 -6.83674233676758 -1.09630214663817 -1.15547143318883 -4.57087317510706 5.25344536465733 -3.95045339464069
3.06001578391122 4.2003642277629 4.72066273026463 5.9666704435334 3.27477500270085 1.52736674080401 -1.23453516592951 0.409078193646186 3.35499133642283 1.76216683754257 -1.14238424687414
7.239732072271 0.664946670406216 0.519524365078494 1.18241726769038 -2.10445955839824 -1.96313143966525 3.38954525923673 7.6666356453151 -10.456122779406 2.01042228776732 0.758526202551401
-6.58377222352854 2.67873629240861 5.42669812798621 -4.40474149937812 8.55538772366593 -0.00557067574289413 7.25880949500841 10.1798428760596 3.83219769867476 2.32095286610021 -2.35306008619436
7.0652488889259 -2.03641798562301 3.2114887270703 -6.08997609752089 6.07127072351439 1.01296222974971 3.0138720360494 0.340967814420364 0.793679020477435 2.01674753166269 1.77604418065309
2.6024564234258 0.674311720871513 0.70229957858759 -2.02588936617202 3.50835693726816 2.35038051422265 2.21135084794851 2.80206267238075 -16.4042859893806 -6.01230717489929 -0.667356093123408
-9.59225847293121 6.00157611186593 3.04770369000103 -5.62950987567223 0.0156175567966215 -5.10162740723349 4.86318340955133 12.4085208297292 -0.413561403505805 0.672949192595475 4.24114126796368
-1.31568220624916 -3.22391106179518 0.364230646223435 -2.92108084843882 2.98942108622965 1.63590238297805 4.40173850376311 3.42499548399775 -12.6157500749499 -3.48998641420223 2.50062987937642
6.1628183629308 -0.0259766159195075 4.88747181623308 -1.39174922574388 0.733313610062072 2.38855403334619 -5.17748418528629 15.0109544320821 -6.61172733856002 -1.24189922600591 1.59199180458163
-6.57348504416047 0.929280411097406 -1.71927867429169 3.16110274180095 -5.42355231082535 2.45756096670242 -1.37384079939178 -0.444296296697218 -3.91203822663952 -0.613635645089225 -5.83937772661238
-2.72223971907432 -3.44849621658619 -6.58360635281285 -1.54501600933374 -2.04409450153408 -3.87989793335496 -1.34366727782213 3.73654696255826 -1.98107980448482 4.39444062393482 -1.96569355276687
-1.07425201076865 -1.61981820510111 -4.02601586994952 2.30838061524676 -1.79721324806867 3.80360727795998 -2.75134196317204 1.66409354106782 -7.08161362408593 -0.544658405181765 -4.94087226481256
0.50800514249198 -0.292804960166956 8.30264987402004 -3.74332287053417 -6.0699517001926 -0.482514749213108 -0.209891272394833 10.3569833201671 1.88368012645471 2.71590088032031 0.722051883386043
-2.42760787607879 -0.769124770236467 -0.710151404403872 0.635633038816152 0.58470596517301 -4.63483187117444 6.07238882424198 14.8270018034035 0.719285169313242 1.62645703048683 2.34972928242485
-2.33697748219911 6.70215279524534 3.16907630353217 -1.16474589858171 2.67124127171016 -3.03145223330516 4.7849119961367 7.63179804173091 -5.0023152132135 0.266561224481206 5.76164765923556
2.83846526703055 0.927895930154896 2.30052066509901 3.3791721710855 3.8456368664107 -0.202941080886239 0.566210989708871 0.710251379767427 3.921143163168 4.27398162736819 -0.864776979142933
-3.9976225001488 3.3827059871232 8.22635822971595 -0.992427079726368 -1.7734224850735 1.47302116322102 4.07479895763706 14.3578837558082 4.85990863971346 -2.97336587400101 -0.666868931563114
2.00950054451846 0.991281865288834 -0.42598379478828 3.1273107249898 0.582290301834548 -2.03795502395894 1.95570860605886 6.47015390145847 -14.7532890348214 2.98244013010336 -0.530769694030424
-7.88887428156075 -0.74152312256174 -2.94618576880773 -2.00149373384811 3.62141339854501 1.12281960872025 7.1838070715454 11.0612193936212 -1.80230616970687 3.68320210297144 6.07679590797181
6.71796511282363 -2.53045992549855 2.66162580308442 -1.03512745620822 0.0805775094447831 0.352681184713378 2.28161643038893 -5.88618008374914 6.78267356209793 6.10612244136996 1.87808847149259
