x1 x2
25.3735332592638 -7.2729592967832
12.1351123922688 4.43929500976915
30.1502258457729 9.49268035984702
26.0548591729081 -6.29763072824961
25.4490535172575 -9.57955456225049
22.7116568055969 -7.22812166851185
8.66986166618352 -21.9341419802086
5.71650926456012 -17.6307151648373
8.16826721619291 -18.1780943796095
30.7414596902949 12.9379887745906
8.14353403037626 -14.6962475292758
8.51714961796431 -20.7641022006752
9.60905985296199 5.25458570267252
-9.68128796095166 -6.08431013071269
7.90812404264519 -17.3189878335438
26.2826036443384 -11.4695420057842
32.0788107569663 16.5457629557763
-7.93078487409873 -2.66096122073192
9.60451431704547 1.75940573703373
30.3744249946218 12.8887247983095
26.7719797346974 -8.27362734779918
24.5572987614794 -9.04241526425513
8.83433750632337 4.95888608763414
27.0609866621368 -12.7734399794107
26.9178149490703 -4.82431782732872
6.74239018483525 2.77291212156448
-11.3000832503644 -5.25365645083497
28.6444783879191 -7.0459436607368
-8.98732906677016 -1.50343971440304
30.9229767707521 12.3210748214113
5.33340175308355 -15.8687773126385
24.8178661328952 -9.92962194724038
8.79263009592436 5.13510976684754
7.64401944191637 -17.3646276081584
7.13617817724367 3.90418551509794
29.1559578656923 10.1660103804507
-8.88310209496567 -5.20676376685248
29.4331316838275 9.76491543057521
27.6177764686444 13.4432009472417
29.4969947925859 10.1906719844414
25.5241591379497 8.14474897732017
9.64531341984644 2.11288150684147
5.19713662005316 6.15104855540192
27.4706589957883 -9.37813413620401
26.2419130901528 -9.73835242202737
9.07777160241057 3.82764993159932
23.8404889096595 -6.99439955730815
11.985526416884 4.71047929378732
-7.03649579148409 -3.52908165003833
27.2468486918615 -8.06560750083605
31.6030567088963 7.92928686755028
-10.6495716513096 -3.68769574341828
30.1991698520266 11.3651735394989
24.7783910699372 8.56437865177403
32.234906211155 13.9889712091493
2.93931223074069 -17.0925344871533
26.9587371378681 7.10047753490435
5.24977392886768 -18.1135676980568
25.509941246153 9.04975906264299
9.79250940012469 5.86254316509561
10.8440474550441 4.09943289663587
9.93978012289194 -14.6797359431429
31.6304928782744 -6.9679462334996
27.2800470826965 9.84024253328089
27.1702989494192 -13.2747670084705
28.2750261835397 19.223975292987
-11.4493058718016 -5.61626559744898
31.0121104558258 16.3750957181163
29.8204007314123 12.953626466562
12.754817238297 2.400835719368
25.2523332556074 -11.6239816265516
3.51389607952069 -18.2569347695501
30.6608478502302 15.3178861791245
6.10402233450446 -14.7848541805281
28.7723379226367 11.7223352607477
8.48385707826003 -24.6047535570317
25.978907913366 -12.1249837997643
-11.4153582333584 -7.74205161295646
-12.1912184041917 -6.50151261828147
7.06107150494094 -16.0031619140748
9.67295359065674 5.09646015158939
-10.9875265699609 -7.88584173104853
-13.1635678134728 -12.06918543443
9.32800023644822 -15.0680109958062
30.8968985428254 17.0983201600563
30.5315898340988 10.444291296018
27.9695498929834 -10.7150634864172
23.0842104280043 -9.51109524285897
11.0700453706336 -15.3618541243598
28.0341968475219 -8.39032709155586
30.6169125815197 12.4576259179769
29.3625239076479 12.4488043837296
-14.2072881893054 -4.82207263457391
-9.92673994570293 -5.37337979801981
6.59254647550315 5.27891989442123
-9.10041535856614 0.913947017233209
-12.2116806317385 -1.48903003253655
9.76995048812722 -20.0224655463231
8.17234196603137 -16.129364827809
31.2502800284937 12.0431698293795
-7.20392621377099 -1.72109071694757
5.71707004258846 4.33457036293923
6.88393506967632 -16.5330578297368
27.3817181670798 10.5227377928884
5.2568970503825 -13.7124934261271
32.5061332009818 -7.03359776025599
31.3286722519264 -4.23092455525701
26.4723312802816 -7.90633527714658
28.9671231055795 11.4940232017091
-10.3826178879094 -0.622027527091852
6.28211506751038 2.43827298104673
-6.89673809537102 -3.72178285662703
-7.35283281717921 1.10495853258341
6.93032064852228 -16.8660918896174
-6.6371045718605 -0.0450255188806805
5.91567949344509 -12.4464185604881
31.781823562534 12.0020890132448
13.4007818823849 -15.1606653414239
29.7856839966604 -8.34938336079673
15.7857294850341 7.63489389638508
7.40014154717028 3.87935095606829
4.17896203626995 -14.3374978506366
6.82414560438625 -9.93603509557159
-11.6468930932144 -6.01535552813579
14.0054615460259 4.80155422647757
6.67072556242484 -11.9981521554759
3.55242275231225 -17.3577107005531
7.17970619215138 -20.2374882326467
8.42326183552358 -19.2991757084368
27.0515994743148 -12.5176658866438
-9.5312763094597 -2.05674255666715
15.8206062826456 6.13281642897855
-8.73291226078867 -3.19108224059449
27.5333244107631 10.5346995397128
29.645704980512 11.2969052050228
10.7313009358722 3.90427875353069
-9.39782155058318 -0.443069319866117
-6.09415651038332 -4.91412743657737
28.7207411830702 -9.6365029761269
-7.20648372887855 -2.72990441280099
-8.13759769346304 -1.23536530109499
11.8334800014686 5.25899973057528
5.37429659711171 -17.4403789514758
28.2860845643831 -7.28051607925659
27.1489436873534 15.3415061758287
8.1928696655304 3.18617716901305
-9.6719166700858 1.51060774428794
8.74103337961807 3.22224533736641
12.0283019620545 4.6297382402185
23.6354488368968 -13.7474121063053
31.7924358049792 12.8728506676157
13.3469934270302 4.76240449066597
10.4533905464041 -14.5280759044807
29.5527912317702 15.3352469999664
6.43046997423828 -15.7714075422248
12.5153181925055 4.27329283328275
2.63695761294383 -12.1176907001173
26.1145757174295 -13.7221013498817
5.72796035424649 -14.2105428145875
-12.2557433581426 -4.37915783313319
33.4657461258489 -2.39795621948545
32.1496019813088 10.0567168792548
13.9262581776728 3.84244251038418
27.6004047502914 -10.1291279058499
7.70387835093296 -15.1722433147885
7.47863629524379 3.94833366669647
10.6161599986737 -18.1281436662504
27.1922378350476 -5.94099116903368
28.8543977840049 -5.71164030777416
-7.56849808874313 -3.8415724586786
13.0150103380335 6.38205040582603
24.3674486195877 11.9279817543646
29.598982234597 12.2339312213865
12.1145326011544 6.55941864664362
8.92627305058304 2.81754653555059
-9.46067438440909 -2.87376729578266
10.223023547007 -19.3361843268275
28.8127883783728 12.764154133689
-11.042233414507 -3.82193366512021
29.6060800636131 11.8128755519002
28.9367324971532 -7.28360961032703
9.00506865735411 4.1861925944081
-8.60874724725693 -9.85284077822107
26.9714234078223 -9.69019269537625
26.6754957398874 13.898402522206
29.3438622242125 9.5041724221624
10.6026596582532 -13.1562970488266
8.94486900890918 -19.8313052093313
8.94001931171418 4.53925251596578
9.44861536715318 4.95567050204436
11.6456674190825 4.1559115202859
-8.65840246287286 -1.8209200841106
33.0986246406443 11.4315788926479
8.68426137903154 6.05802081534438
30.3345119627609 -5.51096240313308
32.0022798267514 -6.16926320388509
7.33272864145851 -18.8721535051989
5.65574482099172 -15.9534594780747
29.3663172241378 11.7602319578623
-7.94167411173805 -4.68724958891287
23.8288128295281 -6.29259144733472
11.2639847591597 6.72191251294029
-11.832942718793 -2.45849895337616
-11.6869280990929 -4.44676212157652
1.98692265008485 -11.8523504521569
-10.4778318419673 -4.61815155771912
-12.5069573388895 -7.27599663248612
-8.30664593739907 -3.72264998051736
19.8383126205398 12.4889326991849
5.63852314142982 -17.9348073448271
11.8291210900194 6.22266593177125
31.9382717713999 15.1266070003358
-12.530784949844 -5.68194514153797
-6.14798565156331 -0.0439398936394921
11.2683662952713 4.00899699729329
-8.454427953658 -3.21139835957887
25.0006208359836 -14.046522848814
9.97000987067327 4.35410096946857
11.0317201309322 5.8004068179442
27.8242087696902 15.9477348004081
-7.44838089252932 -5.38879260659301
27.337711015475 -6.34539118645957
8.06405147045362 3.13418275791222
9.96913335031936 -15.900716789319
26.4389589731728 -7.47589250454403
12.6302986520715 6.16001010368987
-10.2453265433199 -7.89242404207496
-9.67959633650484 -1.87191156789841
26.8383573391465 -8.29743433584997
12.7519660001209 5.48331859771981
-8.34099623818815 0.193490841117086
27.5388653855338 -7.04973255009893
4.98507080058249 -19.5074493002982
27.3224224458623 -11.6727962496062
24.4543114606968 -11.5682533341143
31.6547844992758 11.4081663322701
30.9697655063883 14.0477276262133
26.9914026121608 -7.52237600318517
-7.94180078866927 -3.76670233737691
23.1989090252076 -8.46468426855022
5.3318747149039 -16.1034297544944
7.48768508873646 4.13629329248339
9.38239222097022 -21.4930366794908
5.5336048427073 1.28090427916873
-11.5043784600472 -9.52644097473285
27.0285429553594 -8.99796739116352
12.7461749385082 6.31167147398948
8.5119543825503 -20.8000257743144
4.21596936613181 -21.9734574692602
29.6749168591391 14.2938129556885
