x1 x2 x3 x4 x5 x6
4.15993711134448 1.44158147902251 7.19560670775723 5.50508006935986 1.42782282657168 3.09402588030619
8.53670851781323 -1.87775550472696 -4.61928616885286 1.56000448403911 -4.92553180828501 -7.74279774726097
-5.90837283357966 0.990149322585211 11.3543741077115 3.85529078756944 -2.38287010871549 3.0735261197715
4.10435709498722 -1.91583184600779 -6.28350078836768 -10.2084395744152 -2.02070693545873 -0.256074335160143
-4.54258123960005 -4.78178594101801 -5.72214638226777 -8.86946501214752 -3.66698642136218 0.0080546422384451
-1.5933680800365 -5.39336215592046 -8.23618818829035 -7.32992865783781 -1.98635620098581 -2.43854034126053
4.06900390568097 0.852656549744733 -4.5150605479456 -6.90838488739154 -3.21982816809959 -1.82740718217921
-9.60092410785543 0.7904173006066 -5.84527811075138 -3.18021229581448 -2.50703439873558 -6.13164774450151
4.47732709248594 -6.06960036576196 -9.30399749672373 -7.85786806407117 -3.76860748906956 -0.902822199342305
-4.56086668451567 1.94888803505116 8.31242683516646 3.97021888594079 2.18930236126015 8.84887887483722
6.72403848695731 5.21140319333737 6.42492660673392 4.19879385000972 4.7515306885446 1.77742696695889
-11.4892286758846 -2.03409754573707 -5.02008054812622 -3.44851027976355 -4.16020509338371 -7.4384731163225
3.89575821617347 2.52663912583897 3.52775439401033 1.83510418450164 0.196260077634674 4.42229178741087
-10.5164503361543 3.44531828959436 4.63429747467892 6.33049101594288 4.33838244141201 3.91147817336939
2.23788816268598 -0.206096307389896 2.82206233294027 2.57167321945657 2.16005720430857 4.74382784094532
4.66974917519886 0.475665940589531 10.4221870804121 4.1148656615932 2.11619634334133 4.58842122138239
-0.664847363702659 1.81601422715846 2.2946992216105 7.62815444141331 2.10108046927838 3.93358006281975
10.3114554349798 -0.997576987467297 -8.13849950610447 -4.52432370102132 -3.07144734290094 -8.4146248622877
-3.20455346402223 2.69054521090568 5.93603750582622 7.8920432039878 3.78099097642978 5.96809814404491
3.67964747701995 -6.4232398830196 -9.44627799895856 -5.77325763145512 -3.97590941813006 -6.87691051739484
5.6681971289173 2.23368721027847 -4.72558720265128 -4.15512743425625 -3.60531765820295 -3.36544874566128
-1.56459279630177 2.82028868629618 -4.89604165313246 -6.33617758151419 -1.00103830246467 -7.28058377370973
-0.0690490849690473 -4.30163206625489 6.43612907198199 5.73945078455861 0.566828065753084 6.67823184104621
-0.445308525247403 -0.128957920815126 -7.54040843871048 -5.77516388350365 -3.94566412539285 -7.67351664039281
0.888081790276925 -1.48119545938742 -4.8404218422481 -3.67687505201255 -2.70870225400477 -8.23726661679687
-1.90071901156709 -1.52087799909275 -7.51173883667199 -4.22674903642152 -2.06741435088823 -2.64713276592067
-1.15828672289591 -4.30235897164775 -6.07560070675988 -1.06353700297152 -5.47477093042572 -4.91167560321684
5.76918828452563 3.04632518825904 2.76189640175272 8.17060877619437 -1.61889840991198 3.24124182974456
-11.1231707457039 -6.40819993414394 -7.18699368480762 -3.90326293144313 -2.43802230485724 -5.84804731661159
3.16320691711192 -0.00812699694800334 7.42204188675394 1.02766632094162 3.03849949774698 2.80651519091077
2.74932642482676 -8.8495405751397 -6.64359522792052 -3.95118208525882 -3.91772125773974 -4.12464628913738
-4.56828639247762 -7.05263145600191 -9.05758405959999 -7.45515819138581 -2.78286604791841 -2.72627135330227
-15.958648942129 4.58295824980403 7.96749666005522 2.13591732093293 0.399907564082052 2.87867429062795
2.32158297130794 2.47336944087119 6.39446035493642 3.80959682836411 3.75985714611685 4.81266217714213
9.7737766126455 -0.79575939889038 -7.89561685584903 -6.88191357085322 -3.15686782824812 -8.24259449781374
6.39108537666047 -0.497545666811888 4.01938575695019 3.61871050089351 3.72574722945154 6.79503392021704
-1.02898070556623 3.59166661269995 6.45276601350208 4.50863342248151 1.52358506541137 3.21496955967063
10.6578181798862 2.20563593753103 7.76183372339142 4.39580402681767 3.2080606871162 3.51264055741349
11.3182036466447 0.505739013729984 -4.98958178633269 1.16678552647135 -3.49325093120741 -6.5511826889098
-5.47153780036007 4.25612960808611 6.22938783988688 2.77605152462545 3.80026230453784 6.49719450659338
5.82632151235906 -2.4185300452619 -4.73883355460829 -7.64928080797083 -2.99991444103666 -1.69041857302641
0.356129069299931 1.77074756470721 5.51163005540759 6.57699481110553 3.63004324797204 2.96035918198372
14.3232760118141 -1.47991764544119 -6.56139797829208 -2.72829355618946 -1.02914719322229 -4.86120828694682
-3.01953640390542 -2.0511138470912 7.56765102975742 7.94161834020692 0.896172617137669 7.38557253442176
-6.6001223477699 5.07397838522521 -6.67704354396449 -7.28099236763005 -1.1616799856532 -4.64297445608015
1.45221313434017 -3.0390243715239 9.03193117461015 2.52492756308865 1.28724110698584 2.87937620715554
4.90506815399796 -1.26901499909617 7.8676608616418 4.70512996694024 4.25156785771345 4.23305637490449
5.47225146535561 3.74110432578788 7.57840945476112 5.30092907548122 3.37377088393673 3.94700550477753
-7.09214879924817 -3.89940007706579 -6.82200213856121 -5.96809261041072 -0.00940503475594046 -1.46115938751751
10.0055563528447 -1.22132602336671 -6.54215840427591 -1.5205092484032 -4.61233539152935 -5.38768108622999
-6.30471384604449 4.70594888451263 7.6653466642248 5.31112232663586 1.36488085960098 5.76312841571694
-5.61747784794712 1.42991109685912 -7.99612865263178 -7.25717489208094 -1.53530427080987 -6.84360478150663
3.3151775147344 -1.87031670183454 -6.83306598731165 -3.71968181526673 -1.71476949706261 -4.32599545769083
-8.85950392902316 -4.96056536801277 6.5843976841267 6.70820639472265 2.69723941055181 2.15035119713955
-4.50982623294127 -6.16650064643971 -6.20114847812607 -6.29701123803656 -4.94931631072672 -8.62618323614136
7.97585221346487 1.73556173679419 -6.8986476781662 -3.00486142249299 -1.46645677564955 -2.79145365103245
2.60978364050379 1.45434350208713 4.83654009180419 3.53102973900428 5.65970002770975 2.40134447518784
3.38585984898987 6.91517276430126 -4.24122301851026 -7.96895288376489 -3.39477050302279 -1.65257875039738
-0.433001048350701 -2.49097420928529 3.63403062404569 5.2644886164547 0.646474109875689 4.62612298139747
-2.47799142983992 0.28056543710719 -4.38933129954207 -1.75141446106785 -7.10592155658688 -2.99912095635069
5.68549890809719 4.01644612894765 9.46869028572027 5.15413595813105 2.90873613622311 4.63187777618586
-8.3274815711402 -1.82918344990755 -6.33551610358717 -3.05274349140737 -6.92714222126081 -6.17740989941525
-0.384864864472072 -3.55089331751859 4.14997298382779 3.89762131160845 2.20435001929014 4.78817060977232
6.47456225663236 2.57563330811062 -6.68416300534307 -2.74660000974936 -0.523226215624599 -3.56449467856608
-1.6578658624916 -3.07049664535692 -6.88833000266903 -3.70477119535326 0.698550174797016 -5.2144953642642
-0.419003915683527 -1.89115482233852 -6.48630071450358 -6.84720235959278 -6.3827538464519 -5.49383281406538
-1.7747618784558 -0.908241450896444 8.19315899914887 8.0987930881062 0.744734868626984 5.07374222053045
-1.75420434773321 4.69125063867191 5.48227008153782 9.02812890141034 2.82799947814094 5.30003393367784
-0.996843584814499 -5.26416966473221 -7.75118164702609 -7.93988505929395 -4.59949668129776 -4.09154563055525
-5.47641096891236 4.03463598810445 13.0854943151281 8.0412749609474 0.896434341036216 2.80966287603428
0.932214145479598 1.74763803000926 2.34802498262828 2.39072327298367 0.0488019503341346 4.19585361840281
6.70952025722996 1.23900161835338 8.68196252673002 11.0628877529998 2.22427027171883 4.64108252463676
-3.64934809846149 1.55625441803579 4.75392685944757 4.02491697378718 0.750239932362381 3.76651191581063
4.70351688795101 -1.12241017195807 10.1759004786027 2.22788166490918 -1.63772951886612 3.83514307001434
3.09938310537726 -0.602800237676775 5.03368233128154 4.58891193043144 1.74663225500241 2.97344248472776
-7.3526813437153 -2.57078872852468 -8.47593988495785 -7.57941470090319 -3.42521518605189 -9.05748023853314
1.67551547433914 -0.265049052847008 8.36042172027274 4.22645443469759 5.29720191405459 5.47901531131277
-0.423865358328491 0.0267548753278994 4.01325949994275 6.81604373105922 0.314367928438666 5.50493956311304
7.40465933830549 -1.94934348072358 -6.26600451960842 -8.66923594698456 -0.394786693939711 -4.1791274321989
3.70638613969825 -1.10404851386698 -6.64457675934147 -4.50499413868841 -4.92857104324117 -6.91572767558872
-7.93841379459073 4.49402176069757 5.82997169106587 6.47601268235723 2.53091207388034 -0.21982854241372
2.05196684371927 2.46047825158281 4.56422426527941 6.40541178513016 3.08199945266449 6.55457802222969
-3.74978294821601 -3.33229321803437 -7.58435065442817 -9.86104658408074 -1.40376347503161 -1.93217028512279
3.33023321489973 -2.12130752307792 -7.67095066265085 -8.05298421058143 -1.10519378386005 -7.2972759516212
14.3521403298296 0.373036017799945 6.56137492559226 5.03569033571115 4.83075056636893 2.31348220092936
-5.44506479879123 -7.64085725913833 -5.90817682184815 -5.91695061920112 -0.878042990466663 -1.90898799674126
14.9615176872332 1.07483032367679 -5.29073796005855 -2.22135769504532 -2.98713918707473 -3.08049772926749
3.66179846013359 0.353933064227699 -8.40706479791928 -4.35973710867822 -2.31582571857587 -9.87199977689179
-3.45425507090257 -3.20228942412158 -9.35876285924883 0.500233728863535 -5.81737649121467 -7.17087515063574
7.66444512803844 3.32607767567251 3.0886696225637 6.28712354043733 5.19975147638469 6.51518453644494
7.62640746802661 0.568483440970392 4.89094250107914 3.5485391188675 1.90090523363582 2.205463584567
3.99723421913281 1.1243376071496 -6.8330722801155 -1.38870815140941 -0.625294745861435 -5.20247401865415
-7.02475470421119 1.36309859851382 3.46935542357261 5.08803113487087 4.05267973759816 7.62798150033959
2.05085947207001 -2.25850177623164 6.76833729394416 1.0619229431341 1.95661278172808 2.34068134599589
-1.72996385031466 2.12296193214873 9.02870341373992 2.26633054180278 0.423348897170294 6.98785926657878
6.11936287351462 -5.06839267096257 -10.3059081301604 -3.84627314136089 -2.90889579888924 -3.40458706498897
-6.28757930296443 -7.88181303362187 -5.18193833450231 -1.00679253116544 -4.94404233971714 -3.53705477585835
-4.58709950669494 -0.0598424663656705 6.34736775872626 4.33761068142037 4.54153218706034 5.30296634596662
4.09033390124232 -0.762373748080383 6.47050678515229 5.6958811474873 8.28751641921179 2.73293090443851
5.17202901426267 -0.959972888578795 -5.24022563981367 -1.62045054860147 -3.1594713303187 2.73516984226585
