x1 x2 x3 x4 x5 x6 x7 x8 x9 x10 x11 x12 x13 x14 x15 x16 x17 x18 x19 x20
-1.82056017616964 5.67232101838875 -2.42960697902646 -0.523812489036303 -0.198406271223272 1.49350712070704 -3.46270239543702 3.88793729305836 -4.37269891026986 3.16260494238676 -1.06179923356164 6.36221451274197 6.43441289585659 -1.76985479388906 3.8529250684079 6.54630790105234 6.7957508830218 -0.26336340860062 -0.111908861287243 -0.985362469139667
13.8989325847184 10.4469018242249 1.18029363484149 -5.27373409022057 0.902334847373794 7.57920057520788 2.41737700894315 4.14178422431781 -0.814291563104788 5.35753697635747 -8.42829255305941 1.56667965535086 0.515544200858101 -2.47766277157954 10.1242108354454 2.53358406138709 -3.41130183058562 2.32454022017773 0.818103562046308 0.136018791970518
4.3701028151384 1.30706710510221 0.799764927894725 2.60495194254515 2.26669038665718 -6.80368508926919 4.95471272626464 -2.28194104488421 0.471752228742076 4.73631116399028 -10.3476469964355 0.0583461590888251 0.692578876244484 -1.86719510865357 4.72476726350173 3.12000389776389 4.36779110336044 0.558046683827153 -0.915443463412805 -0.570240434708273
2.55363647068307 3.78966242686452 -0.0836852892926929 -2.0331265621851 0.768174439473551 2.08918790448119 -0.142184007332251 2.82731692051983 -1.93879484157349 4.53450973245981 -2.61311806226484 1.92462412713178 3.6132950997656 -2.09620080531311 1.5611183791084 -0.445553077951463 -4.80428746226485 4.9262000597997 2.36136550720091 2.5192604964018
4.18022809921475 6.91865969065882 3.32270921009381 -5.09391532018972 -4.19733973544429 2.37194131252404 -1.81209339353474 -3.21066172318692 -3.66133870253229 4.15032595374821 -10.7727821981755 0.688589660154061 3.55560356001511 -2.79327286855253 3.49990560835123 5.06923565533277 5.33696710082501 4.11341917337802 1.55846476367861 4.52812878621968
-0.0929539851232737 4.23178157435824 0.121602163902718 -3.04787840400359 -3.5138141950482 5.17372271761485 0.675685069976804 1.54302642664203 -2.46430386100116 1.30050798931199 -7.20724973539808 -1.23632265269094 0.060552929511231 -1.73294719635346 3.30410027270766 0.702823961377522 -2.47412609525442 2.79385297575158 0.0538222345306698 0.745063847832946
3.3744584377536 3.24706044416783 2.81504690773098 4.20872207096294 1.41420679274662 5.84665937902016 -0.0816634718307436 -1.21721613517849 1.23016809552561 0.694308322788352 1.61475288767914 1.72410829265194 5.0378542528634 1.61027976167384 1.06508142120498 -3.03294525326489 4.98186713531279 -4.53451937902195 1.19595525682617 3.99112984299131
-1.82569314526931 0.367222298864551 2.14686823182016 3.02881490140908 2.09191704773021 -3.49259725168631 -1.07988827828305 -5.57085529462069 -0.765000208947533 2.61484805694131 -7.25659585631117 -2.81236073790525 -6.15924150493939 3.98973876406835 -0.492796562792761 -0.345992011565868 -2.57702526861472 -1.32642948436986 -2.21217459240209 0.980467829990123
0.9742012117812 0.165049648916541 -6.72328993873684 -2.41865809570776 4.07368409423014 6.69860342256456 -5.20986518541748 0.652664778560174 -1.93594406347323 4.5836631688916 -0.39070828775096 -6.02108888730184 2.71950389058436 1.67776496785875 0.690778567168525 0.855015244288225 -4.03213337926655 -3.9984739213891 -1.75458473599297 -0.626752178153035
-0.342393358395749 -4.03006192459767 -0.635100309430935 1.88510811556154 0.861281121927185 -3.78997730008881 4.74662531853559 0.840588779292413 0.846509559322259 5.35323394176677 -1.60390569249932 -0.461416367436256 -4.3692682730094 -8.33588793150012 -1.18614069725633 -0.482085408732273 0.802532622787998 -1.05739442939166 -2.45691178480273 1.98959162050406
0.244306898020158 1.50631489740466 -2.84523245578571 -7.62129003490215 4.08257844178439 0.217502286829163 3.55123046149065 1.45853041122805 1.08850044198653 6.88952872857946 -15.7211454138322 3.77597249348975 12.3742245629907 -4.98324521585051 1.24601604915886 0.0683724617252048 2.20395654835911 10.2300393173977 4.75924198338356 1.82606958921689
-0.119791256962657 0.107274057434544 1.85842639616933 0.185519371256239 0.0998841144252137 0.101837583832371 12.3931523246798 0.864043724979179 -0.62594885421564 11.5155473882522 1.84997078639339 1.28765963208016 -3.37467673089432 -5.34656968117617 2.79382565316636 8.49259272434806 -0.495569487639352 4.72730023444423 0.419979709636867 -0.772945570840666
6.7131003340646 5.5500378150264 -3.17157529302208 4.62130546528004 -0.550255748800776 0.150952959873713 2.08745815441634 -0.639479119194429 -2.83414938756827 1.83550218859278 -2.47423178715031 0.576611442612764 0.426637654306472 -0.552290242076235 5.68857654048407 4.76496613346467 6.7205097689249 3.38268033717833 -8.59678259380425 -5.91715825651838
1.53019261796575 0.514220038536655 1.68588025481983 -1.540975781478 -0.225532730311256 -6.00698211612997 7.29048318123471 0.156392884274722 3.37390708143622 1.30563962692526 -8.28586376583127 -0.182270682454496 4.48557652076457 -5.48869126136841 -2.49450164092578 -0.526571285401709 -0.989965844834264 0.496735950129288 -0.97485979689306 5.24894343862694
-0.761518173407711 5.76933293411903 1.2663890541044 -1.31896581741219 -1.97150535090492 4.2889612873468 2.97527940689476 0.8500616843044 -3.90468167406321 2.39710818533639 3.01735153376491 4.29780759690888 5.39546665289644 -6.90340201140741 -2.85604959413961 3.966334726802 -1.90452476392201 -3.35007550210228 0.748767971961258 -5.69836496319654
-0.338433486550257 3.0355213705889 0.763270697639638 -8.00931344403004 -0.596820729614064 -0.808326140442146 0.00396267007186479 3.29120929327856 -0.438690507514793 9.23347795279641 1.33719797487496 4.28319548969008 -1.3446096655531 -5.05339028605514 8.63451687518676 5.3950278779142 5.28109736459113 7.73952600024359 1.67886142141142 0.401617467437976
3.9975023262587 -0.988190233036564 -1.01660907476807 -3.09892171333973 -3.89367771363643 -2.74556705419238 2.80463907488172 -5.8644250453631 4.49289914060188 -1.52751799349477 -14.0017647202485 -0.903370159230413 6.08502206713835 0.621925478007709 -4.46878234416491 1.87611550124393 -2.85229934316117 2.43092458828664 2.26317337474208 -0.754983719205238
1.23130924317901 1.24151061838017 -0.916927627049374 -0.188234670824679 -0.958067573393828 3.59824617715493 1.05201982559429 0.835706551631405 1.48988280417836 5.2230839828748 -7.76290309028674 -3.9311071379187 -4.4518726099609 -10.623341367541 3.41530386006272 0.00521253145753464 4.66020532495927 2.9621705654576 0.15043612022161 0.45150377223326
-0.460550117878258 1.57826409595571 2.05873602399115 -5.52468673786094 1.17019738586311 0.74773264445895 7.94927047010218 2.61205772308465 -2.37199826640805 3.1350119107712 -3.36724420644621 -0.658368018733988 -1.8315056615585 -4.05246140222177 -3.11404350054305 2.38937992066299 -1.82776721229302 4.3870508965905 0.325742817151512 1.32418561109208
1.76633088858468 -2.68571048940671 1.25986953673838 -1.11433320423227 -0.387341399116189 -6.6617834975659 -2.1645916910491 0.18553049012361 -2.10294253329356 -1.21428057593329 1.91178256301908 1.69979954947629 2.1921168826124 -5.82847372442143 1.98407517531304 4.47909200598395 1.6183390776235 1.17364968902563 2.30867652308304 0.938680154596448
3.88243686477573 1.38693744894061 1.39257571201197 2.84454821689118 1.06053606345121 -1.4952268358143 -2.01457711196344 1.12944866218834 0.0138793608492103 0.285856621334359 0.155894692207901 3.56284919546478 -1.37754001078678 3.23491879928842 2.07151883735976 6.43420646640416 1.93037065037115 3.52539414277108 3.08384773982845 5.35846286796859
6.93717971480918 2.87619408184737 -13.6629626678127 -1.32486021699328 1.23156384770701 4.51572139772391 -5.60645963233014 -1.34759185477631 1.62189952210427 2.62107778454104 -1.90509690535819 1.36928346655948 1.45863917611506 3.87263473767194 6.93776386219598 0.694992630502899 4.82642289570049 2.41279147006346 -2.05246417524862 -0.287349383782459
3.4137067937855 6.21184999494521 1.80969838961517 -0.718891882368689 -1.39033972271573 4.43676603288007 0.00974424008861091 0.548288833699177 0.0817282952471452 5.01002992651152 -9.12770862456268 1.57602378315388 -1.54621433828612 -2.01213235591762 1.9420051854537 -0.16436302558279 0.199122589085751 0.0928331123642323 1.09159478325957 1.71292400876817
0.832100109266388 6.5457222087437 -7.01216791005338 -1.43605926419292 -5.50951017888427 1.78181661570582 -2.18861806444433 -2.13000963441747 -1.44262130643661 7.70454338105247 -4.59735039042984 0.835473552574808 0.300712215106501 5.46808737050402 1.81496824737489 6.62125203433294 2.05002541120503 1.38467032912962 1.18375394185064 -4.54649941549123
-3.8673510258677 2.7398139450317 1.24573576352715 2.53859676366276 1.31662592765155 4.81574081031704 1.6588652704178 -3.21440518281384 0.632740446560095 2.2434864280541 -2.00018769562804 3.05794035698943 -4.48780846128094 1.75983232168622 5.69779834745018 -0.841195225475523 4.00095051293425 4.04454212025537 4.52346199500343 1.76906190841191
1.98201156711228 4.5059898737279 -3.5578885639963 -3.03389055565812 -3.17757392736875 -3.86482767353202 -5.55855090238598 -1.18383085607937 -1.39588762097643 0.723690687917099 -4.73719062186936 3.98711411955088 -0.973579014454919 2.70045118541669 0.291524768869125 3.84513324502759 3.74732428357634 -2.74724668823724 -0.298653971482797 1.00085486309025
9.64928629969786 3.34610371838622 1.54767950764215 -5.20167980583358 -1.02336260293588 8.4344509488747 -4.15665575025703 1.54380796133393 1.70360060759793 1.82741351183244 2.2526884136163 -1.19223134918114 3.33331162532003 -2.78091610589814 2.26616906907809 1.66668305650931 3.52405470897886 2.09167620854173 -3.10427871668587 -3.83219444931163
0.74889282389351 3.87979544200694 -0.896918022126634 1.90385923279151 0.196066835796567 1.12762871195431 -5.98871306302836 -4.75441297954642 3.76518699630053 1.99100510369265 -9.21013573048712 0.76100009349838 -0.177445508965163 -5.25147581518073 2.30794184407867 1.88950886845621 3.06627508889539 3.19511634293527 1.58969594432537 -0.645403216378855
-3.32752885686424 0.0487467177087868 -4.12253743981275 -1.63010459505452 -1.58414294369176 -0.660889157269981 -5.25420969398362 1.80819117458319 -2.23951165290342 1.13139603819383 -2.56308801373812 -6.52398776063742 4.24266061524831 -3.80145391442981 3.53324979216206 1.82924333239297 2.98439889139277 1.98068188688455 -2.48807461670721 -3.05779206185704
3.84504607653402 4.66623704207082 -1.1465208152279 -3.79286206580011 1.24184630467588 -1.73466108864631 -7.0965652342615 -3.75970532742219 -0.445792632989829 -2.07977032368487 -0.746891036816923 1.4614033980494 -3.38809673153941 -5.14439988824593 1.68575668589286 1.27358776133722 7.0963230543979 5.55317792548925 4.71636303728554 5.05216250712284
5.84049143126306 -3.2843349278241 -0.682710261679625 -6.03908403982889 0.861098950606481 -2.72055697492792 0.436010089060049 -2.05024845979844 -2.78843205060016 2.32858482335258 3.38804181610674 5.90487637280334 5.94188202593298 -3.74286864765638 -3.12852608273729 -4.15648093060868 0.623862300392762 2.04284156454851 3.32599033731913 -1.05938513532631
3.09820150973057 1.34056047750584 0.67543766414879 -6.03344628039662 0.226356749027961 2.62899348830898 5.4686676000531 -4.85275619137938 -1.75180920218942 -1.72792549524342 -11.9444966563043 -2.00941888644619 2.18926236182665 -3.53921506114711 6.62230612790224 1.47791382653777 6.99940218847993 9.1624320549681 1.29713302875744 -2.98185289534395
3.77099496387798 1.71755408352022 -0.219268077303449 -9.45979256311147 -2.20873995204908 -1.04589006838205 6.51412523627974 -4.76718887488879 1.30590826425088 0.491508887120237 4.04595180569843 0.290271665300636 5.03233583326569 -2.14266473809004 6.0641276351911 6.24324497023254 1.59240189878348 5.87795287426015 3.23478998022778 -0.224484036379572
2.76154250029112 2.1087516252429 -0.163906345555468 1.88458137537007 -2.77413599143899 -0.302630815242201 4.27389636272893 -0.435146709072551 -2.72889139877378 -2.00654568567262 3.31445501846187 0.805788877652203 -0.713511363274303 -14.9884579611779 1.71211683577967 0.967388207638416 -0.0996614368334527 -2.96979833872878 -0.0922842433286053 -5.44303806754879
1.6213342278436 1.19937251208244 1.60212480841075 -1.77815053662696 0.184825455580222 -5.19983644900895 -5.39338940884751 -2.43671304781913 -6.04942263992239 2.9583679537701 -10.6067352075276 -1.5285349835517 7.3159630170122 -3.1963647204268 4.70704032149339 1.04008879718171 2.8624868680339 -2.12519548861008 -0.378275629359064 4.28214734510791
4.42401607004305 1.28922697872111 -2.07089121680736 -2.42013747602325 2.96924903114937 -7.91480103736981 2.83957934019428 3.09406570250333 2.06037675860345 5.89606198306774 -6.78849037710043 -0.0645511976968807 -8.16206338044644 -3.58127844833983 -1.79739050642602 3.03105792888526 -1.48533792158784 2.12077800758507 -0.474769300467288 0.613012018904368
0.748396581208016 2.7792569223706 0.318152954903856 -4.53073305226721 -2.90785447854263 2.32917397438034 1.88128977854064 3.72928016787152 2.88389401251008 3.43763712361957 0.823655960149499 -4.80246188015662 4.52231769182224 -0.155547735414228 1.91863415782555 5.39861558953055 1.85001220642635 1.47226127410384 -2.83103536706414 -6.54480595334045
-0.250412963886169 3.01258549823719 0.726818818337865 -6.70458156463831 0.935850491795407 1.33411326591121 9.81435462025978 0.0350048494337329 -2.84391472602839 -0.924936292197694 -7.4879593040082 0.921566626488022 7.78222818291283 -3.69312803149662 7.27766924538189 2.90685853289885 1.22365270751942 5.43604435898839 1.50245478940594 3.82872119867258
-5.47689865697389 -0.0115629513374986 2.53577419970934 -0.614517383722506 -5.95710675210162 -4.04130162183183 -4.86824151251099 -0.87588648555503 0.108582998135849 5.70405452974786 -1.74575727128886 -3.24872484525979 3.08635591674028 -1.78458501170204 4.94255310972594 6.54256092307645 2.25479029604645 7.09934715036147 -3.27841701977734 -3.30416784134557
2.36234954249696 2.29954469451406 0.905836261873484 1.56860233163241 2.06624523064123 -6.07358674068075 -9.49757890164437 0.749914924812661 3.31339455092068 7.72509389337786 -1.72440135450315 5.32677264616269 6.75090562810709 2.01977959273039 0.828963571104664 1.12896764493103 1.8653470343384 2.40994940865987 3.12362472575009 7.27561364974804
0.907850619404218 -4.27818127280881 -4.15652216807413 -0.514079568433166 -1.81063876737982 -1.3773549994592 2.29369239557782 4.6904107500449 2.4865992611723 -2.92735056654305 1.29051120649552 -0.698828817899748 0.808766157083057 -7.11530296602918 0.750344473910195 0.174077218558532 1.92875815117894 1.81552965326398 -1.0025700973015 -0.366704141143405
1.61543665939847 -0.998153353601551 -1.91708657886846 -0.430485088174517 -1.63111559719203 7.44599484098494 1.0813995532497 0.936706768873925 2.16477599305408 -0.548552337885132 -0.0627526946222895 -1.55425936147894 1.84198871665507 -12.1980890291888 4.58321258941105 0.289789060564536 1.17812899291173 5.71123250189597 1.18620366332108 3.11108490163708
1.06863461260992 4.12856490431504 -3.51540117846564 -1.29159260129491 2.29856741559287 -3.91474135044849 -1.89666064128837 -1.62070129587453 -1.37846538279771 1.65057672275077 -4.56050095799379 -3.82934250639945 1.8447142060758 -1.11382569957609 3.20977987745655 -2.31170137917965 2.34248210857565 0.863670072053594 -1.30980018080671 -3.94800529225834
7.90930373489714 1.67696351059776 1.26396990830628 2.10898927508863 -0.519769104808275 -4.30005664701459 -0.163873183592027 0.647386841798221 0.311042009385179 4.40322385267124 2.52489235443455 0.800730014075935 -1.83105346848214 -10.1948789130345 4.62133515406597 5.73434173698958 3.77989444633174 3.55768623868847 -0.418434045354997 -0.876673424232469
4.53354027940869 1.6375048035094 0.210373452543822 0.415898494118995 -1.00721474040177 4.81514459128595 -3.95219769470401 -0.152121604833496 -2.75543807445508 8.14941358362598 -0.0741590662819872 0.742596341147125 4.86924228663892 -5.27281682349728 0.469872517671428 2.98888787835679 3.04860612799341 -0.375929740708887 -0.185352700952559 -3.92572830148665
6.98104118150481 0.720950307340918 -0.359894008294466 -5.53085056786434 -2.63418518888272 -4.76747851659717 2.65690249750455 1.85120296779175 0.560443442532382 8.00635682770751 -3.4579621271854 2.70875093843045 7.22693042402404 -2.2886701727011 4.85787203855496 1.71047963635376 7.77696462035788 2.44847099572137 0.274909351132971 -1.60621319212028
-1.26337801962928 1.87423266460573 -3.85688402245104 0.4225247370986 1.09757891267957 -0.924838300009285 -2.89820525715949 -1.86641378882632 -1.68102998217187 1.23830959479792 5.88831168249711 2.49085716310456 -1.33995111087049 -13.1602457629784 6.43190407405363 5.62157180892054 3.84775589428712 -0.938990973141109 0.0456988388262618 2.33812286530002
2.74490438534343 -1.11726254318637 0.935613110280778 1.85488846004163 0.996152662294071 3.14197427981656 -4.97704121672517 -2.03476342615669 1.85008764309532 6.71479224770911 1.76567893161029 1.66634456816116 -3.66363161317675 -14.9883096522361 1.70875684775367 -1.84564076391546 -1.40187827308965 9.8782183865854 1.71585660060261 -0.940159887270445
-2.96219747332267 -1.8367086812283 1.8021154766236 -12.5633159470231 5.68399274801296 3.85946561664403 0.801310878687998 0.129182633644722 -1.55447501156877 0.0198900332667868 2.84554787319839 -1.09917251352885 1.83928676168902 -2.26632135959147 2.84833934980618 1.91659189075753 -1.25635332941178 1.96233075223413 2.47596482241167 -0.0408252281450734
-2.17332612970245 2.13035304686039 -0.127747948699861 -5.60933268264187 -4.0139922370663 -3.11458596658371 3.40587742795009 -4.56670938951221 -3.10580430203018 -0.79708404865171 -3.01202580677704 2.06138421486864 5.75355204212208 4.19534648220835 4.51673755343796 2.3843197348022 0.0729326750610637 1.08421689267012 -1.90157981474906 -4.00564716147696
4.84263269131288 4.63952641133764 0.414375562814827 0.85767640951053 -2.27933050814537 4.13023693150747 -5.63095938590516 -2.21530846471261 -3.34903789762653 6.30388348440343 -3.20252455988499 3.18470247310739 -1.7109407468512 0.203207996504813 4.45996715994062 3.7270536562942 8.26649743411996 5.90501472437015 0.289637941162079 5.07321368895135
3.79507904449327 1.92856144024642 0.0372464623997953 -2.99179878373564 0.805649665356749 0.807698909844958 8.74461156388878 1.03293270392154 3.0029950448097 2.36868308047646 -5.68496359900023 -1.5076879575592 -2.22960973471348 -2.92882159772338 3.94646647100662 3.61199703769124 9.36533825049293 2.6981011126269 -0.173395583579879 -1.26791842952255
-0.465605399415004 4.26166899293917 0.177317575851199 -5.10989701407062 3.2158483387977 1.22970134106242 6.23152321137174 2.51595287855456 5.67125448012359 -1.55743773125423 4.38824071333842 2.15645291504283 -5.66802772902695 -8.86500676630695 4.00532141238237 0.458159761590108 0.375816016854737 0.0872889217876951 3.36797988763803 1.56854495098531
6.71101216256043 3.44186199557035 -1.76620873264516 -0.568210719975293 -1.027434029313 2.38376854683852 4.49731094064232 1.34337345405321 0.693311300090488 3.77070785427069 -12.5712532195264 -1.8557603959481 4.04510530190408 -3.65811077778562 4.06479511748694 5.77476265438417 9.00974361454993 1.19365613086017 -3.55109023645818 -1.19193476297765
3.60959416738693 5.80614327030167 0.104960737045245 3.51200506448074 -5.10534991674506 4.36997129732739 -7.78863966671318 -3.0075067472158 2.55171836549624 7.01624358134112 -3.52887742641583 -4.60577176283329 3.09776821057056 -0.723200066332791 1.59517658268352 -0.891273890576793 1.75433335522001 -2.50397360185169 -4.87459546777833 -2.47606216400544
-0.194249792009692 2.21997946441622 3.35260283521016 2.1574677606209 -3.12470216805414 2.60022736844859 4.47208206783917 3.88400796493174 -3.54553988790496 -0.666800776721719 -6.5512034292853 1.65639979095662 -3.74043297874664 0.806391743680697 1.8133387211003 0.330534602922249 1.80987454072166 4.09644869121321 3.78891405316571 3.39567263059316
5.56838064954563 2.98039243599748 0.295004773686468 -0.414785763698904 -1.96534242299161 4.43285659173314 2.6530342714551 3.07416861799724 -1.83629953775488 1.76545843067071 -3.43671089562254 2.14301480829967 2.63178295406383 -2.65640593615033 0.131683777502588 6.27531126903982 1.68583315454325 1.16092797698906 2.29131260311093 3.24458075409789
5.46772674417779 3.61282854029958 -2.19352815001936 -1.70810393204092 -0.0487477003853896 2.27538768812761 4.32169558877643 4.30998957808571 1.48840451228758 5.99149921529388 -7.76110855342031 0.279110467604859 -5.08160641631058 -4.45797013784388 4.22536165446716 2.0204629261729 -1.25183422285923 4.5637422592803 0.506676742340885 -4.52290621868441
1.98750089617105 5.33984732588983 -0.543674160472101 -1.20050961774381 -5.1376587375023 -2.89126480883727 2.93380132638414 0.597067727241256 -3.32119408592769 6.63138521232389 0.551308417470796 4.74374244314457 0.675392661076068 -9.24896227282506 4.97949567593922 4.94498351944395 6.72734790339826 5.65710294469326 -0.476765196090863 -3.55817814235223
-4.354606648069 6.63753665530707 2.50930544533275 -0.326883661155811 1.69273086351513 -1.79042584272609 5.11471628564747 5.13400690313468 1.05198424466331 2.94883471640559 3.16593181123793 1.96653220723787 -3.50422087305101 -4.55399885502379 6.22813129300138 10.9843585180983 2.38604587718766 0.440682087093637 4.42635457996683 5.61020721640018
3.74538454372278 6.09568201378833 -0.949375769685678 2.31166579898605 0.629670487654666 1.57943567244072 1.15929417192006 -9.4829508777557 2.49337220933542 4.62434111766282 -6.58912625741662 1.47229368521831 -2.79975540302505 -6.34072860580995 7.72298744757497 5.17388202923234 3.31659541277424 1.87024947907561 1.46329155968523 6.01939115560421
4.17232637837066 -0.110007991303988 -3.41066065997605 -0.256435726444711 -3.24885306375649 2.77971425085156 -2.36095636000708 -3.309975720895 -3.61950793467143 -6.75912852630429 -2.14020019918675 -7.59717236010679 -4.31932646437506 0.645740160423238 2.10931778561802 3.54139750721976 7.27000199768719 3.88631186213582 -3.4725108157376 -5.67694441252483
-1.50839600536979 0.399328418510488 -0.737994958210666 -0.142907158011477 -0.12873306511271 4.46237259840601 -2.53485619242802 0.812164528799543 -1.84939462919284 3.00313852540304 1.94815421046622 -0.50010302786586 6.324522336209 -15.3413976755095 -0.684870600618228 0.580278055627567 2.78539681422867 5.15572101985414 1.3916511627979 3.23705384301803
-0.522545131709334 0.732357571882458 5.00270076145745 -3.29650051053101 0.801374385885103 -3.12715771348985 -1.74408107407651 4.95920217914126 1.74963253368577 4.87101958338458 0.289682031234517 5.30750231914388 2.28277752269855 -1.13228128486861 1.73115549408094 0.0572529265884336 6.37526776822991 -3.88035420642423 2.75698318333582 0.180769638804332
6.75726706282498 1.83747598303599 2.68262015465928 5.51894715278602 2.25423611388211 9.92513525058709 2.35259643715415 -1.47819069683096 1.63138856473428 7.69384102803028 -1.11836779959811 2.19395658960807 0.959742154138182 6.32199670887128 -0.687087358846907 -3.11983664358579 1.08787318802451 5.39266032087415 0.515386017012703 2.35760609929588
2.58259526392699 4.26407848686524 1.91126021416032 -2.1014434030395 1.46754733456849 0.892597896729562 -5.98162212247202 5.89213574038992 -4.92882617828271 3.06594822629682 -5.73190174587693 -2.13544644044283 -4.25097095587577 -3.33301471029287 2.8336407991463 -1.54449450754767 -5.23992028479573 3.46632228723998 0.289776526555863 5.24007640464889
1.6001918375169 2.49322232398986 1.50902092003883 -14.6742695485157 4.57734634444052 -1.21130738740473 3.77652205252781 -0.631899848818174 -0.303473738006694 1.88868044826562 -0.690323067600128 1.31441846800051 4.26584166519986 -2.86632797799659 3.29793232522797 5.69486009297862 4.29144320911354 6.70992228684735 0.579284509646581 4.33155503799458
-1.00744751191499 2.31902362368348 -1.79503919404013 -5.76176108685383 2.50077488443535 2.0124081963901 2.40583605394058 0.789037251927583 -1.91220677066946 0.150706529372377 -3.32389746297519 3.90444013564499 2.64731006363909 -3.69027563113812 2.87492908112483 -2.77323019821619 2.91614564038365 3.00091148429389 1.1388278420302 0.0149107084990651
-0.291872266208039 0.638960649504337 -4.02519499244795 -2.35121455990011 -5.5584657441436 5.60412960791272 -8.0690907451475 -3.32350074110252 -2.20884753196922 4.671062137903 -6.41604990025944 0.948769509629247 -1.71260213817428 4.75449353732431 7.17907206755511 1.27664753397801 5.63560789726399 -0.503390270887578 -4.99644301070429 -5.10246043608034
3.5679203417806 -0.187826119667352 -0.131301104901794 0.573013505815871 4.34995025104385 -0.214569521675368 -2.16712920556659 -1.44655668695733 -0.808572294678267 6.43823717354942 -6.12633572652295 4.36507583856899 3.17546735425647 -7.39315485445793 0.178789797133304 -2.20559933584709 -0.323390092705203 -0.413809552405586 -2.80008306201747 0.825855381988899
1.50495178865672 -1.3794245548784 0.151364755382658 -8.54700133096072 5.38183631398851 0.970584903550901 2.30007380516176 -0.261581565734207 -1.72228797356151 5.4924264976413 -0.357061473059097 2.59204744205823 3.86586130505009 -3.27556264468497 1.96588820096278 6.20319955949278 2.73797097192511 -2.04420964049918 -1.44727414896378 -3.46465556893343
5.76915910890284 4.55393369426461 1.35866879502584 4.48790661966455 0.358624371321986 -0.000390308836083819 3.87986767816284 -2.14228342889697 0.576625422223492 0.524046340331465 3.31452400161635 4.17330961191663 4.74051542980928 1.71352059385586 8.65884444539301 5.23009032484019 3.23434306780784 1.49514555885966 1.62828118249668 1.70768743534922
0.913430121690537 -0.442498172490319 -6.13781214985492 -2.33899164734133 -0.93730530567584 1.43124489393432 3.06408146936834 -3.77337001388388 -2.94085493432672 2.85342948561862 -0.039932602599458 -0.485580576672052 1.17238991786292 0.504209447070584 4.19302716843229 -0.632760920290298 -0.750118117787408 3.41555456998563 0.497878520799097 1.33745641213204
5.1682360597497 2.30496808133885 4.0819823908505 -3.23355195933478 1.88373122569517 9.09964001683743 -9.49368603797252 -1.00556190278077 -5.21680139486268 7.0839297051545 -8.98535896123709 -1.69874635087231 -2.11179213901781 -2.85996244527689 4.4293524418671 1.06972148318099 0.603565030096341 3.05925781930468 -0.207933334215684 4.81306471416652
2.20662977357585 2.78347471697851 1.16752544893894 0.140278270246287 0.884354813884477 -1.93461829668016 -4.68428084770696 -0.559189321172725 1.14808610734235 0.739563287665161 -0.675438841533051 4.27614976738681 2.25618607100063 -8.753358708358 7.30236527568908 4.24070869951336 6.20857622857413 5.59767099285009 -3.22827737842812 -0.226225027918837
0.702695391531808 -1.17577670864271 -5.01642766712776 -0.204640793659064 -4.34998898681582 5.96721778137681 -6.43798743244945 -2.77279690034671 -0.664852550836748 1.43055821998575 -3.62263386398563 -2.5417073663081 9.30466043101696 -7.67872560103328 6.61986062458279 2.81742584108845 4.20080448994825 2.62728497852184 -1.26392262641988 -2.26677520728563
-5.98548910043374 0.564998922903578 -0.426992123946584 -7.7629420798913 1.22947689789887 -2.92563883495445 -4.36246225397229 -3.39559415786541 -0.20408416697323 2.49424561237609 1.51576957466519 1.21583694539492 11.3931052969882 -5.18770800905979 5.77917042035742 5.0145455260692 0.208109377318786 4.99847807659483 3.91790691722176 2.55927336547432
1.65331693999401 0.207444860895897 -6.66221048784134 0.692580989914642 -0.332924372581101 2.29245559581859 -5.34440848513346 -2.6524043485174 -7.57818667271606 5.94590330570125 -4.92319091589253 5.35367676356352 -2.45870863091938 0.964107090120275 4.65124920357086 -0.286470007266485 -2.11210855759551 1.15904613243019 -4.15133542626286 -0.944402551582534
9.61638901500269 -1.68353394273703 1.54465350150032 -1.08264502819767 -0.0248075781489034 1.57206331766796 -3.03555946987797 3.18197991739485 2.33149993307779 -1.37391706204826 4.83032783753346 0.967908631647966 9.35020527856577 -1.09555309480143 -0.912179026658738 3.81385342520055 1.05013946327119 -0.168088847102098 2.77288260507573 1.81066769130783
-1.69756159863516 -3.45978839328303 -1.02555972554704 -4.05239644239244 0.331699081858542 1.30941412404694 -2.79982134537983 -0.696943897449511 -2.27040124028098 5.20824276946397 -0.952844298998584 -0.882986434779905 -3.70497706010233 -2.58716998447532 1.55393232018385 0.82182138321536 6.60416359258691 2.41113559389554 1.23048666980666 3.92441243104612
-0.452135374232395 -0.582515221960277 1.04751319637376 -9.60593636702256 -4.63832344170038 0.318687440843831 2.65064056117381 2.12116075760543 0.441666715597996 -4.22568802153665 1.89052158776255 -1.70016643725387 -0.0265728578654361 -2.50737066239197 2.16485929859803 4.59864245145906 6.71446281059913 3.11797502097728 0.972415625964341 -5.19533858638038
-4.02870880427719 2.93959037385844 -1.7944125086071 4.22616129426315 3.31836437590145 -1.76169363169049 2.4875820330957 -2.1558147802226 2.60217585783154 5.29909221897349 -1.49961743230996 -2.93016205120793 9.13108925057561 -9.7574581686363 1.35102406860421 -1.19323873944085 -1.04855032223403 7.2288958278708 0.442298033398043 -6.88165629842077
6.31462743137051 4.53264347635374 0.819564965487861 -10.2969054775307 0.961003143597853 3.70847110580761 -1.05932042704698 -1.1143867358225 -0.487312392397143 0.941906497173472 1.66175612311662 0.999838133592765 -7.20534195733624 -3.47563581283692 0.105003430807626 -1.38184455677671 1.84512256727701 2.80501048306911 4.49358231950955 2.30309016939209
-1.9066405587855 3.48843489683128 -0.452472655180062 -4.10856909498378 3.98134532391941 -1.91971847347527 -0.495568025269485 -0.540634127076776 -0.20405671835704 1.55694919124686 1.46119642565931 0.224335790606876 7.43184713062967 -3.81206982084053 5.28979456855707 -1.27267097744116 5.5614172084793 3.23010861048359 2.13279230748868 -1.91082540813259
2.75893283271268 -2.01047750373528 2.88945521029876 4.40685008209302 3.38249465267471 -2.09230819817713 -0.0560482883277505 -0.41222345987187 1.08201975016148 -0.716125189755735 -0.344272516538965 3.56913530277353 -0.70850386058336 0.0110474957742764 -2.15713128024804 6.86783024998476 2.92482622337813 0.00776531793594759 0.12598334292516 1.58885854967319
-1.91664005950364 0.500648190242614 -11.6551913360518 0.323565541075575 -3.45560261556531 4.16891830784797 4.01347839420245 3.57021245480669 -0.787504329840745 -0.976931929407257 -0.179319523976158 5.19169178149347 -0.848637416424716 -3.50860313853293 3.50992789305459 1.56155301494461 1.83853653600127 1.74969173238143 -1.70019249758444 -2.83291610463325
7.30020656850937 2.31545325580698 1.67299450047636 -1.749609491909 -0.0442009624856697 3.47149667054654 -1.91520497863511 -0.931174078350332 4.99218158964302 2.04999083944124 -3.60722618886256 1.59317013545683 8.51488651335366 -4.93935960277267 1.89711066324275 3.85210512280911 2.13055835508328 2.9527766084663 -0.833055430291883 4.5686095865323
3.08486651556084 2.93218237685412 0.225301661921398 -11.2840817810682 3.41341107056355 6.99245365537854 -4.38702676799804 2.9952612897972 0.499150786080372 4.88604646701638 -2.3592521685603 0.966912160386376 6.90834068938034 -4.19650793575382 4.68886947340139 0.533471396284797 -0.378312613482607 2.67787751377452 0.700103017167393 3.80244052544979
6.61385950623622 5.01603255152793 1.23455325435122 0.599419317538982 -0.724384587638853 5.33566080518002 5.92212539714936 0.58145920200593 -0.68536591250328 -2.86482929454486 -2.97119865105436 6.19366739919861 4.06511190986224 -1.05966869318764 1.66019297816482 4.98328682743292 0.72748760860886 6.99550255988143 3.61509823881096 3.85032832271093
-3.50570424576262 2.7873691264849 0.604298100718891 -3.75260399757711 -2.27554369158867 -0.977508541727539 4.26202820819885 -1.75218468156557 -3.64341312779953 6.56763657619805 0.939835695485628 -4.3837794357664 5.72298213073256 -4.93071934566787 6.07981197015484 4.5394843108296 1.99130581341666 7.56072658882998 1.15157854744904 0.507843526917704
2.58702019590505 0.226956809867203 -1.37222707435118 -1.52867601201641 3.93055508489636 -2.69466405187821 -0.843026896216238 -0.628087449256417 1.07567041489587 3.32032192416082 -3.17239445121522 3.22577592253849 -7.12886670835516 -8.97218813093041 5.39556599964762 4.29184201949188 2.3448213678541 7.41585464817585 -2.10681784777671 -1.69155837607548
6.01964643352279 1.48076250686019 -0.0331104348794597 3.91479606234869 1.44993944492391 -2.08655399289935 1.88728317528769 -3.62336520809678 4.61689710931269 3.05989171800746 -0.462738839894608 -0.248426323484499 -2.57798932658629 3.00422641650192 2.51619491360902 -0.64164848117486 8.43140745863928 -0.772895070435481 3.07131953027282 2.57029267654645
-0.850052251950428 3.35449459451646 -4.40571825376206 -0.160848107534135 4.86849552807038 6.11189171730617 2.72030769542606 4.06894815088083 -4.35318137249434 1.84938586310095 -1.13674806593956 -8.96952873630895 2.88125611714158 -3.94998314018974 3.24254819228674 -2.83146981573912 2.39245943371955 1.11375755117333 -6.31724419802929 0.780107978181158
-1.65727511618707 0.469644596504112 -0.14668356935649 -7.76467593332876 1.32325286078102 1.47962829880849 -5.62874922127445 -2.08673989472928 0.185533482411613 3.87744535771326 3.15795281307309 1.40362436457783 -2.6234552283728 -2.55706721721658 7.06825240757578 1.26507340945599 5.73943238644095 4.13282498206269 1.0389112970723 -1.86821073890255
4.60984087968691 5.02404124536484 0.0338315419451033 1.15225009709878 2.91904624156001 6.17703844336017 2.19753982387756 -0.132994464306146 5.08387786232146 6.3218079445946 -1.35866009176053 -0.610998017978411 -4.73081515521425 -1.3928032452233 2.8657099158132 1.30731251643021 7.81069439603875 2.94312690064634 1.42140613176079 -2.92756893579686
4.97020949890513 0.557354887167105 2.81716318079768 -13.7007606014411 -1.78958285482539 3.08718152663429 -1.37072020861956 -7.65317240177527 4.05386270769257 0.0116529953348259 3.360842346409 -2.09980327061043 7.41697618559015 -2.74035984510331 1.93418095705237 -2.0771287376992 -2.04436938195539 5.00232606233485 -1.60018126637366 1.52827777472977
3.98474588124156 0.501623061929625 -2.86158082946148 -1.34942802892909 -3.90749158089029 6.60731574550631 -1.98411499019202 1.53279355683519 -3.84936387315217 -2.94112446053275 1.18605635225208 1.44271899589722 8.14465807344047 -3.87633010348539 0.691799150273761 3.0591766758316 2.7192929869367 -0.418225013921851 -0.898323230437869 -2.71959452945101
7.46933294637544 0.181148345538275 -5.72398341448309 -0.916202832500338 5.1424624672057 0.256866975826097 -2.86835091221115 2.87712945179937 3.11079434738951 6.02688198975402 1.6647411291368 -6.83213714407153 -1.80315900388191 -1.55706512734163 2.79755681411176 1.83973705869422 6.34299398004618 7.28520999167352 -8.16714079472757 0.491582666635152
4.24189237302156 2.50737448876388 2.57795292578401 1.28230800659337 2.24495595148107 -2.71159159304181 -0.451213799558297 1.29435771539318 -0.350592721716503 2.02771161233546 8.9976780151275 3.34583536557654 -2.01339118501433 0.325472339842735 -3.54595156627763 7.23532442395111 5.26284493241554 1.44961365678674 3.04191948871868 5.66083345747857
3.85616077318993 2.32774167529 -1.35713951344138 -2.39009383360326 1.20808037731151 1.80675242802322 -3.6163703557826 -5.87887061858489 -2.37836630043356 2.80759914815445 -8.64046236296235 -2.86678930364106 -2.22504777548492 -5.04475882909364 2.56369604510169 6.95916385344801 4.86401102823485 5.20210252862331 -1.21994830256775 0.343249935528201
5.60871073785567 3.4518308103045 -0.244280405279228 -0.535022455628464 1.60129261133002 -5.12400964854602 -1.15984274277302 0.827048462847903 0.390738260330125 1.69884819778899 -1.17010352631845 2.3142919154951 5.99625942789131 -2.77725111909888 3.32986686033355 0.907514936406904 3.1386858518483 0.722426983680597 -0.228714373232404 6.15268624645105
1.28434957584139 0.523726838872603 0.599899834352198 -2.24781935087308 -3.17763864332318 4.04086544882961 1.20275555112573 -2.26909748411639 -1.94454770358028 0.489009624136472 -8.77378143922895 -2.86796905894995 -0.583303080628694 -2.55051974849534 -4.49763273725251 3.54163422309299 1.68104299684331 2.01104692270831 -1.71276561599927 0.952887141618267
1.82551769640743 2.4077739178636 2.45527721087955 -2.46457024273251 -2.47744189874217 8.96715415187643 6.71492541048768 -1.87886395112167 -0.186147499881927 4.50901969728918 3.35664335634967 0.88300062209176 -1.82141279174768 -0.684094472337643 0.163129344124645 4.45266787760078 -0.829641169047948 -3.71140713335473 -1.7371703808594 -3.80002011900861
0.000756753993409021 3.25543068723588 -0.25222844390901 0.00717697334682876 -1.15008292861833 -0.680067531132948 -2.36924185579622 1.55999234991702 -3.12247034432839 3.72751073653524 3.89642641068808 10.0565700591077 -3.31649796362188 -3.38506310151972 2.27093166323508 0.49720113463782 3.86543069146749 7.97605884069242 -1.05913238007394 -8.88500132109755
-3.59057363874044 2.08227432574528 1.68933458014764 -10.1790071018222 -0.205274779968526 -5.81384696119511 7.77920207482537 0.663987744549338 2.48668265572816 3.63959816828755 -0.472690323422319 -1.83786251862458 0.402361112026101 -2.15474686431314 2.82239951398672 0.389798201516605 3.88418533747975 1.08470082945921 2.28427819596493 -0.364309667094863
5.8126546615643 0.387962727090115 0.434874972372463 -4.6153452119269 0.382965612382289 -1.31652620129665 -0.739591972750748 -0.599927788818087 0.289754437839426 1.02490293480987 -1.63246883105046 4.80670458419273 -0.476361753438619 -3.61101432224649 2.43957589993813 4.66287061298073 8.58343340704434 -2.40554829734111 -3.25833096724546 0.234847548431725
3.70648073549732 1.04536706544951 2.46042005405459 1.85066986375596 3.56187682864367 5.54048586616421 3.20677119622582 2.46685511058644 -1.5481792832129 4.84594725210651 -2.34896815292509 -2.46639589328332 -0.0633545393784369 -6.88035330061659 3.57417530854337 1.14871824829057 2.50832524740018 7.35415101125945 2.02516132204411 -2.96467684870957
1.54655973173249 1.08346836052127 -0.505982178605485 2.90082039107242 -0.152985980429531 5.39780880729415 2.56165924078634 -1.160293167244 -1.76015419820707 1.82683895691517 1.13436471851003 8.83135632579525 1.41174968340034 -7.8218595221463 0.93040581760945 -0.725619839879829 5.22502323130663 -2.93532089672002 -1.83516593673333 -0.809198395392315
-2.16271846299379 1.98896823885095 1.47193344915038 -0.208314236624049 0.357452841953233 3.00168795652716 3.51080205433334 -4.60063063775914 -2.69989578792054 1.79720542121385 -5.07997966664816 -7.30720096680145 1.6389212642346 5.48707642013275 2.49816209383639 0.892779385793722 -1.21026761725552 1.27025141756682 -4.52422711534501 -3.10966958043748
4.69093402443207 3.01444732698252 -1.95339389090955 -2.46434653494105 3.01741724121364 -2.86549917502264 1.00281490091786 0.575719427924338 1.24616140153184 2.26459819995787 -7.05104225467641 0.0368118028770923 9.09382393982025 -5.23295450235759 0.148934116405031 -0.0520912176871042 -0.20637441952541 5.47807021678096 4.89145984252746 -0.644498624902056
0.625515298001053 1.39077266944711 1.41932059103509 -5.95517937947642 5.13355904411328 -3.81507311569308 5.54397742262184 0.0662708956591086 -1.12450127025146 10.1898927378343 2.8346836433763 -0.229586219260589 1.09545030978938 -2.66048278455664 -0.777392130956856 3.82113278193598 1.43423433975568 3.41510732693073 1.77084130453719 -1.94929043276515
5.1547222645265 1.64358828222482 2.98524399358219 -7.07649072587206 -0.262740273114491 3.8432863281696 0.912657701010483 1.80545922339309 1.18997066506052 9.02919923559277 3.14731909834632 -1.91225589521834 -0.865722377437498 -2.74698212404165 -0.141499436393784 7.94148010098534 -8.32623252689814 -2.19113967508956 -0.989565193778397 1.0782793752841
4.9197981313587 4.50868588892916 0.580313342438708 0.262733498878121 1.21708739094801 2.18972766010597 5.55350281673112 0.878890610669885 2.25042947964905 -2.75947530409145 -2.46070490521647 -0.297946545090848 -1.82555670462825 -11.9379080689168 4.84524787795853 -0.0747221861574974 -1.98811324288133 -1.01001301120028 1.85728135119684 2.39798333039267
4.60855110266366 -1.51839719276911 -0.017692795972678 -9.39211806604627 -1.39618429774288 5.51380427718377 -2.4891515681385 -0.624308909774809 -0.0397146634117065 2.48503674327441 -1.30610168219356 -1.10418044713782 -2.89945032396798 -0.67455542378055 3.00498410084584 1.6616990355303 2.2176168998537 0.137193474271213 -2.22218331717695 0.541447687914798
-0.158013571157803 1.23318246062027 1.04559263323979 6.57942443666192 0.619711703118359 -2.98705899765106 6.86926011430663 -0.966484828290198 -3.89378067794818 6.12483806325699 0.724727495060184 0.0322643458431329 0.344845808763239 -3.25227169614076 3.45483894371783 5.50006686318921 2.18330630267836 3.02896019188943 4.97811497485553 1.67221661456408
6.35358071309743 6.01462353500883 2.05323463483029 1.2373663474036 2.27887893999253 2.00061419234138 6.23485221824927 0.410941558059774 1.9871316923889 5.91485697681565 3.06100664384822 -0.207562335563336 2.3331198042045 -8.37611228479737 -1.41625798413042 2.41652131698241 -1.72195390563975 -0.531652837779929 -2.90643156221022 -1.30771711402977
3.86850556896399 1.63247840239182 -0.825505218543822 0.34626327967296 3.91231263048789 6.42771581996994 -4.92039133319635 0.903392943045057 -0.190938461786217 1.53862112988773 8.65664431772354 -0.0660327304071406 3.52143066987969 -8.78483347974493 6.1261314702904 4.4166723933971 8.57593654292583 3.33410863073815 0.223419610289829 3.69636041392785
5.00982842057028 5.25219354942946 0.0227042344065103 1.28939293905173 3.35644695978513 2.31751729792239 0.0436684154172768 -0.200475907637271 1.29641850958011 5.78527661957671 -2.85278467292047 -0.55993149750011 6.25185915475975 1.02236223247259 7.25519112807721 2.49111622387358 4.93073896306343 -0.922806080091877 3.61709172307461 2.26314341771309
8.42459623209596 -0.111837620045327 -2.30324124295933 -7.1856141503923 -4.30331611719404 -2.5274463821424 8.73473502666402 4.74285233212511 3.03400964704782 -4.19662875594925 -6.98609496466863 -0.783326689582445 2.99615915690217 -0.294939293848934 5.92007568935054 1.40805797499691 0.442649645144302 -2.17423896651839 2.88188688176768 4.15294939526113
-3.66524127251611 6.15550143002205 1.78662178973572 2.07390761917368 2.39037015611946 -2.32253502872853 -1.68558612312173 4.45912401873996 0.269014954418869 0.58737169142338 -0.104527661148874 3.92353054599832 3.53554741818779 2.34200579317098 1.65186834187654 0.261159225293787 5.24563978023683 0.00489196387721691 2.6506108846709 3.00555874585739
-0.779800735622635 0.847599649367927 3.85249375067542 2.52136382705528 0.495797423031146 -0.15519964485481 1.00401896239023 1.37876497589406 1.90060059936244 6.05900410203632 0.37497469592349 5.63474856859807 3.57689317593676 1.03322586990461 7.19059724962015 -2.17948208346622 1.91049924960713 0.90606992742744 0.39507023525995 2.62867274833371
3.57787881198387 -1.19179143653975 0.832828247462807 2.01833485520533 0.471005591552134 0.980705445658119 -2.22963646746544 0.760021427241312 -3.88336344599791 -0.0764169126181891 4.5519813217781 -1.42449882292615 -2.27053973057933 -7.80110371032632 1.9267482468499 0.367656161949866 4.49495564542775 7.53127842532533 0.116507145546973 -0.713590704153896
5.75652117936139 -1.11475121593091 4.3226916523936 -2.5155634159119 1.72542466184552 -2.2256183713175 -1.73704493896618 0.173337847552143 0.684311345408538 4.05370807191648 -2.87940306845406 -1.75189173062273 8.38407390796109 -3.72975826233 0.49002932952894 0.00873637046254538 -1.88293905315003 -0.999014507709132 2.37775291145165 2.51577161223916
6.43629909378831 2.26451049458867 0.557528639931458 -3.07777440769108 1.60587708837844 7.08360240587706 2.95282045282026 -2.28698997195067 7.03785722434125 0.309972550393074 -5.74849010209323 0.800759167261966 4.4994904012674 -3.78779684550674 1.25032628890072 8.8670937365634 0.589386259671815 3.87945977881391 -0.838736886403346 0.413985271214004
2.49145394485791 -2.22992861094879 0.171643600201078 4.88147602907689 1.20326252827708 2.87270286474477 -0.775056010926015 -2.82507606845335 3.22490953018939 3.97026707037345 -5.27080752635234 0.973915115710896 5.24090761834321 -4.45578390004685 3.88107066905704 3.11603433954469 0.0460304699572207 1.51656918702248 2.29184009285193 -2.42267549115412
2.93629495954289 0.652845416903884 -0.755056974683515 -1.20992667232311 1.484464139104 -6.54644689172539 -0.662432128261604 2.09552757698758 -0.732797710147342 6.83648919652764 0.333689899509945 -4.83283027193407 3.92489551640494 -6.22863775151381 0.356423297368999 -1.41651547745374 4.66397901870921 6.13173158016236 1.55614574556783 1.66649909863964
-3.18787504183652 1.98063127402741 0.593643512619884 -10.9266218459798 3.72598644514431 -0.880431517934733 -3.60332263139002 -4.52675425708638 -1.85807335104703 5.94478368347333 -3.70593049304559 4.52012886796102 3.89070752917558 -2.07836580180646 1.53177973807524 3.25604975208184 2.77434633994895 1.22619292925744 2.61521057261426 -0.398021930297938
-0.704765557883459 -5.47997904991951 4.76461022557696 -2.67278251694211 -3.29134334000715 -0.296007269764926 -6.28357652303263 -0.182399130244331 1.89544723170991 5.06610370630654 -1.44369889388131 -0.0255706255615986 0.194944046734858 -1.38023107970328 -0.0755535377611327 3.20474928696467 3.42439027050144 1.62848007984019 -3.02538868691417 -3.56975063499457
1.73797777514358 1.39852586687221 0.223986712436083 -2.23768789122408 1.67519742322798 10.1168590595126 3.05413043446582 -0.242708448829244 -3.1398082313349 8.13912873115948 -8.96485333992588 0.741829039824467 -1.51241588780208 -4.97641754101615 5.75259670382455 7.00614976696786 1.6228568611288 5.10292809001869 2.82137517512688 2.12204433836552
5.48604378123484 0.0441686917691337 1.32389350410599 -1.81719683247455 3.33395876900697 2.60424688685646 4.07128792759795 2.28064679711678 3.20082886258115 -1.56555301764979 -1.76577178351893 -1.2646788629596 3.04953683312216 -4.70815026841468 0.579962403063174 2.42080961385594 -1.5040631652104 -1.86989707043084 -1.97667645241209 1.71778330161447
4.58061169183126 0.735276031243076 -0.148221541914569 1.94275547667417 2.07311990387119 4.29759821974903 1.46557876105736 2.67848314349974 -1.10050191002783 8.77565718526457 -10.7053186704458 -2.20256355223015 4.63875349419589 -1.62854237630782 -0.688489038268697 3.09784446652128 0.894890907517296 0.247899268763902 -3.32915328380775 -1.14881022280864
7.38924140389893 2.64761906597781 -12.3336165540864 -3.70045938569405 -0.0871782413566466 -2.86640624643231 8.03802381750252 1.71798138953505 -3.48482499808394 3.84887964089645 4.29808518122698 -1.00438419793627 -1.89277020537088 -10.2393248542046 3.40888773845333 5.68938557072684 6.63272720434878 -0.331087582887212 -2.37877496681253 -2.24739292591167
6.13885574697925 1.96488921112599 1.04640347757979 -9.94849337682365 1.19301288040123 3.45952218118176 -0.661594936212727 1.16262493419082 -0.46492114954993 0.214957126390259 1.31795884556741 0.711764146935852 -2.07789834687413 -3.6993082123258 6.73500779818551 -3.93351009829421 6.66206470120073 0.902270138688674 0.0732397978883032 5.83777998142518
7.94428631662704 3.90320207489403 2.44385930004237 -0.873005376728481 3.30972830727833 5.40168826083836 1.7515845498304 -0.376941157766582 1.62773361450779 1.1727413237002 2.01575919574212 1.20819595627745 -2.65344087224023 2.63799626249293 6.43380510944618 -3.44286708953655 2.42930503670564 2.10848775593926 4.24706598016223 1.81734959667467
-0.905889705213792 4.31592136975223 0.51670613466794 -8.79033162938408 2.52261347652276 9.1506228820751 -1.9110799087102 1.61366058836782 0.319823647152663 6.44193757454849 -1.40021538490799 2.01754604542155 -1.63105311081875 -2.16640307980339 6.83074050775603 1.6012246644893 4.82858012999602 0.476889249592743 -2.19301143935432 -0.563690914209463
3.17141994960362 1.6818753348027 -2.12144303578623 -13.2833105290116 2.06502130294078 2.68230112039754 -1.62084292172995 1.98935930177978 -1.77896484391697 3.49134548673827 -0.543840538784322 0.970180248893999 1.92431655816086 -3.69641989434526 5.38718907925219 2.49027256412225 4.2761615204492 6.10090679950382 -0.442258886664986 4.10980299030209
6.01068820401875 3.1071102743359 3.12859070207604 0.313714805236968 1.52356225975027 3.67626407630628 -3.87273916576765 0.479554018364594 2.58924759356902 2.31346434267322 -0.173405203397519 -1.53957154916126 2.08372359551731 -7.84175521172018 4.4013998307711 6.26693615884666 5.17768950468633 -4.04426560974018 -1.28905301154792 2.43663299245894
2.31410368691372 0.788715421462555 -0.391504212390185 0.722318181521819 0.00027375074913194 -2.89727091295324 4.47047975345978 -0.00743532317332818 -0.061235189377765 0.48134361621731 -3.44489640339906 1.47503606524458 -2.89250351333568 -0.505875537237292 -2.01154582326636 -0.752228888370324 -3.41736244309648 2.54106101323943 1.53952644115504 6.45013971814417
-6.21270517950602 4.26156059663207 1.0406772742817 -7.84348056723573 1.54930069074484 0.49686169447638 -0.173739374154646 0.993123267017516 1.02402036697159 1.82670006507597 2.32469560931209 0.871037650962526 5.04360982165114 -1.74975215353917 5.23884068414913 7.93857350509221 5.23177834752229 1.81133956320957 7.27091285235882 0.682391335149024
8.44576076846196 3.52760835566993 2.12266089032973 3.72365734748616 0.445168592113899 4.57099065621792 3.27452216175227 -0.870225484833866 -0.0722691213173485 2.95984775463723 0.835211783730265 -4.81502131256412 -6.97873111625493 4.33643870112661 5.98271966153825 -2.52378701390365 2.22579505400217 5.77333802862118 -2.12619136273557 0.0854810657698266
1.67115936123508 -1.18828146516696 6.20033549089804 -7.11003105312705 -5.32801682016465 10.3759325730386 6.78864317140737 -1.56759491351848 -0.90732044657953 2.59598051256387 -4.6563584039946 -1.22572762972961 0.697616432430892 -1.11088181435315 0.207782813218358 4.89243696363584 2.35500565694673 -3.14558089777709 -2.72227531421242 3.30481789953185
3.29988523792852 4.67589766259261 -1.86699803926743 -2.95108695258503 -1.26603335958711 -1.66836165407507 0.104552677138256 1.43427250883203 -3.05982473654657 -0.919502574646974 4.03044843875002 0.528658348735373 1.01994592585428 -18.4860991378404 3.55845727753115 -6.30771536097245 0.641574579078527 3.69544470796333 -0.933693772293646 0.631689190713123
-0.121702999583531 4.92148537675534 -0.182061880485242 -11.9393962964185 3.16177746461315 1.80778935148301 3.54823994038731 1.18960792000498 -1.20797497232203 5.27553864165733 0.636006930554196 1.58174914400913 -0.119462540321862 -5.06777541057353 5.50640620550436 6.68021802174915 -0.553311700139613 8.37381325824532 1.47809013836003 -2.23389118246471
0.903868157276478 3.05341572546959 -6.38539441451566 0.107159009592681 1.60418153622606 2.73371221114482 -2.85244262737732 -1.64967281158815 4.28529831975936 0.851114958832563 2.24212079300073 -9.83354837001605 9.53205753741087 -0.556970329810855 1.05902531706319 5.44563166018702 -2.27705926976661 2.15021325964551 -6.35449235885318 -4.50729240044731
0.310128626863449 0.60553396115044 1.70614675365988 1.86085630860043 1.1397132502752 -0.424164799855109 0.558306142151677 2.26050488132324 -3.33183950356498 3.86673507297173 -2.0946079999377 0.614541886327443 5.35332107313631 2.86416704176489 5.56178074106645 -2.26596848475009 2.39519961264696 1.70567547483835 2.58630358999262 1.02845627765161
5.83900928738428 4.15403516490267 -1.81527147629971 -5.48277599967504 3.35995345102187 -0.0298993382707934 2.88844931520115 -2.90469684020411 0.735361702223868 6.08943494333755 -0.117104808742643 -1.47518543392737 4.11518972767612 -1.27976179006322 4.48727121383409 1.10104483140844 7.01872917421718 5.61668888076532 2.97407094799898 -0.162919183141843
0.467389558688422 2.69630548825438 -3.52564898219058 2.81627052817111 3.11668704594875 0.89560564721413 -2.91770892230535 3.96153551281973 1.97867601825826 -1.6823620004001 -15.1575057567155 0.84534688154201 -1.52650588738091 -2.44156542967824 -3.73636551061365 3.51609597907979 0.277124405194158 0.883804812297388 1.72525659627872 -1.76891435285624
1.67782609968235 4.82199847069645 1.97843457448234 1.42742802228611 -0.374297343461492 3.59205089642451 -4.70919028175162 1.81474752293326 -1.49268381591787 1.22847437618967 4.55719216936605 1.39427652317538 -0.266610115879661 4.99436690230843 1.44342948629782 -1.80533629149809 3.08157911926465 7.99770890762002 0.994939421900296 5.36927096798998
2.96688307114151 -0.682859189466094 -0.491987295945003 -15.0056589145 3.3039608794757 5.54896115588351 3.0983424077282 -0.579039240363379 -0.430018854257708 3.03722773979185 -1.14241537080699 -2.30200047935504 11.9343818913246 -3.3565078253215 5.47162346486726 0.262516859047909 3.73640402664914 4.14387648112319 0.697137902743644 0.624299645321158
5.49281956989271 0.970139434086 0.546615609767859 2.6769185104987 0.991477252822608 -5.42697749455309 -2.03757695726359 2.04627179655566 -0.870847864342907 3.79784610460691 -2.28555490614726 2.14183084331392 4.79893019230031 -1.18666180503593 0.949405534850959 7.06326160483284 4.5826273498442 0.169428732645837 4.13393482928156 4.91372869164743
0.59494194463621 1.93193975063542 6.44009886690273 -0.0890472647273679 1.13701167268795 -3.87529357064433 -2.91665237803686 2.69218133097589 -0.123271049739701 6.61852236957422 -0.950802375668131 4.50299517058442 5.8766392354274 2.49392408853858 9.11767525840233 1.06839448105698 5.48837727511424 5.34568293646679 0.296130868896437 2.11674320591566
-0.303371027846059 3.30329771108953 -11.0779890613052 -3.51309066930833 -1.80857416065804 3.5774587328569 -2.22530082908847 -3.57013110854504 -1.44394741258458 2.28475037535646 -2.9750652106136 4.08938135730573 5.9750204513115 5.64937209326712 7.23729738425169 5.2391361844335 4.30897449030877 5.42555850657718 -2.43090957509524 -2.34918593873325
1.08684506129623 1.42291212358942 0.766428899516251 -1.50717081888381 -0.474100898764148 2.12058171969018 -1.18188755808074 -1.29132451440831 -2.98549971866143 6.0005903285346 -1.28943418658929 -2.12248235083401 -6.83378766634855 2.38974259964944 -1.13087113405649 3.85687820253042 3.47066566872694 5.1936830988706 3.99017478821684 -3.32434736525092
1.73507088689624 2.23270292938712 -1.37534805154827 3.08784812449616 0.963052641210586 0.811508523881726 0.655937716685786 -3.49308133899666 -3.92393018185215 1.02955080278575 -0.986008549486959 -4.17899865177985 -0.00387120756435833 -3.08175728671289 1.1487401235049 2.89143050970062 -1.12387488566725 2.22608822138147 -1.73532630259596 3.9042350226503
-4.57746295463198 0.82389043613949 -2.90104563616946 -1.95660319099644 -5.05119789327634 1.70233638254768 0.721731710738838 -0.477977327917277 -1.57568067141862 6.76241826969181 -2.43317759778467 -3.19545772498423 -3.85454987004354 -0.835959676446859 2.5630733447751 -1.51434009137906 4.52643595107143 4.05690848424143 -1.80858487311558 -2.23424095592409
4.5863265338847 6.68500489962224 1.04526225056783 -3.7389990703033 1.66746542552064 -2.97925818886298 2.83350480908846 7.19205322555387 1.10982077879202 4.46900667924047 -0.0730455672830855 2.75011804069353 6.02067706655754 4.472792554817 6.12098718207395 2.16776492053425 3.217474854727 -2.87771509474189 3.76529948973413 4.01738516488123
3.88729661565375 1.75174094014373 1.17687003028031 -4.28123079621867 -0.299750587987618 0.663291170872008 9.65402247329143 0.823712238505487 -1.27233405172418 -2.17876461155312 1.82697165840347 6.38953302023487 5.56205394077793 -2.06235079055235 8.16830742404954 -2.53854369951185 3.49552853642882 0.338224932053819 0.87250314149769 3.13512147861729
6.56474110324759 -0.45760839131852 3.84022841746528 1.0717607281958 1.95949117954531 1.78028288781184 3.39369272322504 -0.376487841394322 -1.68377542135176 5.4245595958049 1.09726579516856 -3.34114124758694 11.0444728022684 -8.75543635259065 5.13275034312395 0.0983693481078012 4.20533238132615 1.00163732992927 3.08122181272819 -2.00576396246829
-2.77086036751145 5.008152861718 0.753072442885757 -2.06678234289388 2.17492068630932 1.44413869879092 -2.13058331731585 6.10653777490971 -2.56644811992722 4.05572514592461 -5.34795587221275 2.28011532167175 2.11675868885161 -1.75403114382994 6.60573908141527 4.79951668963434 5.36163879556698 0.32749407902367 1.60043632941757 -0.324455151930697
-3.81769915377154 2.97395388875614 0.0886062840654262 -9.01359329002067 6.02392240276128 1.70496114932927 0.274776474365893 3.1508231746088 -0.294943959022871 7.375365408944 -1.93817720357507 0.858006943209186 -5.38897488811995 -1.51074434331744 2.4909826329685 1.97645519210338 2.70078784792593 4.45991415544845 -0.827982239128988 5.42744111430841
4.22527988079717 2.74210874589343 -0.377905431618553 -3.10515014999406 2.35720643784874 -2.17508507277996 3.56313193052557 3.60231850821761 -1.76941622995144 -1.98355297595967 -9.7992034261499 -0.359252282952665 3.33178552529762 -1.85796205675619 3.38872920463494 1.60919257152896 4.22960069073279 4.06356303330475 -3.47624891853482 -1.83337083105578
8.78423103697581 3.82751669501089 5.04378208884331 0.340525771440938 1.93709101122444 -2.12160931944142 7.21284288347127 0.666130671172641 4.61215341761543 -0.497985992994173 -4.22677362516512 5.32266842868081 -4.00309468745404 -2.04447675399378 3.08170119335875 -0.338128340127803 1.38047495471198 3.10194757379456 2.18790309621495 1.23003394711957
3.14547713467671 0.058450421092594 -3.45970349881457 0.890509967065075 -1.30457610779044 1.73940842254766 4.89627413669491 -4.10686679462089 -2.46751927042799 1.36647407876961 -3.63148776404702 -5.52946008265913 5.43939084931859 4.92827571576938 -1.97371368727212 5.74159470001634 -5.02047066943798 -3.12870203321934 -0.127248718555664 -4.10405737268302
2.84532136722699 1.3111546890483 0.219580535382919 4.99169721586896 1.39645712069248 -1.57009984366477 -1.72210731687631 -4.42900214103943 2.24438096740589 1.93362776429182 -5.27929373647965 2.4940299364554 -0.546240336533552 -3.94546793410039 6.51216565464358 4.07567789365384 -0.130796066525883 4.16768094383881 1.69096671659987 1.4735220406455
10.7274307936857 4.68520148408308 -1.11848982129002 -3.29521141811562 2.77684315177503 4.70872982453949 -5.91065298179406 -2.42569847700084 0.423856945587398 1.56042020692791 -6.36292411089332 2.16935718591721 -1.92062720359082 -5.69708866438313 0.951368983456371 2.33547156202975 4.48646243238053 -1.07594218778396 0.0846247531644662 1.22396156121774
-3.65829819008456 -1.1294241410227 0.0927315750661724 -5.54887843103975 1.09433078382069 -0.0572624735361936 4.44103406420727 1.9818295456768 -0.330923177777692 3.38286460257363 4.71045757654997 -0.375742252387406 -0.74408098108357 -3.87849801425061 2.37906085141517 4.75036795141724 0.622519901891672 -5.73443289436805 1.58580117355199 1.84388652235361
6.40797728416555 3.49235821511966 -2.67887781695794 -0.409424702350346 -0.667836699831499 7.9790318394308 3.48518587251262 -0.105166100115574 -3.25089213732966 5.90106774589183 -4.12019421806695 0.949374359686518 2.23237233200303 -10.2349797617432 1.30655314814381 -1.2189642545761 0.00527193438767437 -0.408685534831885 0.101713667743577 0.310869272302138
6.80292973770442 -3.11338647351502 3.69123657016552 1.79581317750285 1.21156999364054 5.51278289919318 1.23795988473811 -2.79368073857528 4.24553954069937 3.57661427276449 1.9833307628667 4.90795081828884 0.0186877428288665 4.42942927092608 -2.85148596596691 4.84511091137126 -0.960868158572822 2.81022400721297 4.0155654824015 2.74791684942619
7.71578132015463 2.86878298979071 0.616201465003782 -4.92965294787905 0.0320568491971277 -3.34858016011284 0.290022154437622 -0.860331347402629 -4.29971102068504 3.76121412146683 -1.10939481094062 -3.04431694793515 10.3696871318805 -5.21069220095671 1.67478244630731 4.61514836512068 2.35733903371629 -0.391940960911406 -0.957025801293355 -0.154222665064179
1.11961881134307 6.38794579692633 0.631190577026279 -0.368324981708187 3.52947086726447 1.68247767311312 1.16434526610769 -2.43851379963696 -3.45177823462938 5.35754653241155 2.12324359834524 -0.352754200530103 3.12504357999441 -12.2404955221989 6.84659223390311 4.24163963485696 0.154168102243188 2.29727625017209 -0.240726808223428 -4.47762113234991
9.11726785675613 5.38041083580503 2.37795118546933 -2.316249129386 0.409489230078273 -5.95895729804357 -3.69940549168411 -1.77030972338353 0.453606089180311 7.52465534127012 -0.872137260037295 -1.79959884409302 3.77650892443537 -9.27766619757217 1.74938121168887 1.71043128326692 6.62934144872652 0.688410888572226 -0.832991699736727 1.23899713920503
-2.04860771119895 1.00861762499372 -0.401439089418952 -10.4220999101512 4.32091562594392 3.40899512603353 -1.76800198907613 -1.88468864782395 -2.73521796592799 9.8243238603082 -0.690382015802022 4.13526955204172 4.12810307542927 -5.2995985211601 1.25197301481151 0.592730099341362 5.47956499597528 -1.7548910351066 -0.231449557035091 -0.240546732101974
2.9528322081892 1.36372929628764 1.60938206298875 -4.80022182147856 1.50920758297807 -2.27481785292964 -0.0328458663069027 3.28909927808037 6.46881021431604 6.04596872965935 -1.98019904260696 1.8224173243197 -0.321556895220238 -4.19572364463111 0.266144532350684 7.0528224789494 3.5999167555402 0.104214605583468 -2.08279134610557 -2.04229027426923
5.59189392480327 2.32841572423496 0.21669204300135 -8.41957928965215 3.1010265626092 1.53984833371638 -0.742800906004915 -0.433269022756906 2.80480151944368 4.29582529359787 4.82978387666878 -1.5371429030517 4.24941634877031 -0.387105388218656 8.32247834772479 2.64447430960917 6.08061922338371 0.229415723553534 -4.8916824618151 1.58467836778246
8.89325312922618 3.64428292574106 -3.82690761084758 1.92519222647807 3.64233827381699 4.67570156240348 -0.578297880192452 2.72646406126999 1.09186479929171 4.32099882433504 4.32375665182434 -0.571335033780528 3.15474089078095 -7.97691238714737 2.03656069495776 2.35927983329983 -1.94301749940905 2.72954722580306 -1.48211465488925 -0.39478749111109
-4.29070569854486 -2.55451510304382 4.57210996816611 -0.411872653384209 0.967932093761515 -5.32016742204264 -5.02215921202854 4.70676082172529 0.945017812214938 3.88813248945019 -1.03504605076551 2.40859533554734 -2.67843789367475 3.64516269892475 -0.0624006560353112 1.42680871632175 3.85261660999216 -2.71530640953261 2.47385503424793 1.27349139620173
-3.15471572452683 -0.119361497670683 0.448486656636148 -12.3259652488991 1.56400045249876 -1.78572207134848 8.73343442736846 -0.471512302213858 -0.67467933780848 8.23608211865444 -1.34530258206077 -0.213889746943969 2.12307592311257 -2.87708971824609 -1.77641112473234 7.68226180990562 -0.329765612577342 -1.91837988973718 9.40028711573793 4.92932324832019
5.97383160601759 -0.398538472710013 -2.99286012339096 -2.61257535333911 4.7858757543986 -0.143385431742314 0.506031130936329 7.39868730752879 -0.332082447037138 4.11647200404059 -9.38584418103321 0.763417896328175 1.37611114299805 -4.86765330620677 -3.27640036777834 3.83014237143757 -6.97004759893934 -0.855202189402716 -0.42774292876372 -0.161695211852278
5.36226860569539 0.992540891293143 -0.110301619084092 -10.9981073264924 -0.751454790186435 -1.98688804148015 -1.71423098785789 -2.82695490154662 2.87795693234098 6.90550587054524 2.03376269732111 0.660366641743871 3.7147418192124 -0.130103351542343 5.73114026201908 5.95463389133733 2.4583721178009 1.63366568895062 -0.278286319846429 -1.57193687227115
-5.51281610518224 -2.89804095947912 -0.00426953081022369 -9.17702282352925 9.10177173390181 -5.87039951417277 -2.55004434161647 -1.46702351059547 0.186144601996675 3.07117273856123 -2.32046864478679 4.15265118273268 0.722712287129296 -4.83096733170502 6.65497070427149 3.88527367860695 3.65759621987856 2.67999646553959 2.27898058996975 3.38027007016204
-0.459422046577611 4.9973211952795 0.348340135629316 -1.42755656623675 3.14885066509301 3.96377104133176 2.49308237519301 5.08758021854633 0.169716424754187 -1.93178799684619 1.22825004896013 0.701779024735677 2.01593581113648 1.55070732928404 5.06516951018588 -3.0132868690356 -5.15038604383256 4.0532865330562 1.44426028493846 5.71963373603178
4.69942718979008 2.07222134087247 -0.235295420676888 0.0204769981917831 4.42073117435259 -3.86902312473205 -1.18362300158948 -0.582230302461668 -3.76810689287084 4.54904014145824 2.19058507356316 0.320445755432733 6.93935120256868 -0.710459470149573 -1.48221170741583 2.37074092881547 -1.04207888199163 4.49089352638224 -4.31275529356271 -3.66008500908345
7.73209216325138 1.77606167700488 -0.704643444936834 -10.2735824368658 4.72373506520837 1.35241184691818 -4.39318409628852 -0.498011986837019 -0.449690940918396 -1.39250083543777 0.118836950067802 1.32081683953587 1.21797459411605 -0.982578730954646 -0.587147764011273 1.08283264301753 2.37480671961576 -2.80930706531545 -0.656250399965128 -1.96253952909993
-0.530174712559369 6.24416794646663 0.971781611484395 1.75043418096971 0.487302125870067 5.09736870397079 3.89256804420226 -0.455755024331873 1.70003354814542 2.95886165567847 -2.67391968193629 0.596784056903981 -5.25831697780683 6.77052052671272 4.61500165954813 -3.29886803823637 5.65172172990956 1.61324018030856 3.90604523908135 3.53954835242179
2.29643081905354 2.23835630564581 5.85149442172323 3.66798523824045 3.79839697510256 7.11656220459287 -3.81236028991775 -0.392502675025774 3.74750961886399 10.3710533345797 -0.512569275399595 3.19425843410268 4.65623442522384 3.77175870016826 4.08715406408399 0.181399222504485 2.98705949210799 1.144349461783 4.81288893270205 0.45572302501665
2.46971249252024 -0.71320029153332 -0.164707519784336 -7.57194134577182 2.57043535451164 -0.261044126440874 -0.424882018232592 3.3962709665752 0.794584047707902 -3.42542577413011 2.70432955882681 -3.46834742060317 1.62675618727073 3.70806102990968 -1.11211949446231 6.80374773172633 0.458355327038165 -8.64654943735192 -2.58922267417189 -1.07960802614218
2.42961515074782 1.59989969879911 3.6423124646648 -1.38656533319039 2.19235917313339 5.25551433903253 1.73485586589401 3.03048940098736 0.894196789926749 2.55689449879252 -3.9883158834023 1.06062282622573 0.161909516941222 -1.55386314239007 8.97982448194909 9.69497608664019 -1.88106264477063 4.19451842682968 3.79048798570425 2.21161414906612
2.04089539535997 2.35757522757992 0.144160024024779 -1.59368882160746 2.24577360190794 1.72865293600449 -3.90664123891687 -5.25856098066909 1.0902369024242 3.21993120228319 -3.25935294039525 4.00916563302169 -0.163685027826005 -9.63175478723296 5.60692455536082 4.27526180976593 6.87278473512557 0.812175710762148 0.520718031796932 -0.234987691409696
-1.96521263342114 4.94816713344429 2.95826310641299 -0.780371892340149 0.473858518156299 1.87098431053851 3.74606243424675 -1.12967113311573 2.30176262584277 6.71168383548117 4.06015307523398 4.78299823487755 -6.76044271648995 -2.21235413681899 0.0716784215633526 8.41985629484915 3.90284418490008 2.50274027926672 1.47468029592288 1.13858159768941
0.927864245361461 -0.410768586248891 2.53433579459447 -7.10023174690076 0.0139663628500164 3.6858412337391 3.06483678467658 -4.23227502544033 0.161675413860821 -0.820740814479092 -0.310663370838662 -2.25285886794507 9.59671651525796 -2.43272182756283 5.63664231013464 -2.19630510389698 4.19753123328938 5.28884120839197 -2.20152977688642 0.576767772379598
-1.4101180864449 3.46180676124741 0.967579815442439 4.47560242457316 -1.09208009762763 0.402573645983328 -1.02919737714204 -2.65800097604248 3.17080049475921 0.259819877823301 0.601206924614173 4.47655760738029 7.87136841979307 0.280814886834764 4.1714715701909 5.14586821276608 0.496091070256133 6.11993957361926 1.05927806391644 1.95993214350726
-2.25701966930919 0.202204459460821 3.09357148019022 1.60963752292869 0.645401723968568 -1.9244748715861 5.09552330987392 3.24753812376976 0.465433220892539 4.55902466456422 -5.35152122176623 4.08775302148096 -5.15033291954728 -7.01416047421587 0.438325078488574 3.8987617118791 3.77644536637004 0.181687010722104 2.27179787111898 -0.857709438636704
4.82669614683223 6.60449621910791 1.79866305715348 0.821280451410853 1.80386544879733 3.0512885947115 -1.22275399182421 1.47756301232675 -1.85665646456367 4.09201940646608 2.16366553265946 3.07961217786376 -0.198908042129133 -10.9462770622815 3.56866699629799 5.10943281186546 -0.689114642178434 4.31777381455596 2.55392744854465 2.48088628133933
2.04134296621595 3.49592118892533 0.280999353065481 0.610346130757604 -0.64162499611379 7.34253818476086 0.131257274077733 -2.19532546406445 0.43735674928455 4.06093612753953 -0.721191123525412 -0.966522202375215 -0.483584905805615 -7.17264417467428 7.10262613451843 3.11225385404425 4.70550516886515 -1.41916676998848 -0.43749123976449 4.58921037425297
0.685516180882294 4.45998773161917 -2.02041985648076 3.85850284602576 -1.13311112708064 4.28348641534908 -5.04143759100577 1.55274506142451 1.8922341894589 0.457349808563066 3.11810380325778 4.25787631446205 5.58302115457125 -9.66757004529669 0.0148649864386163 0.58140859001495 -2.34959709763184 1.90647680946199 1.38347090301835 -2.20986797471246
-2.36177536515862 -1.31935497091823 1.37003618832424 -0.386103779815264 -8.66875185879492 1.15893878436042 6.11061067140806 1.11583519368928 -2.41449526301643 0.94758825320599 -8.43418272337661 -1.62348136004494 2.36714595831212 1.29954380604791 7.31872933351731 0.179033639893054 6.05787320531688 -1.71849384779233 -3.38250125360708 -2.35832194547861
4.20449655493777 3.42259265097611 0.111384434536133 -1.38568565597424 2.36796677148938 4.29661110542155 -3.99902159778963 1.19272173999055 -0.153207956404844 0.654939906457435 -6.64824081740884 -1.43104188606138 1.94857955389535 -2.43373151231192 -1.26040554602953 8.31076195120693 -3.41106371447556 -0.859211703157113 0.730144516517381 -2.24442770247262
-0.611717120834497 2.50470273659593 0.133967828286601 1.32538004592529 1.56896595185102 0.847451605964864 -2.38524638646424 1.23292343069581 4.476788439908 1.45521280383999 0.0148946012813415 1.38053600160159 7.25312647418933 2.59151911622729 3.75741711525402 0.0567000897734071 3.27054422602197 6.79826838070508 3.73464621215705 3.18525794220144
4.10467140159446 1.18832420951116 2.03996511178736 1.01257819235524 0.0818472384370532 0.308205369017799 1.62979886280872 0.788776523592753 -2.33330360162939 1.41894828027011 0.323252089518282 2.5501958284662 -0.291138115058052 -10.5832827795445 2.17497931206591 -1.92549478787017 1.84131570162183 2.01399178697052 -0.772869143930589 0.0687314580261679
-1.04664917593519 1.7877562196825 2.38679051768328 -0.401387318103971 3.5922283421991 -8.07961556981751 -1.47943218059687 3.71816583223191 3.24345671353993 -1.41001270637664 -1.67140229795121 2.25902261577331 4.61373114736654 1.84054384491268 1.01878135529786 0.0339893216636988 0.21883448576055 -3.26890489983725 1.60566107882933 3.56273894608941
4.0065666532557 1.21069517555667 -0.123875975291798 -5.82600510279554 5.9900750980447 6.33202293646726 0.818298482629494 -2.23579289068576 -1.93675139123208 2.22618877904238 -1.71601578034066 1.61395201742019 9.21588416215161 -2.89191951971951 -2.77945168431721 6.80304530434387 -5.31381830827566 -2.74902520502292 1.44774788752246 4.90381137801765
2.70259543810069 -2.29840059568019 1.73178057596041 5.02134631686515 0.360715050348557 -0.675242120743998 -4.13690641896147 -3.57490323222754 1.32836254650466 5.90343206617142 0.834718526134962 2.7285909798052 6.51187425902027 -0.681165811529981 6.7878434279605 1.98528232686273 -0.311214536595461 3.70576516162187 0.904202548450781 -1.34577922760313
3.6113672219666 -0.0659601495802711 1.84708755936135 1.64865292307906 0.446502322880358 4.80118329702307 -5.39318092672118 -2.60162182687499 -2.97949917813654 -3.08196050585389 -0.42487819135382 -1.29016058394727 -9.32125637426841 2.36444907206942 -1.57611921971373 0.199099112643988 3.52790733145551 2.61282797087458 -5.37644760784664 -0.0787797583560548
-2.02020381451274 0.397489624243528 1.5614107277424 -2.21030695320751 2.30624126066463 1.3105119145905 3.10967252332823 1.8150400223007 3.21681185912095 4.09343530994638 -5.15561895307957 -2.11069482557119 -1.07763382986812 1.383149929112 1.2005006992459 -3.84365044887626 -0.24387222694426 2.23752680918264 3.62504479275793 4.96617879229362
8.61919426607754 -0.972622288259805 0.791208510910769 -4.0027520942239 -0.11520626059444 9.20345559604567 2.01596113762099 -0.651164814810462 2.70833176148642 3.60653152310785 0.567951252356067 -2.05997401222854 -7.43726968232529 -2.05982368985808 -0.398340967175419 4.0907261290005 -1.82547702742236 1.9569313193413 -0.849248401614436 -3.15226365571296
-0.485193643713051 0.897402424261527 0.187868080657499 -8.19750764925408 2.88975414024445 -1.06430656480134 3.20107991580589 3.85317289295187 0.145144594811796 3.26816849792709 3.3233059184272 4.24150506097981 -0.822235828785199 -2.54448292549422 2.03717881451046 5.77347249584574 3.60367756178235 4.06018072983695 0.132756069897554 4.12744824058028
-2.01477307383535 -2.33072130281247 -1.59353344322531 -1.94810000190304 -2.09499634140468 -4.62014138278254 -0.289590238088826 0.452840400657031 -0.00942400161637091 -2.26553004543777 -3.52860247793665 -0.73252223301323 2.41549405768116 0.663548972996879 1.81180688067358 7.34292669126722 2.33074588320449 -0.589011094100789 -5.80433932223023 -1.8768963449636
-1.31362397126517 1.689976704013 1.70373232795268 -0.175982907581215 1.69169961280931 6.82626103904266 1.99603459120239 -0.262980408844433 0.294589286763896 2.11956652906201 -10.9958449087205 -1.46710769863069 -5.64466865272446 -1.05833143351828 5.79531577068923 -0.0622206667501222 -1.05269165340522 -1.19725745298005 -0.734973190428264 -4.82804350429243
-4.70938498325392 0.0732490549264169 4.70927542862395 -2.20166290488739 1.09039426895268 -0.68867366429049 4.78472052636696 -3.41055461780987 -3.92266126974351 2.46819913726823 3.01917229589995 -0.0353238981153616 0.66390616587468 -1.70001927780242 3.72310248750236 1.88939651462188 4.43824891768367 1.71759490854353 -2.14260950124607 -6.75250478707449
4.99267355331936 2.61450450239212 0.837654636896785 0.0369102724727182 1.54853289673413 1.22855792818201 5.59299141700143 1.8957420658064 -2.09131569886029 1.47015876310563 0.810077947501331 6.13928721571106 8.30615616193087 -0.317208343387917 2.72043808954567 4.57894979585999 0.884319972464233 6.22730373719409 0.412360300643143 5.21481693188192
0.649282838322382 2.27473920799297 1.49678844982738 -6.41938590910532 -0.18729274692608 0.45023266718725 1.56508273311002 0.316364806374582 3.51264831457758 4.76245492230941 0.894027641068764 -1.96962067251855 -0.745231980958094 -2.82216561934466 1.73016608992228 4.95239389836947 10.5985448682373 2.95962674282621 -2.41536778768682 -3.73134358629483
-0.463394434109053 1.01897727912876 -3.14802062979813 -1.30814025483462 8.89570795645525 3.54741699734772 3.39387287537322 3.19636889610777 -1.63791098894076 3.5073970748183 -7.1506478150433 1.35969883302525 1.83100397256576 -5.53647597915789 -1.51489155528352 -2.3161487383306 -1.4236031305199 0.914472618589585 0.987110039610992 -3.178841079543
1.7640106126393 4.72806927108614 0.0112981346946741 -0.554777172179436 -6.35766481763241 8.07096326342262 -0.99789060317262 -0.853676888103968 0.590879987619101 5.70070134197778 -0.274824375122078 0.974785657612779 0.831749290410257 -2.17766164155453 3.18819522753409 3.3383979879075 3.44817436614325 3.03246454590628 -3.11045367290818 -2.3444830060462
6.61500049541534 6.75209856833932 -0.644972261141315 -0.122137069023014 1.26849200751097 -5.32086124064633 1.02834804025833 5.61142813828058 -2.25527675572654 4.82811458562937 -7.12254358789061 -1.369368621613 2.39021762261934 -3.44708870567628 7.57170353470299 1.61283298456867 3.56579151985884 1.94801458296468 0.518422489338625 -1.98484275519128
1.13599679238672 -2.04406855111701 -5.76100152668924 -0.298767780247678 -0.693498144005189 1.60441507454141 -2.46794989797515 1.14133608671897 -1.91614634159002 4.31414598091377 2.05165948604134 -1.14910415666382 -5.3787146280564 -2.22626911810215 5.52520766468621 0.555804915630525 1.34619335612902 -4.83334750411573 0.461291125125005 -6.47232277645084
-4.34849645526916 1.30684419779461 3.69489737794035 -1.32031007462684 0.236682981861194 -0.58601199598995 4.98507236897765 1.1238939079654 -3.03382406339925 1.29654908410596 -1.2361261362932 -8.35948994839522 2.2446427806371 -2.6372500160041 1.83168781289528 2.27081326072824 2.96545152289557 -4.57197213889797 -0.0311412583456936 -6.3029964165313
2.96777550534054 1.76659963827418 2.06975565619902 0.797689429937223 -0.421761846219039 0.122036124487246 0.698389424723064 0.598110488095002 2.41441846628622 5.12059661377492 -2.47504301624812 3.06947034723321 -6.64149489932632 -0.875210573081926 1.15313600187146 3.75878880448716 -1.4664067974714 4.61563885465057 2.80261985580486 0.438116059285715
6.87277647999942 9.39689486316284 -1.57617934417866 -0.578039649735553 -1.90254679879684 3.35157895755057 0.628990408509821 -4.49488010076586 -2.93144997409892 8.54017950585976 0.577890256758529 -5.69969142881329 6.3538563004543 -4.72318310333465 2.7233714163703 1.396817060141 2.11222627734541 2.99298248139321 -3.31341870420346 -4.19591194894455
1.45840196359962 -0.55034511700005 -1.25214446030622 -0.291076046563411 4.05660483570382 -3.10592407675948 -1.74501378935124 -3.99904808367571 -0.455665173764839 2.75351312907984 -11.9801804495289 0.276535002150964 6.14900130306758 -3.81364358028768 -1.9816555584536 3.15204776253412 -1.62666028100669 -0.131239033551688 -1.06759407562729 -1.54637318853749
6.6851225827892 -3.63776316375807 2.53498013029723 6.83450540150778 4.00882159041631 3.7726777220749 -3.16568924157141 0.471533781950782 -3.2612446205336 -0.119059976303098 2.54729665048328 2.42439692096315 5.19925737594696 3.20583834389684 -0.215074746675895 8.09918097772917 -0.909506494340061 -1.37095793648889 2.20620596623362 3.27424737039713
0.255918734356417 -0.545313680504296 1.0853928011788 -7.26562805056886 0.912005690009657 -5.57958155607044 -9.71488634799353 -2.62542998641405 0.543371211701901 0.528738153756713 -1.38863166509888 -1.44734558909399 10.3605717643719 -2.04879970536872 5.29627108525512 2.85739667232424 7.59998809623321 4.37156264987347 -1.6322551423821 -2.57676519004981
-0.749829277193431 -2.36611363911647 0.269187976926214 -11.2840040354686 1.85957756165806 3.30996369941017 2.28297610485809 -0.158215252737929 1.47596547574442 1.23703861800042 5.00549183275434 1.4932750038603 -2.19862836555801 -3.16986101067393 -0.528037591081284 8.5026238008044 0.378846940939114 -8.72238616674317 2.83640425398678 -0.420754861262486
1.16196371404518 0.99269702810459 -1.05257187490119 -6.00495781160916 3.18555050257587 1.10071576122761 -8.69859740088991 -4.4245848024987 -2.47010600830296 6.60422040929278 1.36622004415239 0.114422480722005 -0.367559227723922 -2.92677171369747 1.58971675651753 -0.480101662870145 4.09435335439399 3.97639008951643 7.8110755688744 4.73695601616508
1.69405039199462 3.66872117398238 1.44891651434922 -3.79722845095635 1.10389100688046 0.739752286116702 -0.970068903457273 0.949716767715797 -2.28753128785206 0.491445781959488 -0.201948705804509 3.87787325647148 4.13599400646962 -9.68532849046646 2.62380464580543 1.47422572071208 2.20335246596212 3.7346314170688 -2.7076457575699 1.70745080802369
3.91706686739509 0.212522795887188 -1.16391776256546 -0.516371820892053 -2.34595668533488 -2.59866124063663 -4.55261632962538 -0.669251479894312 -2.67551504104396 4.07682177582183 -0.844409408871772 4.74760007914766 0.229475633903525 -13.2078612533377 1.3725065735311 5.15636050226918 -1.1542355625169 -0.227742035735849 2.13465577847242 2.72801924563402
4.50214211708165 5.53668033402267 -0.262410969735716 -1.89436574210892 3.13850139551583 -3.4501657613072 -4.01148291555362 0.69447349442315 -1.20858658441964 2.81236065986274 0.895272942281513 4.38408002180807 3.19259891405516 -2.57444479810976 1.99136241412814 2.43642366435243 1.2736805037333 4.38001057744465 1.96661684713379 2.07864723028624
1.87747526466188 3.23339154597674 0.774208383433952 1.30190949978185 1.17607252268575 2.0124077544886 -0.686534916464959 2.67461332251248 -2.01856825902348 -0.370272487047188 2.28291450711712 -0.415220680516081 -7.42031098005402 -3.18736875261726 5.69615343027742 4.02719974586239 6.13764630189436 1.32846734757897 2.79891346881926 2.14831765943097
-3.59913023659808 1.26820812371965 -0.301061356701141 -0.989858649309266 1.51273065737456 -5.24131671011109 -1.94531833551736 -1.34027065201818 3.73502198851482 7.86076861081563 -10.8768875139402 1.13326886124921 4.89990017309309 -3.80863452299851 4.80543459762843 5.21377441246001 6.48531173939585 0.864280513039368 4.12014823845663 0.559383756273041
-0.376282757454988 0.752708646843111 -2.50699522048688 -1.25431483519096 -2.3503267652152 1.82936286766864 6.02154324360018 0.686512544043815 -2.35385835626056 4.43588938133045 0.741309256950899 7.42155551164968 5.57381094084251 -11.9157808466597 2.64725371071638 4.77466072551632 5.32193698408314 0.236692377338505 -2.85006139684176 0.787966491947143
4.41136040701031 -2.03340130416824 0.144875252049713 4.01477841558531 2.265487841768 1.15855967377231 -7.02681051208059 4.33494484818879 1.50380843997109 -0.731358172693146 -1.48449541109344 2.80580784167753 -1.72985563705537 -1.21060171165166 3.9629071785449 6.75213161657303 7.00616673497683 10.1746176338357 2.40114365058588 2.44447435775574
1.00544270293648 -0.551091795881072 -2.12585800286125 -6.80876799243229 2.45515349692914 3.28345035182545 3.29567551490244 -2.66944426441292 -2.32243820748427 2.96248037418792 2.25823609901192 5.55474246289783 -3.24248987369331 8.26868611764042 3.29013157782025 0.69655059400543 3.64462904529732 1.87863069428379 -1.97982127637204 -5.84356189023052
6.32857138567828 2.64997159067711 -0.798779166490213 1.99798924376198 3.83367648582365 5.65914528124604 4.92161227744203 -0.00715515889849791 4.73977066034371 8.87510036625802 -1.9339239752172 5.85095571136998 1.17964642880237 -10.8328285532979 0.0249969199903148 7.28821902519948 2.63124632465929 -0.407095552294544 2.394007971958 -2.99602120368047
2.01342916524596 2.97975384618533 1.93261746709157 -4.05937060877293 -5.33099257970193 5.56207083583593 6.0547518503581 3.11666919138269 4.31770395906587 2.25184213861786 -11.1722318217077 -2.5620744764432 -6.43082885842258 -4.4348305744632 1.03137721957255 5.29615284060315 2.05676725930351 0.0608116608686335 -2.07084857655124 -0.0924736804917564
-3.9341491598122 -4.5174215496967 2.7162283912878 -1.5736151047839 -0.375425000269749 -0.783875277302423 -6.22966039692792 -8.00393606653141 -0.712848023187179 3.77823655103899 2.95699557603482 -4.23324403732736 2.31911354785233 -7.27784308614235 5.28157711763517 7.79360519007661 6.26075256437275 6.72917410068624 -0.290913727288199 -0.0451431638740605
9.37725183660007 8.82053934277567 2.7030555401114 1.54310444842352 1.54504222314575 5.84785421117346 1.88235275201006 2.55805303522417 0.052458904699453 3.66326703773095 -2.77196693368042 -0.396017787505262 1.25665916946116 0.561358555332791 2.83101685288482 2.32673124203891 5.2763993953536 2.44559050912556 2.32274122312129 2.31575316852714
4.19522965979764 2.8562091848539 0.752384576305004 -8.00017684517917 0.636823409433317 5.78054523578597 -2.45448722222608 -2.79311565396088 0.406508473411903 6.17129418356551 1.87740395376341 3.36857470366656 0.328563045509059 -2.02702510277329 4.97529799883434 5.43544627374182 4.26159523461385 3.198365131395 1.75134464711711 2.82560963235985
6.85847605431067 -0.34581052172334 2.02764990573997 1.26116780639573 -3.49631491702269 2.76264080538034 0.15350601666921 -3.19307440389859 -1.03054336886378 5.61624347424854 -6.93625578786471 -1.30256691460101 1.63659468410278 0.027169572006136 6.1982436235059 5.83905231519557 -3.5299151503347 7.57845958790473 -3.4842968063062 3.39275862986435
-2.20969406607916 2.44413747118049 0.479111255188765 0.0198162421799748 -0.890838079089353 -0.812687724181453 5.58516709936144 2.58827420729512 -0.141204730303919 4.93536952147869 1.91145909748866 0.566404357609134 7.34199888929418 1.35697826364391 -1.75242188282532 2.83914286783375 -3.0033353411611 -0.698618746300491 0.611576153944127 2.39123561837819
-4.63492717842162 0.230740160455628 1.46340397861999 2.97313228650804 1.30800913835985 3.2036884713301 5.02046644410127 -3.19738938380794 -0.647232997981708 -1.92949474664044 -1.13197405514463 0.575242651306262 6.00818411771307 1.94615234438761 4.44973499013383 4.59329690072243 3.60351225742198 3.84865665848685 1.69992372670829 4.55464621768691
5.30132630221012 0.00427836791042058 -0.975426875983737 -2.57836748752129 -4.22058176829779 -5.58102533606093 -5.94756782416784 -0.373518234152329 -0.552645223568083 2.50320599681885 -1.88597445429239 -1.73006898351378 -6.77157357340175 -13.2711816121485 -4.17269644970981 0.49409269422908 0.470635676249836 -5.59785224122664 2.47091897490867 2.50773887188108
0.291331097605886 3.91940883627784 2.33033596612982 2.87584578612937 1.2066647537254 3.12295325754706 -0.395223160169959 3.46640947604347 2.18241569730141 5.17507194963677 0.245193999525371 2.67857865586984 3.56778921047708 -0.257738821607853 3.0867991104868 6.9174457627738 3.74159912143026 0.223656683891944 0.249313909909565 5.9339179532125
2.18934771825741 1.53199339835572 -11.9540253923665 0.718815782904701 2.94131060122232 1.61077011459285 2.1351653160147 2.21240974958269 -2.06069050338831 4.19367105312071 0.422557783998659 -4.18018672216548 -2.40013928937183 -1.14094236702179 4.9558822579192 -1.71404071267021 4.75095808655668 4.22492863065947 0.0519413387969023 4.32997496093318
2.57701088031714 5.4703099707267 0.545538429544032 -0.428719521157173 -3.343138133662 2.28653583228297 0.0603555385342037 0.587376504930764 -0.420711489921818 3.6746525816029 1.79898732376222 5.87816516935048 2.36763295990465 -15.0938380267439 -0.410087444023986 4.40928398206012 0.123235356679119 -0.862717560060775 -0.655625008024888 2.30803174716437
7.44760013662812 6.12266078470482 -4.1118170900033 -7.47498362284244 4.84652297256849 -6.01906820707144 -0.986654781951626 4.73281975450985 8.48225792957242 4.15816330427179 -8.6691791098087 -0.121321311550221 4.06113695966615 -0.531816270190283 5.21191855346136 -1.18675331884031 -2.12583485794511 3.66234153226535 -5.41112489910046 -2.50682339483585
7.61320899394454 2.34511882806096 -0.275014200989581 -1.54665002766671 -0.823982315662152 2.51246496009609 0.443530400020366 -2.80287667550563 1.58250695785199 -0.352343325069509 -4.55948558258678 0.235932409464516 -2.43087907612569 0.444010455024783 4.10389030898123 -0.26600160901354 0.992500714330121 3.2314718576426 0.120997456315944 -1.1782141240919
3.62216761554702 -5.59030294398262 -1.04801219947225 1.69031482787373 -0.517827461392752 2.95292888611292 6.3323299281502 -2.91400732025686 -2.91852835945167 -2.53086449223809 3.94486023192422 1.81561090457457 -2.55521153088148 3.19084975179004 1.45507955907989 -1.26405722407464 -3.4099693123399 -2.11011479858115 -3.80452204627586 0.841287212958062
-3.97068119817554 6.62031201423819 1.70862256386706 -13.0801715295087 3.8812372769879 3.364440154948 -1.74397927987937 1.85390050451304 -0.421172892861475 6.40850778364484 1.04461537856201 2.19316733882841 -1.79889683820675 -3.46774801572251 11.2865825351412 5.85970438235358 7.8248935494503 6.11349526031913 -3.64039420177682 -0.04530589231323
2.06445106490997 0.62264565429903 2.32991699371349 1.37424457175426 -0.390676619079047 1.83256962733898 -1.30160329208849 1.28151744472474 -5.34455571292357 0.872438181802083 -10.4161154334566 -0.187455771383291 0.753821983075551 -0.501218779920845 -1.0891016378241 3.61891670597293 -3.61918944350463 -1.81023364970196 -4.33405536164863 -0.918273720813737
-1.76243854282027 -4.63609823183101 3.20404237798409 -4.49081284200025 -2.86478721059302 -4.89249213549479 -5.27842567757658 -2.92838398867007 -2.05152008716977 1.66543018782347 -7.49352027074278 -1.26009656408964 -0.15749591702759 -1.59754956007826 -0.666537640536967 7.29346549148905 -0.776445947528965 2.68073119457222 0.0237921422969992 0.220105664787323
0.603390685933296 0.368465930780792 1.19554375895705 1.45138779169419 0.80887655634183 0.598303675528974 -2.08355136787576 -1.30905389600512 2.03215890428376 3.51490707339704 4.66584451838485 0.914760101307764 -1.95853331198168 -5.90766124405068 -2.12452304662539 3.13931503663637 2.90158212555028 2.43932520318955 2.57955599696878 -0.410040827009497
