x1 x2 x3 x4 x5 x6 x7 x8
5.05178734474811 2.33328614627751 3.51985908095567 2.46038108350921 10.2176798300971 7.07291644382776 3.10811949129885 0.0523959028649676
-3.12555386416095 1.80777088590902 -3.24601189860168 1.98424033777344 -1.69048145475529 -4.60472845120195 5.07660148896158 9.12005429995432
-7.12800849910833 -2.95506710319147 -2.89045254436221 3.15729635097979 -5.09724025213773 -9.39475543376032 6.08028676021123 12.0720515508984
-6.22631119351403 2.16664681722994 1.29594838500847 3.37465280626976 -2.06891079578922 -3.87461958787011 9.31323624576547 0.663318334109955
3.87073951443137 0.466661015799314 -15.239523647731 -1.88232532089633 -0.271413862785487 1.23213561048956 3.60436598014562 -2.76155373360058
1.19720212309255 -2.37720020239913 -8.44867480864213 6.62424696071982 0.750731548687953 -0.97641649431713 3.80677289834996 -2.35654908400253
0.0809331161849065 -1.05094148884306 -14.2740157069399 0.134115907215641 0.346541023931296 0.526631908909958 2.19678923473761 1.77346250051121
1.62090153568533 2.86646798835831 1.13517486243845 -2.65038435869424 4.58432297312235 6.30593433025143 6.78472210852664 -0.258110026003522
-5.54712847812294 -4.67536763824044 4.36557200268092 -4.29670989754791 -6.46701209256682 -6.73597754202214 3.10342570861753 1.05919247240797
-0.115085132913454 -2.96089914873728 -0.114687183892336 5.06866061138998 -4.65375495491178 -2.88416490615008 5.31490066180697 8.18894423752443
5.56342908778409 1.56231837853466 3.02723563072273 6.00485448212865 5.41680478872641 6.90260486602478 4.05437516251768 -1.6880628565507
-0.786466420307253 -2.85042492686975 -15.1812790161487 3.89009821069015 2.61445132151202 -0.0187149947581933 2.47896746050739 3.30386098530678
2.99791534016193 -1.08062187693081 2.28273122381333 3.16099136073035 4.51043460541186 5.99757366537794 3.45880762048402 4.96887585353104
0.721138446819269 -0.731004005680279 -17.5166788423369 1.78262210720134 -0.396076347629383 0.850598691386425 8.5157690682109 -2.68913830252197
1.21866913501112 -0.506256298127229 -3.30641604326864 5.35751374236849 7.35726871901738 5.13220655426772 7.41942129665812 -1.92440559676033
-4.04828405730311 0.644479182409618 2.59750506954896 -6.43809436180517 -0.907998890582741 -5.21481598599377 7.84871189104211 -2.24870374122015
3.11733923235569 0.530254294607494 -15.0560153472739 1.89556792912972 -3.15974191146523 -0.441934861021633 4.52867500316845 0.310709204581964
5.23333239875719 6.85736941996082 0.316432532867793 3.55739290558762 9.50641736431646 7.292634398334 -0.375840661653702 1.02191750990201
2.39369642981722 -0.979765742972954 -3.40356171662931 2.65576036282323 5.73743248318011 6.49669747391233 4.21699144537941 3.80030624792319
5.36606306836904 -0.333897282073247 -6.17147531681869 1.52966140551538 3.75297876678474 5.70643099001282 0.452635743411923 6.13260211205937
-5.00091013311738 -3.39700498584139 -4.07550605804061 2.53368806265234 -3.82800644041847 -9.61897840089883 4.46800128850759 2.43541131535247
-0.173957160241139 -4.10865771133372 -3.67384882289313 -0.362207138066541 4.34079834594025 7.05784557121977 9.3348863130609 1.28011834029444
-4.80359637852349 2.87642071445773 0.995395857995341 -3.31498818827097 -2.5146338860107 -1.86141660772212 -1.19973391896114 3.89709916515395
4.18295926231253 -2.27932859248961 -12.7260396851806 0.816630264730525 -2.36341743828179 1.85074655384399 6.12617696532074 -8.7750168900213
4.5511222350921 4.74208176729531 0.658814094011965 4.75610849252261 6.71276906778253 7.96477125843262 8.45490011239164 0.20846526843146
-5.4827239471908 -5.11860654608321 -1.29190070968874 4.35976392329376 -2.76510451278281 -5.13784029538795 12.8404016265802 0.420495441509715
4.83309847445781 1.80409502458375 3.21792268333412 2.08354840739393 3.04649118696453 3.97258770592557 -4.57826669469162 4.418690151476
2.10541434832202 0.925885365761551 -16.7444583914423 -1.00662993583334 -1.64157352825021 0.117525284754009 11.0800621253505 5.66151928115816
0.963124675680249 -0.61469655097445 -9.2860467796615 -3.32314816991358 -3.11500497869155 -0.788140356150198 7.3645511929865 5.04517963750403
6.95025859562194 -3.50621244073249 -14.7839653715121 -4.30474079034087 2.87760728607904 1.99691356088177 2.48643010118522 4.89808517513468
4.79259295316084 -0.905600430813336 -0.499117848654729 -2.50170992796369 1.20259154866699 7.85323028308582 -1.81033073985909 9.12988921330278
-1.80960679153776 2.96662667772383 2.78347824857535 11.9958306389014 -4.14844319152831 -3.63784775954712 -3.4620719643455 4.18627207741669
-1.59449212086295 -2.5839266748093 2.14831649514295 -1.10599465450825 -4.18229937690586 -1.65798241802814 9.24247004712079 -3.99476926852216
2.58892201815626 -0.208585037247785 5.52910755055525 3.30835140323598 4.91279817131328 5.35413749435619 1.2690599034626 -4.28027009674442
-2.1982090475261 -0.58681512134763 -12.6822651671377 2.29063233314332 -3.64028317881953 -0.308971710276848 6.21798893452828 -1.35293127377193
-4.02910665444894 0.156767237384356 -3.81972942419623 -2.21656704754247 -3.12948974203506 -7.52791775122676 1.00451505103955 1.49103194304354
5.93049901670853 -0.375470486206033 0.199300713572732 -1.80510117431237 1.44230850475381 4.12144024677922 0.867349992903612 5.33949932748296
-5.09498521705638 0.897187475167266 2.0224289510413 0.358994266891831 -4.40612305322941 -4.80011880583613 3.78616216617138 3.24715516230141
-2.62860489385296 -3.38215054356377 -3.03504875739405 -5.59760393400732 -3.43696427460919 -7.0603472587623 0.516518221845176 5.45433902547938
3.14911981359121 0.721318330240386 -16.5474570619823 6.59237829210222 -1.43783516728312 1.83124447178665 -0.331229422092359 7.34917603988547
1.40797953850482 6.44276765051354 -13.4515931451055 3.07284329490238 0.308393001555905 2.10400841131974 4.60394950767756 5.37359847045227
2.00830022765595 -0.947259560659579 2.97507271374196 3.14269898484871 2.61311664643677 3.55152026398141 4.25103200057261 3.23587492592388
0.741971448895241 -4.04980449772324 5.22283972047409 3.0789176479099 -5.12090879150036 -5.7818926199472 3.11194503846095 1.76452462830724
-2.69535364796599 -2.86243336307034 -4.13404913898425 5.44115467471851 0.191577792806759 -6.8740243693343 5.14234861960993 2.32720967425206
5.22126605302497 -1.63598492048431 -1.98545816335116 1.23908162189554 2.41689900209648 5.10532299633274 7.31906707594077 -2.60096315804235
1.53862581812387 -3.75243536179044 -3.51044950033853 -3.55368012511017 5.36417677118404 1.83402862039664 8.13747656864572 -1.95393960789621
1.27653683653845 2.60047005029053 -16.9608270371823 0.555283962977681 2.25087571249954 -0.657732056337022 13.5198259231517 -4.63146101654763
3.22941188561399 3.90834202750772 -0.571872312189741 -2.45764778315028 4.29161949051857 6.54755291163673 -0.374710918654242 -5.07169055890325
0.588932461303324 1.9444607397678 -13.7489844190419 1.13263668731505 3.84486899188508 -0.621918416889592 -3.64257433231688 5.40345979514079
5.16801793272179 -1.7464964788534 -1.73083111268012 3.24919306021512 2.44216973283806 5.62828732445733 5.29166984336644 -0.836748482288365
-5.57702641833337 0.439298511649236 -11.4908896750398 3.43238714505249 -0.250968890178908 -1.61867157883981 9.15043675256419 1.02870764222325
-2.70217204267474 -1.66595136854942 -1.4725052704598 3.98889008651688 -7.89493494461334 -1.47751377421389 0.433692359972589 2.58163494519958
2.39961906101614 3.54734616201873 -1.3400640298639 0.167386994099928 5.85617872348237 4.37799597958328 4.54712028401667 -3.4821259812799
-4.51550971133421 -3.96634124999223 0.816687477715426 4.70464993633147 -3.84223973283305 -6.0644935520839 6.28324015002853 0.294555302710859
4.17610816474612 1.66729095600144 -16.38141023019 3.58667684453784 -1.07383941469549 0.942856993512221 3.6675372519951 3.27537886129278
2.59751344078847 0.617037593397895 -10.8293172006294 3.22947994444661 -3.78317273013713 -0.125895808483933 1.80690826224154 6.87724007630858
2.98807658280615 2.60863973413864 -13.3769272465032 -1.5226891607848 -0.00802417678880027 2.02093343511037 2.59553541070912 -2.59459640134507
-0.432204295040306 -0.553279381346762 -11.6081562885345 1.81427411659169 4.09686816666137 0.136560194126134 4.02740568580897 0.287903551405179
-1.03970224337217 -7.16860901870026 -0.0652992779031674 1.44971377707446 -5.00749482388818 -5.2327457930248 6.05541577201095 0.599952011370789
7.69736072957296 4.21411764924671 -0.812288958285528 10.0326163300192 2.7334257877712 8.99362696408931 3.27966228021765 -2.37931218979363
3.65608366169158 -0.775336294033621 -1.34918567784696 -2.58329337932592 6.69735288447972 5.22201675287604 3.63338331768556 1.94586086889442
-3.39243572634342 -1.70689366374955 2.12642201845248 3.88611478604026 -4.07676757803955 -3.23545753839379 2.81166680658975 0.0310032627508618
3.73542630032247 2.67294275836193 -11.700345652757 4.69081066719172 -3.48182917808406 -0.531652443470509 -2.72433815986274 1.53946783235323
-5.7389601278539 -0.384966631279505 -3.26885234734059 3.05195732058748 -5.0730181647933 -7.16890696982838 1.72529133474987 5.61730602989358
-0.511091590896769 -3.12134989138364 -14.9679872048545 3.75360908150357 4.04316754315143 0.619044052193434 2.7322181528227 3.51029287067258
-0.135962549264579 -0.232226684499111 -3.31183941531732 0.206541068946457 0.532365987037989 -3.45292495132896 4.51790642282508 -3.79058181903764
3.79974801898465 2.58285445569586 -3.47753937103845 7.81292865602883 1.48445962865448 3.33708591579026 2.70462318071646 1.57791151121711
-1.4363491000233 -2.39526346441497 -14.0540335210877 3.84083168397682 0.27664660520403 0.200039789236292 5.49713645169778 0.114014192825626
-0.817192717953167 -0.608432551707532 -2.72728845634109 5.03229517572691 6.60356662608415 6.39607103570237 4.02956054060893 -5.65344331485254
4.06989397085206 2.93167282051188 4.37442237918098 0.376294300698857 5.25461338179144 3.23755206258228 7.67646805750022 1.6224543270253
-3.41810865816952 -3.9242720039609 1.50823608523046 -0.32359106496582 -5.16765618015944 -4.20596634861202 5.17350700915182 0.450095171777465
2.25817581080713 1.28087194620378 -16.9327604562528 8.59545551213629 -0.0775217407005702 2.30494348664071 -4.26704804488257 3.40549471514734
-2.94194044282433 -2.44318635139071 0.415669945423976 2.41275923320045 -1.20004724409091 -4.87237112341236 12.5071866927688 0.143132216123759
-7.27299368697309 -1.28558243690033 -5.58231653927885 0.320917694261764 -5.13510156822461 -5.83171537918746 0.137167353693692 -1.77571703083953
-7.76457437886443 -0.691085294677939 0.357313274188248 3.28956174266475 -2.4640824024494 -4.79745419436531 3.33945212609013 8.20748650730481
-4.81721417835902 -2.15459221167335 -3.55625882149004 -0.226904492841951 -2.11180061556635 -7.55062489157614 5.23041795871448 4.92607360340409
6.09497036427234 -0.400507031229568 1.89874643738203 6.6892985310351 2.4379654138584 5.90364508225174 4.82180729134973 0.372534725381074
-3.15133029586612 1.47960839823146 3.2582595274879 4.44526610564318 -9.56304352664271 -4.90118535171412 3.80476255508498 -2.60991235647938
1.70421928010638 4.46267143317114 -10.3215438142663 -0.525556385909266 0.247917794739726 2.15786762621842 3.89407888999519 -2.27689340592255
-0.0675007888174179 -1.46783357475276 -3.87337709939178 -4.46689910451975 -5.38090620344274 -3.5681558230316 6.16443123186344 2.90546214043282
-1.90724331727667 -0.541948384282614 3.21607870446424 -0.345735497509838 -8.6651253488772 -5.04783869351001 7.48930936968461 1.23020979712668
-4.36243622635941 2.15263706834072 -1.63765470922552 -2.48166979008856 -4.54258471120912 -4.82304930849019 4.55840877045726 2.36710090121155
1.25710036743744 -3.2977893520654 -2.94901252157394 4.06115290948344 4.89655306261241 6.20360914479835 3.86435612246937 -0.960605856705295
0.255071976656058 -0.785376699806236 -17.0953999054306 6.14109742944385 2.65599147899465 0.185831543639067 5.31968880854008 3.74865057485774
-0.221641144239024 1.47981503296091 -11.876469464067 5.85828240264844 -0.667383873645262 -0.211782775743041 7.24268520207608 8.24077021540989
2.74696560085411 1.31469885411744 -14.4992738581857 2.16918613983496 -0.533831891597733 0.511841148074667 0.606139375873056 3.61477943066159
-2.85049597504682 -0.198997161275209 -13.2760880701194 -1.66058042769625 4.77893226299715 -1.70123613695251 4.49317020360324 2.21986053966504
-0.713445438522422 -1.44565996837819 2.53614792923854 -2.06005072790189 -5.16290511274737 -4.15253117308983 6.53264619873151 0.228416083991854
5.52263709494966 4.28438158497762 2.03849023078467 3.20331555366595 4.929457482645 7.20382935895668 4.78531017981359 1.61901744199397
2.17855997812415 -2.14080459971487 -0.00029890951833289 1.98827193990026 3.60940284114135 6.38849633022068 4.74005927829071 5.19267924480001
-4.48463610881197 -0.746031648330077 2.18497663138981 5.95222756159651 -3.79416694093554 -6.49690006784494 0.716311830822819 -0.586465316294057
0.877896994509257 -1.85950109459929 -12.435966979102 7.58427036560327 -0.953874954669623 -1.95216395129323 4.63929928965772 -2.66773247489017
1.29820892591449 -0.647507235990085 -12.8541675285662 2.49472753058796 1.96982447542997 0.987615296753355 5.14567177855251 -2.34988328369742
4.85684518805113 0.626461974021446 -13.5166888036282 0.893916577134647 3.74348802065716 2.8418361384414 10.4046891970335 4.11844956237115
2.87175190632502 2.29540191925638 1.20544298805612 0.00582333909205635 3.78049052186385 6.81216009042551 0.578047692920326 1.49296913068699
0.480510228932286 -2.23117181967619 -14.4189594539583 3.59191302768532 1.90284686957233 -1.24393408513896 3.99049989783543 -1.90970078661676
-1.27630501855252 0.41972446670377 4.43001748149605 -1.03124976771043 -1.55379270551198 -0.889286945856854 10.6319657634204 0.37082976581593
-1.60345483140458 -1.90069172331443 -13.7068818230779 -1.62958518821409 -3.01871502083643 -2.65712684415833 0.0646044773265926 5.96752116540731
-0.708127363602615 2.41664907544823 -12.4008453305272 6.03306580193399 -1.11936678038943 0.0557952275280849 2.21235396998575 5.45027872901169
-1.98294487070804 -4.04170217212632 -1.08791195619986 -0.562015639253387 -3.11366804573641 -6.75591071637476 -4.14585244670892 2.80593626120046
0.719718189484235 2.24752495920193 -10.9620458059621 8.42297486328902 1.36433302769885 -1.27698605329975 9.97134680058367 -4.24954232851182
-1.86195002919071 3.40221280129411 2.15098252588187 1.3397923322736 5.02571607504425 5.3356814599804 4.64098851836454 3.14075134054199
-0.60999023168054 3.10453824600197 -12.0769889117592 4.36376252208096 -3.22368409018214 -0.0460031072819928 -0.573653044881982 7.20960369275406
-2.18771900393825 2.39392071443521 1.96529224903405 5.84701395138142 -6.09825687531522 -7.30709191684334 4.11226848875323 0.387508093269105
3.68049945742167 -2.06031904263854 -14.0994767168027 -0.572118089871299 1.2366551040028 1.11259676612187 0.354667516809382 -2.16781713990248
1.40497640647612 -1.79347933627334 -1.8024381771637 -0.14312490294292 5.17019198832942 0.569828492658149 2.23437472738567 1.12888211996185
3.98412953735973 -0.444513898785161 5.16824195327497 -2.31364480852067 7.54370837787703 5.9273237514441 4.04029839866953 4.56532709125708
2.88440534720888 0.33908786625869 -4.0215119425768 3.27946937760343 6.76895055851813 5.31424731176558 4.84666501163187 -8.79348445174583
-3.98695998679199 -2.34983379582722 -0.373684491660305 1.47842043219657 -3.51522453883978 -5.80661950959143 1.21421260880004 3.60869852691678
3.98142129603204 -4.95093733738986 1.97766700770672 5.6818929931011 0.871359703196048 4.66639626861263 8.86102989354957 -5.496052924699
6.27809963448939 -4.01848384084454 -2.88607446645132 -0.552235691321123 7.04841949194685 5.46270494641139 6.48629475729521 0.738826417755423
-0.349566294088935 2.0823748557167 0.869786717119232 5.34161132571833 6.37390838956884 6.71705169636249 7.19876487184343 -6.19763497023496
-2.09512973379061 -5.00445343912245 4.45082797910869 6.50795361355041 -4.05164732804173 -3.72719174856364 4.96572568403837 4.65998057231429
3.1467706011257 0.97292856808338 4.98419707816877 -1.18811410016266 3.5745365363114 8.57359270256217 2.51952370773325 7.04075331407631
3.50688196526865 0.957123317621709 -1.5562741736043 4.00751331723995 0.210522146677231 5.10527287764969 4.38768702336015 4.08986206476762
-4.01830118800685 0.266415473190238 -3.82569560862054 -1.06555473551467 -7.17863577199768 -5.54071761918452 3.14418117555113 1.8106511547003
4.26733075389855 3.30612043977267 2.43270714180433 5.29102862913051 4.70203523713866 4.01669569216574 -1.30182637492246 2.56185751129218
-3.20038309867253 -2.25494025582263 -1.06581085853474 -4.73805895551963 -6.16080045934043 -3.26983129429759 1.98141918707131 4.03825019962962
-4.03897195403666 4.55839973188482 -13.4401044974711 7.06188380054495 1.9225377068464 -1.51324102968228 2.1386306407917 9.34392670110045
4.34520759894205 3.72300785069409 5.9637961496 -0.14449523551626 8.2871127724681 5.36532786225081 -3.69028664088281 7.91244146858546
1.93883766855999 -4.19240310500126 -3.97049938298876 -3.30720637532101 5.7205743587607 4.27209765488715 10.6495668854992 9.05799596635959
-2.5911510532867 -0.237277273827073 6.35715157286725 -1.13974352999367 -3.93249082556656 -4.6022638160653 2.62367711073724 -3.01515872188917
-2.13528842923342 0.723287534678514 2.39162597674883 4.39752906025077 -7.23521013089715 -6.00562718142793 3.42824367135999 3.59358408434476
-5.26135633061156 -0.142532344205362 -0.246025939548709 3.33939919910614 -8.72772379936962 -2.6955997664943 5.19060980516426 7.02435012788759
2.68597564683782 1.70191425469307 -9.09659057414042 8.50148728006026 4.83112992343573 2.13525611328431 -0.238923873071408 4.16928814158512
5.49279346540177 -3.01228439789421 2.61810615250374 5.17018915247353 5.43865111014563 6.9984610830006 2.37395756485319 0.994750061631697
1.35095755674281 -1.26370252578016 -12.3822976640665 3.25470137815263 -0.309638378108765 -0.146113892611304 2.6046802382958 3.38061854400456
-1.30719401870617 3.79415356125848 0.0991973629019493 -2.40334212950879 8.12227943892868 6.2417631940772 0.7791850596661 3.87460584800966
1.90031583658988 -4.04553270001303 -12.8995821666809 3.40219152584356 -4.26222556488448 -0.210196070034575 3.14337489999609 -0.669601855340557
4.18979671176637 2.0760639629502 6.35500898515922 -1.10383121020367 1.46494248116675 6.05218936989071 5.73868403826458 -1.08651381080268
-1.04486971358602 3.01265897432964 -1.29437533862242 1.77169881197418 7.66655448139103 4.54324625777619 4.11045655158488 0.285927277867766
-4.27803534701106 -3.77893944979606 -4.74875053246824 3.84743011876183 -7.42011605179513 -7.46554847045809 8.07917021742418 4.12099467520948
-3.03772818525015 -2.35524960181897 -6.71743443705124 0.832129006076548 -6.16919909299169 -4.89096901528857 2.4632440489409 4.92431249460092
-1.82665064235696 2.35062166127233 -11.2271173385789 0.299871857494472 -4.39011137209969 -1.41075776477053 0.303947600605695 2.94652203201499
0.329003565458098 -1.46402942877581 -10.2327771292864 1.34966406282448 -2.36349348882417 2.77131799245782 4.48486446277248 -2.72838020100984
6.49851241214121 -4.02854101002444 -0.34170109995269 5.78999221158995 1.75596559901088 3.4743129700346 2.16414902753846 6.12410157413268
2.52234147269121 1.60204076718454 -12.2819185474574 3.33705054861915 -3.53525012804425 -0.910409536849278 4.94832347144161 3.50205707192279
2.03426636353461 -0.749733553027139 -12.8906671307154 2.59244179958911 -5.80595092896875 1.27174234713992 5.63867955824016 -3.04980421112282
3.63470972477598 -0.2451646194169 -0.878389344735319 -1.74758615158661 8.66912976475066 2.81469031165134 2.89184066365677 -2.10044278896029
-0.983254575193527 0.891062921495845 -13.2753285453459 -3.0162220676126 0.234545346894747 0.388773050758445 4.01557278592692 9.90174170340327
-6.98176835420219 3.21064693057876 -1.69393295675883 7.04822138217847 -3.44035211693875 -7.99368786230656 -2.17775631908652 -4.29084879298374
-4.30666600258612 -0.72975356269753 -14.0998517703384 1.28171380772676 2.32116964793449 -2.66117133904959 3.45618198940616 3.94343428286181
3.557827104992 -0.394289933423525 -13.2217203234692 -1.1688082142509 2.07703765461381 2.21899855337121 2.75797332505004 8.02901804156233
-4.74658101450338 -1.21669049043838 -4.74553829896497 -2.1311695646984 -5.7243132418987 -9.02998279739343 4.33533275636439 2.43177525037766
-2.47382533527056 -3.41589450825925 1.26004868324411 -1.1951757185138 -2.85993433600388 -4.14869398637075 5.19373167463165 -3.20788035427882
-8.15030038488175 1.13824792482997 -2.11795162858649 9.83460147005334 -5.35356203212728 -9.3950182312246 1.18932972021002 10.7139070169815
-3.93848254266655 0.995740097546156 -8.74641989948769 0.541781823577298 2.19449324192393 -1.94032716646356 4.93078246118699 4.34312567793362
-4.09011836564381 -1.10416388748226 0.266816262000534 -0.755387417236081 0.0391614298929435 -5.71624173428486 1.57608416898947 1.68754440880093
1.85442095726694 -3.32238482203815 2.30693680316685 4.7746873256163 6.51993326521471 5.78200607617462 3.80832199906142 0.550293300283148
4.38865417505137 2.98441950654528 -0.0963285607911865 1.32698555782595 4.61349376047738 6.78951877358767 13.1846375401331 1.91194263136318
