x1 x2 x3 x4 x5 x6 x7 x8 x9 x10 x11 x12 x13 x14 x15 x16 x17 x18 x19 x20
3.47060949150935 -1.73670247460136 -3.81079103134256 -6.14547617146261 -5.64929338092497 -3.83544372969879 2.69230024687967 -2.84313265689037 -1.6352093577835 -2.49144215003714 -1.59271379815702 -10.3691232766204 0.587184651809141 -1.05181592259296 -1.5387321125607 -7.78867950345153 -1.95693461302863 -4.36533459383093 -2.23394201198691 -0.397024809138407
-5.77955837281214 -1.66258089209258 -7.34611984761418 -6.65411409316707 -1.34773228145819 0.0565735373353539 1.77148836133674 -2.55376991864129 0.143016293289584 0.79469913419094 0.439060228096547 -2.20331792643838 -3.96832554173787 -1.23088273031707 -0.409068948968559 -0.854899071597538 1.10614206470415 0.431858060374256 3.71019274581958 -10.2575498215985
-1.84808909220426 -6.34623330360172 -5.7128540126724 -1.88585140315707 -1.46650733830286 0.165152180739185 1.12208521406601 -2.01399679467533 -6.35200281416703 -6.35437034772854 1.34827519219366 9.32921686063967 -5.50350252690724 2.08811061029408 4.782374697363 -9.44585207210683 -0.153728473791378 -1.62676507100806 4.72326686416081 -3.79229259057862
-0.16079871487567 4.26913855143465 3.11680985216788 14.7277847754062 9.72815707929409 -3.26503524795974 -0.283559047484816 -0.444374794123702 1.91519245645106 -15.5780997601282 2.49837655201274 4.16353067243533 2.34993716560599 0.633071009098468 3.660263428124 5.07922696808862 0.276861473883632 -0.807532238626803 -3.25769876774266 0.442210652071277
-17.8474759195391 -3.02551709045597 -7.33665328926748 -0.674362541624079 -9.92864333695605 -4.16795414085588 -5.5777659900341 -1.97564098027322 -2.44108149636708 1.33134900902771 -5.87556553258074 12.0621943948219 -4.18737587170133 -0.210516847276847 -1.07274277661632 -6.6989940494401 4.11350232676535 -2.18905408803886 -1.57903627374204 -0.793732475451339
4.27790262499322 3.89768333480233 3.80743461620953 6.30496783962707 2.67637428435088 -4.11061597473819 -2.40540307486519 4.72151719925146 2.246808714193 -3.78791156045872 0.789125750206365 4.32296554472694 0.591730990623838 -3.24351229381913 6.70747934574091 2.82215818281424 -1.63754365306918 4.72362778277845 -5.73928121233739 0.558158807628438
-3.00930574922044 -6.9687790627452 0.102528372988216 -10.0031760952528 -8.85661167757807 -14.7733083141568 3.10543210120998 0.219398984645403 -5.36571704214285 -7.7032809393831 -1.51141836914366 0.921834277390266 -7.60197253096926 -0.479441796328093 -4.00567608254883 -3.50271582335201 -1.11713642828889 -10.5487879716216 -6.74036475167181 -0.87131930421028
-9.16170574581951 -3.51759649108772 -3.73528581657511 2.00553677587436 -7.62721580412256 2.7437984913573 -2.87693082098822 -2.24099919135362 -4.25198152440303 3.7525134418297 -2.66670648053563 8.49452723497269 -1.68638930668846 -1.8238120524408 -0.791595634983336 -4.85705480004012 4.87574551638725 -7.09353607408034 15.6074957460621 -3.27335577175976
5.49041718498856 3.69150285357296 2.26098556216366 -11.0986121267032 0.582688076065909 0.162577015351249 7.32079489472571 3.69853476074257 2.91641211305313 -2.38121916239959 2.01308238326532 -8.57984514093502 3.76123007940638 0.756277229071611 1.16970854008978 6.29695484501212 -0.205055230964973 1.68317691628771 -1.3856752986749 -3.86639949629262
2.09604072111369 -7.76281578756336 -3.97688762244343 -2.03694591994151 -0.577828582429004 7.60384216719645 0.0767903084498694 -1.14596784088836 -1.57560863541744 4.49854392613657 0.789290228441043 2.6971943279835 -1.13427627748618 0.542442034322269 3.62463226464349 -8.91375197369923 -2.17474689249331 -3.63310073714664 -1.0727277126728 1.69744516671735
10.1349428225493 -0.36832161784832 6.86532569574125 1.69268415321351 1.77726256111969 -7.42991807491733 -4.02032145340219 -3.70876998407341 7.04381026712953 -6.90802147278882 2.38614458671509 6.23321129377619 3.00322185283878 -1.12696761206049 5.22951191213469 3.75802029783917 -2.6011351485559 4.98288167828427 0.573372078442287 -0.358418711778677
-4.27357917414102 -7.67085730689413 -7.60143846648841 -3.21812714971558 -5.06658479679857 -6.20432983795977 3.3363033422326 -2.03944824492213 -2.14228083177118 -11.6919177243312 2.48883561053999 2.70280735095699 -2.33901984208033 0.56854345637678 -3.04191421733267 -5.98482400545445 -3.8172761061587 -0.962621665008774 -4.66952986318727 -3.54595651588673
0.664364951009644 1.07156548813657 0.918117574015302 6.83957092029452 3.04527288627689 6.89932377517852 -6.64298263759079 0.399851655678596 5.09250514794159 4.09447557768045 0.169779196596507 -4.05469557122592 3.21887955834523 -1.60236112893234 3.65462718736128 0.505208120554613 -7.22094139540451 6.60744748798269 4.57453947610367 0.0549478637634811
1.13419220406854 5.75747796183686 2.49584869472392 0.0916739035218119 1.94165708798871 8.29776259022092 0.667059811826107 2.45648203838962 4.35010973237019 0.318915549049807 1.96292911859133 5.68497976920445 6.30110811984583 1.59919279061736 0.407616603901694 5.07055131324673 1.35710740093488 2.58477760270551 -0.703284128268124 -2.4176690069314
7.24124945909257 3.10032054157874 4.18842647304177 2.67466331798147 1.71672261967574 -4.56926574339129 -1.40225382495553 3.19600729945332 -4.15493805007327 -0.432330304350288 -0.696318570289935 -3.5036015468489 2.9676075790397 -0.57977044102104 0.472920314566831 5.00128412185524 4.85792208478335 2.28741144605091 -1.92615311746702 5.41181088222703
-2.20623349320748 2.01728244607204 1.80709334822713 3.37757667686754 2.98961253458167 9.07817371894689 -8.57516632260381 2.81720042756838 5.24961511670023 9.07827243766192 -2.92810989829746 0.00653551928502664 4.73364778398849 3.68224854830628 1.74488718215703 1.72213602168183 -1.76498707124706 -7.3395341812025 -0.035276950990445 4.05395767574782
5.34963562378855 4.24943549509596 6.35401113205814 4.96993242067288 1.54393689167649 4.70540987871823 -4.96988150690356 5.46253399828081 0.782190066606975 9.94033695255041 3.80482346734064 -7.93968152796061 5.22632545696601 -0.00825861287697455 1.97278444334024 3.92591484314659 -2.4929199798237 1.24983473361999 10.9637970608462 0.860148972804704
1.68328454740299 -3.85762647045123 -5.92340433309627 -7.40636142082554 -0.0862252259691614 -0.474479136932116 1.05198911059414 -2.82174047295911 -4.47703249259712 2.14287793759547 1.70627310761181 -5.58010188904279 -4.72196844798401 -0.361219187208906 -2.7886781939229 -5.2736765555113 -3.79996058895546 -3.28952510628302 -0.122557458850385 1.07181281187996
-3.01335340909039 -5.16480028983405 -3.75517358032942 -4.52883422557894 -4.54454873335497 -9.3742340190929 -6.32683483036158 -1.96051691731519 -4.25023552794669 -12.280937253372 0.744596365088854 -1.57240548731638 -0.805642912448845 0.809162430750719 1.40679758751895 -1.56749919539132 0.635965428290252 -1.07039219195868 -5.50809440329481 -2.82368027584855
-4.33182687963614 3.08726384106872 2.49413829245028 -3.58159316887144 5.19596168244046 1.89336079253187 -4.91405754606384 0.73385945324423 8.06914510257548 5.70790271809497 3.8498842919547 0.470770030216766 3.04036116448 1.9012945609464 0.475262535731711 4.43895330459299 -1.48121770019775 -4.37957169781996 -8.26521533887477 0.799343941307975
-5.18573543857436 -5.45785678480306 -2.2009162456765 4.0473979423297 -2.91776973368871 -4.26191564951041 -11.0224492311392 -2.22843107995268 -4.4190440093067 1.91512647328095 0.562818355540638 -7.80880869479748 -6.36941042498527 -1.35666523450603 -4.96508418386411 1.68933204055185 -1.06487563317542 -3.81555308025877 0.489015561034695 -1.00156724720964
-0.626239973379006 -1.10375861868222 -2.28044527192337 -12.3259238818282 -2.78092790849024 4.0210580796326 6.13081764251683 -3.6984379239198 -4.84110918521544 -2.1155101737783 -4.31593964738063 10.1314115557861 3.1417695468002 -1.33728983879049 5.89992615888712 -10.0287977336801 0.374760502695789 -0.622081953634521 -2.87314932133259 -10.573837211803
-14.8133498372489 -5.22255944577572 -5.76630419019184 -19.116579719487 -4.69046285424308 5.48684898077119 -0.813362905823457 -0.990909176310125 -0.735874860310179 3.28925818673294 -0.223735887934211 1.42521443155088 -6.65166518872998 0.9466318683086 -7.37173900874334 -3.0684040199527 -0.209450651581299 -12.1986006762931 -3.0100661596542 2.99351199527404
17.0986836549987 4.2981915927987 1.09510881714162 -8.62639800310963 5.09724929050981 8.40341047563989 6.0412069778074 3.63284179707045 -2.24486042607207 -6.50593561927545 1.11368886149245 -5.74088058577973 3.76967763078281 3.10440974155165 -2.07917874289195 3.08384635715432 -0.268338742928397 10.8490951708544 6.51772938909641 8.24723706877208
5.40883294577477 4.62009030548219 -0.810671955047487 -6.45562139806341 1.18189374383555 -4.53377402827667 6.9725210972349 -1.28421687876185 5.14374604256814 -5.82154665528397 -0.943141439459376 12.2010352484855 1.40489910746408 -0.798141146192384 -3.86012004172407 4.95056657630498 -5.85844207357048 1.09957279096038 1.25572051560866 2.16707387687669
-1.35384892840189 -4.15577277491645 -7.1109466603368 -16.0963154121361 -4.2455421361397 -8.26704562627055 3.22606013506737 -2.45021909001465 -5.04734314944018 0.881499542848167 -0.231996327914162 14.6975905442502 -0.444127252376367 -0.445671153273029 -2.1303669054032 -2.82724342514375 -3.42858951873325 7.5069402294852 -9.54393221770083 -3.41134637728807
-6.36751901110093 -2.29104185565294 -6.3687571450732 3.51584021365082 -5.7873743486722 13.6640636746089 11.6394462523814 -4.00376507086375 -1.56998815358607 -0.833380170526322 -1.878961220385 -0.551897657573145 -0.131025518231976 -0.0643546307371854 1.91080291450484 -3.56164769368952 -3.60933894594623 3.05500810557321 7.19468277768579 -5.99370973905176
-2.03750366023933 2.34277000749231 3.84488367059693 20.8075453239586 0.382284555047383 9.90669008057465 -6.40979248006702 1.17914669969787 3.66214513494129 -0.825554028150928 1.9114495906781 -10.2867585910402 5.55611360381279 -1.19323189172769 -2.83888973677176 3.24666150411469 -1.14865922516899 -1.28469287853095 -2.18465513277951 -1.97543886348821
-4.69723296067238 -4.23730708748987 -1.6268601806929 -8.97216359873967 -5.29512048908251 -0.695244525976554 -9.03700078815922 -2.72597230732126 -4.74630582851353 6.71939111374939 -4.03040947238073 -5.19062231921709 -1.43363079905089 -0.0773563837360375 -8.85224413103111 -0.585928322266902 -1.28013358961484 -0.235742077587674 -0.773622663742881 4.5678455280102
-7.21206210520588 -1.49940687813549 6.5483181920188 5.78769144834801 5.67052240166137 0.128035681825364 1.68212052646847 3.97575347697784 4.7923349612578 -0.175816509107447 1.70381628878226 0.0520567107531451 5.54993239298335 -2.71540238767065 8.24581844674034 3.00204698442118 -3.64015769898224 -1.98848145809323 5.39328409114029 1.23855727477994
-3.36261755879737 1.30570949312702 5.3066322077586 15.7481718860007 0.980262303419816 8.11818197729633 -4.75070740164694 2.1076188006759 1.92591560342735 -3.49825149171998 2.80718231784502 5.63849599493241 4.37338350725103 -2.52772923515951 -0.936556997115298 6.44048340182431 0.809581904498595 6.22259687389697 2.19419671249092 0.76246620311219
2.57953038740509 -1.33943190393741 -3.83830500977808 -1.24812522679339 -2.71776874235852 5.34372124368042 -3.44859537978887 0.564451178843266 -1.61000222163611 2.06096871421546 2.97337378977985 -1.39203006863501 -2.87637073438731 -2.01586013779201 2.30212094272305 -1.97028703591466 -1.06102140774618 5.4785711646668 -0.226011580816886 3.75907564279814
-1.54487326775722 2.76343033623194 -5.05904519424254 -8.58818921716336 -5.90868059043754 -1.34367618425961 10.2364707485928 -3.34755455886474 -4.20579810685959 5.38918496158323 -8.44572776885347 -3.44118633103135 -1.0707328007256 -1.69881714658846 -1.25447939565061 -2.12479765653974 -1.87304016833076 -1.7849929565242 -3.50691074391912 -0.425044712636666
3.64840343949992 3.59714603482614 5.49278647419397 -9.5715937825926 4.29484126875015 -4.06040733510014 0.307219525009715 0.0762910075420611 6.68143377090041 1.64336711423126 0.367907652478654 1.93579436136481 3.7721593034965 -1.11202533375006 0.642387224231435 5.70134770930482 0.75847783935157 -0.391862444193701 1.27370768484361 -1.2587889589689
-0.985300405141444 1.19095062987799 3.02456869582511 4.29187211916406 3.30876392943669 5.48878698974199 0.330184981764472 3.64604098409841 4.46890770019044 -6.26332491916443 2.42498487959677 -1.9848324260519 3.81828076731657 3.21682002543213 -3.05344251628469 3.89256718125482 -4.85135177651106 6.70699508212766 6.34275408595216 -6.06869298619682
-8.88807496346606 -4.45732005536058 -6.51996531618886 -9.78816874378633 2.48866663301424 3.30834806745152 -1.56571279476406 -1.78673464893239 -5.96559573857145 -0.00763269891724397 -1.93705893521488 3.48675152071497 -0.650416863135505 0.604816053053824 -5.22910935032607 -4.49490934587963 2.36546578359705 -0.527187959210136 -0.151664859452666 -1.82970461155953
0.0193913926685931 2.69218223902088 3.73775267271509 3.82353041289542 1.47470787268181 -1.53160398527077 -1.75765781690458 0.964412871238262 2.91326019645234 3.05968236852161 -2.45275314850006 7.44581847548522 2.05022544508709 0.0110106832790498 -2.09863604211928 1.24244995444627 1.829084642723 -6.61454528114687 -1.5399174813964 -2.89593742931631
-1.66354313729241 -0.76378441054941 6.06884555914829 -4.87077553958822 1.77919482677535 -1.45041882470497 1.22045693983651 3.30735062331717 1.62662910963936 -10.6451968859809 -3.53855488795761 1.97851691851251 2.86421720417056 1.07325116563437 -6.63376113817114 2.42253542104533 1.48775172803051 -4.81150743725088 2.1858037794815 1.01447507737598
-6.9651742541468 -0.960697553243932 6.27713072081618 3.18127803958535 4.27732575667171 -4.03660540787043 1.44135844284348 3.49162207113692 6.13868677862937 -6.33360127066727 5.97841005410636 5.43879836752286 5.99432566227549 -2.13257401983362 3.1190904251057 -0.491681215504485 -1.79962097515481 -4.05733869212513 -2.06639621680098 -2.90776366286454
11.2263804702516 2.71663765395946 8.97269847616307 0.595024815394794 0.607180293036939 10.5242305177721 10.5253263097771 1.20296390016376 -1.00600103803228 2.99898591149852 3.32888288276094 -11.2622902852622 1.87813175721537 0.3687698620201 4.26144623254114 3.05002079565376 -0.0768553477021583 2.83005428647853 0.392712341680751 4.9798296300722
-8.10088560595497 -0.0256168697026817 3.70978414011718 13.0166826909949 6.23374879522758 -3.01041612457007 -1.25954694502721 -0.993320658228662 3.64523346528915 8.65585006372871 0.934291308567519 10.7473000123428 1.01326454726237 3.28475424214398 0.507846760762912 2.5388038288648 -4.47108540634429 1.05283581603567 -1.32304308390379 6.40792525630398
0.926464821254263 -0.264101328395024 -3.37736710614808 10.9502169612489 -1.58859282572309 -8.58600984953825 3.51517947482312 -0.593051822438396 -2.08129995470145 -7.19072577840911 -0.817674352293038 0.526144159444025 -2.06391872450688 -1.06253252575616 -2.07652416912543 0.339689775833532 -1.66355350316754 -11.1751790253304 -3.34698249698188 -3.19937474791141
5.80903810087557 -9.42903486217333 0.727907913257595 -0.461778518329058 -5.92267243964916 -7.67741455934069 -10.3369803213296 -0.625126532682382 -4.79902037991335 -3.88857104244825 1.17830401360352 4.00810983008652 -3.34144248411161 1.35906825744501 6.39254280910025 -1.90816552293401 -3.19094850645883 0.31751584854261 -0.213725631579166 -0.441113006923946
-10.0407159152547 -0.179336378530717 -3.24588313795634 6.44962191274181 -0.763148585492475 2.67732794011924 1.69989252981442 -4.16649298411304 -4.93207941908346 -8.1999171129307 -1.99246030532223 12.8217119614696 0.48235071312156 -0.41304522736905 -4.92779956930704 -2.48836124732361 -4.13893368733702 5.5784273811169 1.80046933368283 7.60704623047257
-20.2476929732314 -1.04114261515885 -3.38807906431018 -5.38799225023757 -4.30431987878561 8.32728165184445 -3.91899807929867 -0.982902669977724 -5.71795956168423 8.8879960155866 -3.06154697388285 9.49263563475094 -2.90597454796761 0.214166255420722 -6.77161618983413 -3.76030397999835 0.701047419603729 -16.5771480711891 2.91688100942671 -3.98750918529102
-3.033054379019 -6.41948000294503 -3.14374329471148 4.83353248279326 -1.90309447086936 -2.76140076010516 0.178462846551275 -2.24241052934139 -2.57528031307752 6.095121687686 2.99364069474667 10.2795353953436 -7.16878686123332 -1.50421643528734 3.93051734931684 -0.984058748808494 -3.9925080607281 -3.51631984174579 -6.33861452732337 -2.92972795700892
10.1297401507131 1.4338577632268 1.69229312410853 -16.3721504020817 4.66935314608772 4.23788754900586 3.00800688954125 3.22585637900525 5.38130313321739 -1.42855190038005 0.321942584986733 6.61938549682561 6.02878215990688 1.75572896396363 1.17683882744749 4.35048028724668 4.4123333245288 -0.0249530163725807 -0.482733690821319 0.0407966391296906
13.6604332098929 0.307350147920119 -4.33691661329152 4.50187516063146 -5.7719914491215 -10.778105430276 -0.320557731487819 -3.92574090397969 -6.4486336955831 5.93445491867627 -2.94658856987907 -3.10754063773801 -1.19056883125851 -0.60500714615379 -0.782782535212929 -2.16105881791203 0.287922116838385 5.48644757774162 -3.62859090109942 2.32090573929585
4.98555034590656 -1.20251386319011 -6.38072137215527 -8.39752059685731 -7.74505088297033 -0.558661153644661 -2.15646229491203 -2.45284493429191 -3.78237186344655 -0.670381259436123 1.63694000410098 -5.75627412106241 -4.24931490238636 0.570532707478748 0.24554082954827 -4.43276857650171 0.305467117422408 0.0187753371612045 -7.3914053061383 3.39831701461207
7.62492666231273 -3.99636817205368 -7.58544113138193 -15.0689440395341 0.424475280798106 -4.39793124590463 2.3729003988536 -2.44844269143254 -1.43820015695489 9.17924736298349 -4.37051879733049 5.98433958767688 -4.94009652410994 -0.217220782049286 1.84373865396511 -4.10820865313922 -1.42246981202752 0.519407166373107 8.63659224522841 -3.49142504289085
4.3599462776516 -5.32843465662347 5.0826297917065 8.31656846497078 4.72434987378474 -2.72249322048827 -7.31519964836398 5.51935105324525 5.77715275290877 -3.55124910659245 2.81883480453978 -8.48305863823037 3.21756737646996 -3.03176426790104 -3.02273029170007 2.28980151274908 -4.08775098432536 -1.37357307878617 0.893373438037386 -3.66899956367007
-0.943840269456792 0.514722985220171 -6.71110939381482 4.30160691144728 -4.99150708855911 -7.29865770919315 6.72649992859933 -2.02858389790488 -3.65221020854319 -3.60792094916824 -0.532309806603895 7.03076772270562 -0.381214248171918 0.749988713971189 2.52019252506739 -0.517438084993075 2.72642845877663 3.41011737665437 -1.08664418367963 7.71062676699862
3.49208648206127 -3.27150422640446 -3.92553503750325 -9.81020352355282 -4.29467604375268 0.780733644979266 -0.835023878048153 -3.08172591743149 -3.49354400643509 1.40228276479984 -2.04711405291892 6.9628333647582 -4.72018547086695 0.258624951094682 2.80830930212738 -0.628806422894943 4.59081297460037 2.92859624624025 -3.25127838702229 4.63421436073233
-5.17781658421939 4.619603778619 4.32502261761278 -8.53252178924424 5.08505727368107 -4.36728785027863 13.6499706141453 0.526622306720202 2.32613178949848e-05 -0.17068237056621 3.37741753538888 -1.90133853943853 2.90742313165251 0.468761798249613 3.15671486361509 6.70426721473427 -1.55263219289064 -4.24295961023891 -3.00114281349632 -1.13043190684659
2.4986578046038 -1.40866981688264 -4.15969162330679 -14.502146901747 -3.58420916063785 -11.7408087563986 7.80593884953188 -4.65366736709329 -4.63929206370168 2.69605387249565 -7.03566335459939 15.7952761363348 -8.44210454536636 -1.15024238670757 1.75747521343787 -5.01385178732941 -1.94573064307288 2.39117821337933 3.48787119858671 4.59793515858861
-2.23785480926383 0.892565994565439 2.97727489148403 -3.18757091430388 4.02827420397191 8.89329173362644 -0.676952582382847 4.12234860921742 -0.71575968905757 5.44924984910177 1.86017066102624 -5.90935467450482 4.56269369029602 1.55508429751994 3.47082083001591 6.01342974429387 1.52367769715223 1.86898982345652 3.11958937748036 -1.37205542305221
-5.82872912744606 6.69133742809893 3.85058155667956 5.33673443648613 4.45913319807259 6.28418453771958 -0.740894530803361 3.08791190760439 1.34302346568323 -7.72068866673541 -0.833366161471111 0.798720201326099 4.14730911005552 -0.705338134594462 0.893920263849176 5.50441815311182 -1.95270313873516 1.51102821088187 -9.59601733657163 -7.29110274133755
-1.35920611943717 -2.1499344867496 -5.62149271539004 1.55489065563474 -9.16404969493469 1.53179762793227 5.7307714202666 -2.6128583224989 0.0186742691013091 -0.448600119402766 0.0556853540133998 8.91704427178571 -6.40139952953369 0.617468349411088 -2.15486025132664 -4.44209747432069 0.787634103691096 -1.19356517912633 0.122373367113552 -6.38649532803799
-1.68785446849164 3.52744395862072 8.41999852294528 2.66018529327256 3.33649406062071 8.48013057040231 -5.85004355549643 2.29680815633932 2.41495137604715 -14.7615733407196 4.36362482961569 3.25807562316914 3.7879369881324 5.55440351527391 0.400919734804422 5.22859215243458 3.65052079057627 3.49216864198028 -4.66066347882429 -2.64301399600918
4.12420678798824 -4.96085051772215 -5.39697981392142 -10.6818000514905 -1.02492750077503 1.68888757314182 -0.680818350547766 -2.03425514095014 -2.89778034302382 -7.17738516440624 1.95529085416478 -4.21355970801304 -1.86891120968567 -1.40264166995202 4.57446324516817 -6.69199577068856 2.04644537881783 1.73943479816469 1.88879328600215 5.29454914250971
2.8577650351535 4.48784828496899 5.55821298754009 12.318646385603 4.94483037951435 0.754989885763343 8.96633128818443 4.78968291269942 0.278635773265009 7.67561733976343 4.60973279574159 6.81512574807163 3.03836043340009 -3.89129479617081 4.73931102016071 4.54656510698813 3.37439492587629 -0.834234806868636 -9.04759763408922 0.332126384745078
-11.8723524694173 0.605452208631743 -6.00833817237001 -4.43045098744829 -5.71852597026236 -8.47617662229217 3.17517523275113 -0.129070071784211 -4.97945895782043 -2.38880646053249 -5.38653322499851 5.92577450506738 -3.15216491616505 0.562636940877382 -4.33594832633001 -5.33227967131211 2.47753628705897 -0.367274807934969 0.106621133524033 -4.84593088566721
3.28401584316855 -6.80960554098942 -2.31262112907049 3.45363813906225 -0.539712871216607 3.19182134285259 -1.93286825120252 -3.08723741527158 -3.41191119920305 3.9008611172353 1.42484712546344 0.165693332447236 -3.14337552260591 0.786825417285246 -6.47054095741715 -6.00586483384087 1.00836854743376 -3.54531626722961 -1.83737356852914 -2.66158674885404
3.84976725705905 -4.72440727939245 -2.32405557313158 -3.78011268716 -3.8593274754595 -2.14150178431572 0.559180345524146 -1.62467027851474 -1.64369012070504 -1.30992373563295 0.381659948713948 0.236380790199161 -3.71158352358367 -0.0313913366383887 1.7500758492146 -6.47607923869738 -3.52692207205882 -3.2570927046951 1.76294407063155 9.46233087782798
-10.515385353067 1.75728049330123 4.94103438681458 12.121415390594 0.482418097078851 -1.46368766695319 6.46884671408016 2.88120920719842 3.31365571049842 5.01684611528928 1.52386868969558 7.95621680335393 3.17025424453249 2.22321873054705 -2.89577718605646 5.52649767376835 3.10626817621654 -3.40680602225698 -0.839799327098763 -5.21381153114763
0.924192853432925 2.7732012068185 7.17417584194074 -2.76137919050265 7.36760892505132 4.12715786876888 3.28957028107012 1.12757637773956 2.26812270065073 -9.08602087781535 -0.0847642897431655 -3.5047270837084 5.29288178360164 -0.132988559772471 -0.0083566395973734 4.43738199664843 0.13035682157531 6.04944643758061 6.37881389698817 1.19212891303829
1.52376591032984 -10.5974058498797 -2.69654351045565 -1.61330474008315 -5.66571510758585 5.91554764131248 4.59249093060468 -2.03745755693498 -0.860935860110733 2.40060205715182 -4.63238871568031 -0.286870786065042 -6.92385543219632 0.0545700418979709 -2.16098774076003 -0.595978472152807 1.28306637869244 0.0881312136638749 2.75837393293725 -2.21155712357093
13.4550885803124 0.0760974351006594 2.28479906178162 -3.04788150523347 7.79755442747336 5.29574618374795 3.10829203080603 0.591510052415695 -2.00986535471103 5.79987317175285 -0.304370082924482 -16.8807837729357 2.20739994014581 -2.1743638812081 -4.87208149397538 3.74352585643396 -0.488350532251107 9.09734638225387 3.81386924938244 2.7304140433322
0.155516400447083 -3.77272526743974 -1.78487114343708 3.32968625976431 -4.65737115440123 -0.962208819000469 6.81222077373414 -1.58463421435515 -2.72494631765569 -1.04860805574883 2.84635540313923 -5.28695698556768 -8.875489968298 -0.447817352434568 1.9161282452192 -2.6184697718089 -2.84251784854994 -3.2834883390213 2.38320586169413 -2.4637956626821
1.11446541958993 4.13673570187467 2.78118912495101 -17.3878235025976 1.39889619575268 14.3541230344743 -8.10117004555926 5.15819259761647 2.6599181254122 2.26441504084294 -1.43456467079638 -4.52011818271154 2.85824255590075 2.23195596688761 3.54028300659117 2.19751524063919 -1.93203035940847 9.26014819239482 2.93810215390231 -0.795694030456533
7.14964424648987 4.42905447867327 2.1241368117953 -6.78561557031419 3.99653219572934 -8.74191818923425 5.77949306008246 1.37422581624753 3.64625487352694 6.40372256181431 -1.42196205269988 -6.87914600762273 4.36655160283954 -0.0889885462169395 -4.18675658694369 2.67991649479117 -3.17585046481221 -6.49969854287578 5.75968080685121 6.21901553977295
-6.87306318464138 5.68719041445886 5.27407948654092 0.678108777357638 9.71710709230555 2.06304608984283 -1.47408331601451 4.05802584530012 3.80370957508603 -7.98676641413723 2.30196783224969 5.88312422354751 3.07628852742763 7.2425434507231 -4.88716559132974 2.40726746963922 1.44120324343829 -0.203607275730012 5.18403901255959 -0.473053875346464
-8.38853980885662 -1.9289946715236 3.76768602770985 -6.44151676957131 4.34050682575747 -2.11389296660656 16.1349337924555 3.04803695795357 5.38407403488487 0.448046798351986 -1.07152511113013 -4.61572420090815 5.58549104875293 4.59885125652443 7.46812347911144 2.44232856134525 -1.18865460060497 -7.20428289177569 -1.49013433826918 0.992060211625983
-1.03352085604061 4.12144944281649 2.48404571731092 -2.39781243298292 5.11484834400923 9.76858845617656 5.30941031134866 4.92025926711403 2.2573083537808 -1.39130701903413 5.37190402337852 10.6190080886406 3.38584425162955 -2.10844003193751 3.16863094175029 4.20281400135995 -1.80862528401232 0.835853690643566 -12.1193077242924 -2.12576027273552
7.33435324094199 3.58726724725304 1.45060295122317 -2.32184498854463 0.235662705312583 -4.73801965205443 6.5912615979066 -0.434006776053487 0.0749254317096462 -6.73624940983442 1.82740986761473 -5.84954490083325 2.61304018571706 2.99130773152016 2.40869813175875 2.8908904302316 -4.13811613776418 -1.12689324302007 0.63225081780861 7.62644106229752
2.73686998506336 3.41037441964191 5.71595459337226 11.2425154035808 5.08187174039191 -0.874186286164355 -0.90058927750042 3.22385595160501 3.71906170818126 6.80638644646772 0.131311196282767 -5.44569492727427 4.20437034285377 2.33371426158472 2.09098807416342 3.29148743173619 -7.54939327154134 1.89463055174633 5.67988344122576 2.69101848349361
11.4978713504897 0.785579844624419 4.86974128351605 -8.31992186096402 5.2529508861874 -2.8080441728861 -11.2890329135934 2.11289076870819 4.39442376182636 6.04781822248486 0.237409181521619 -13.0878386485713 5.59344373973095 1.79139427077036 9.31272661796964 5.15432461065274 -0.955568811839205 6.50789319941249 1.06104091613621 -2.63671259774487
4.98046022419241 -2.05271697291586 3.39024678870635 -3.45732960697272 6.42600901049808 -2.74460230882166 4.02975854611918 -0.080436317877004 -0.113320054960427 -3.18790456223979 -0.443769352044034 -7.19362823739736 4.52527680501722 1.70460097720109 6.34107744212731 1.02969731403869 0.800929390446288 -1.79109099630199 -0.218083390774053 1.80486493398857
-4.17249746115067 2.06072791260278 -4.5669083424745 15.5789980621181 -3.5238074175971 -0.542556312887399 4.45558331370534 -5.60450149152925 -2.44766291465824 -4.2519542277066 -0.545479296421334 4.80612187460582 -10.6714354157898 1.64411133279005 -3.16346616105485 -6.63183611717266 5.10867172956511 -6.57265249478373 -2.41184961013489 -0.97302683365071
-0.570364565811511 1.4746290380999 4.78528465431218 4.36416953319714 8.06420639759201 -1.8072779705505 1.31943978482615 0.12250366318245 9.22117154921616 -2.182733780078 3.43347446773492 -3.6282969247097 3.07500518853455 3.47475151481688 -0.825281427797634 4.16743753403756 4.07018578879557 -0.435390446368837 -5.88779780313052 1.2089274095659
4.60240212208502 -2.56847671263642 -6.37022459068394 5.30079860712936 -9.60427712801561 -0.264987335529328 2.76251420142612 -4.41652205431877 -4.89010408901123 -1.08729542358983 -1.82946243058209 -2.88680370877016 -0.946873367534383 -0.674799526602681 2.33358205606083 1.28889181687767 -1.42012602208485 0.602068636151873 -6.69529842039555 -3.74861111974144
1.64188689641692 -0.871381476846411 -2.44080440611777 0.94519591249516 -5.8508880300082 10.5397548691219 0.386701964677922 -1.02251135618975 -3.68942798705248 -1.86659572224068 3.9526967616099 3.79165319810775 -6.43641672805495 0.281318909651277 -2.10924581928782 -5.54305652743259 0.605734828124333 7.79250325146861 1.80403718301507 -3.42346560621633
-6.26685886584395 1.10277813154701 -4.39215850659054 6.60705185113993 -7.98629094304268 -0.00642042795869197 6.81196997822027 -4.11967698849514 -2.09715645959172 6.38618711068258 -2.47722842116766 8.97353539780446 -1.87233625380574 0.568824225837426 -5.09962800391213 -3.85420145010369 -0.798827492594508 3.59057197567215 -2.86636613273255 -2.7921764649069
-3.55522572807949 -3.58498726768461 -3.27791494483575 11.737734492003 -1.34225943733061 -2.57236582174164 3.52375144157215 -1.24366280102033 -3.44337119355451 -8.52818380169397 1.50222865058671 0.0828874415086053 0.245881944842179 -0.223554803206494 0.958269548224688 -6.73559544853778 1.07088170505044 3.10891930664574 -1.81527410411147 -4.01112079488892
4.68845761755478 -0.0547918557128444 6.32257431037639 -2.32299752002087 1.02302050819492 -7.11500574714972 -0.731499535899025 -2.24545881653362 5.44202835616393 -0.483997788702216 6.27217572071146 0.441926585073566 3.51752737538672 -0.0176886028991445 2.73638255623744 2.78732970445641 -2.06411991031648 12.5656028529818 7.20636848362501 -2.21155463052513
-6.0950567387376 -3.03022789384654 -2.63739823876894 -4.87930273146864 -6.94206556146224 -2.8131421356691 7.41778187563537 -1.56082607260273 -3.41649855675206 5.88517760852542 -0.211750065728094 1.96802781352249 -3.11067245494949 -0.285612728793388 -10.9236142881593 -4.17337682629434 1.55092770564633 -2.46045765808958 -7.83735852972383 0.250829436119008
-2.30206608916399 -8.07324205480071 -5.10806189906811 15.9913191444146 -0.998847879252882 -5.60646920361743 6.48717422512136 -1.37708275468078 -1.29570073540875 -2.42675218970038 4.1995993319738 2.49155623328753 -2.44949011641446 -2.34912235112838 -9.03632755194097 -6.19789271478381 -0.549650340883292 -7.9866357121276 -0.403781176975032 3.22899005090474
-0.157255823547618 -3.33475696212132 -0.225402997311219 -8.34469133910646 -8.55007232697009 8.65530326233139 15.7100939381047 -1.165337693484 -3.15384907150512 8.95542818522458 -0.370510023907719 6.31706489681444 -6.68473279244852 -0.0890147645769015 3.12757146792463 -2.38574467222791 -1.42113383902838 -2.22443434371912 5.43755781621354 8.71260280983739
10.288587655462 5.06773574634793 6.61875276168908 -4.91810338388116 0.257528577149456 -11.9932441826271 -8.38646723308658 3.02963010547807 3.3191027788608 -3.28337138085009 4.19997394036758 -5.53745822900529 3.26370031065274 -0.102271067313241 0.235224726135943 4.28470116415449 -0.999544409082925 2.30288844184163 -2.82932233480264 2.179799137313
5.5281705615513 -2.28724953461933 -1.1463737192488 -10.0826590849723 -8.07046189097643 -5.07781961553276 3.74003657623641 -3.19565750438081 -4.44265725519096 -2.1802646732057 -3.6363339565412 -14.3232962826508 -4.12400606973788 -0.489859631153837 -3.73604289485375 -1.19313600555368 -0.286638355138327 3.58932759081628 0.583004313901292 -7.86301658457655
10.5356079670426 1.0717842264589 2.82312195142648 -7.61027517687215 4.4499770628273 5.41636004015989 2.58282879202626 -2.85937017460558 5.34727169069928 -4.90767563072048 -1.20976677611179 -20.8964051981385 3.06537575602025 -2.20766522839035 -0.659876247972667 2.96521289972181 -3.15568182238095 2.4356700021809 1.47033466813469 2.50072560687222
-3.04604045708731 -2.93768657412682 -6.93095565307694 -7.0963040142486 -1.80471113805022 8.06859942813313 0.699089955640644 -2.79086390810026 -1.32239834865281 7.94362702053847 -4.58809206042904 -2.26418567366707 -4.08496089916075 -0.488890542382853 -4.40437884452439 -6.54617535334588 -5.25245216623444 -2.79742421281415 -7.8631562509151 -2.11902695614338
7.23774338863175 3.3940954040458 1.1251357704901 4.45222510744683 4.08233923342567 -4.44419678596813 -9.82662055997365 2.63077880686578 -0.621384159804811 6.6699918393232 -2.01677407387334 -16.7147073313685 0.640067645773108 3.49733693830163 -5.24353644430063 3.95937781019812 -5.10945956969311 3.58005536744874 -3.67207716081441 1.58499978184984
1.73732781416382 -2.85163213043154 -3.97490962127489 12.1570662308163 -2.07264011301221 0.199605767600642 6.94438557385741 -4.41049025898292 -4.1833276517106 -0.356199832955987 -1.36332056529805 3.65252355110404 -0.193000332518404 -0.127013423815916 -1.59789239992273 -4.08165500247885 -2.54458419974729 2.62819943561174 9.86739293710948 2.47750005759594
0.537153304766133 -2.52331365539944 -7.55425746658427 -4.0833827125656 -1.11775656783788 -2.47079296245242 -1.99408784648339 -1.30912624321185 -4.56838921515512 3.99107985124967 1.19711928050081 -1.30398713696813 -6.97568983958362 -1.74633561337831 -4.27945942647342 -5.32460478936402 3.16443063810606 -3.9322525945767 5.58098697898264 3.25969338404267
1.41299426220073 3.7478397771846 3.32744643351449 0.926138638906029 6.18411713309491 6.9558703710108 4.67838113322867 5.10592880081681 6.22442658369492 -5.87154690749466 -0.473499778641883 -3.47580681857041 1.50181661740361 1.86023545731503 -3.95450846801657 2.40253028102037 -2.29517326623378 3.74454681424926 1.3943036479347 -1.59076295958221
-9.61978054092184 3.531184701002 0.842185024501429 11.2211862862218 3.70999895783117 -4.51604624524457 9.13090863198892 5.25755227913205 5.06275183134536 -0.558460962336599 1.29523309377907 7.79824737766731 2.65373150871703 0.845036808516169 0.00119925669904313 0.760635222813844 0.690188886532173 -3.92544403891203 -3.473976945742 -0.434021045957377
1.21027265084444 -6.4655949039316 -1.69629726648084 9.4587782314541 -9.69919166061419 -4.90072754838156 7.0215280324387 -3.06365006228027 -1.54511098424361 -3.18440128396743 -2.87447933780604 2.01691136827551 -8.37936190804695 -0.455558180156454 -0.633316466759288 -5.62407302001206 0.169164336233192 3.03882274502081 3.09887188886811 -6.93136620990301
-5.5456875413975 9.85942318014948 7.01757287830038 6.08358802059754 7.18199471792243 -2.12495619612859 0.800053936367395 6.24027019983541 2.97841591156971 -3.68590101915544 2.71165619620064 -5.31453516034784 2.98734759009752 -1.68678306392913 1.29959979127553 4.56755027829209 1.06758510690428 8.02590635553712 3.6697830209434 -2.60525740106371
-0.630181768744849 1.39275408032463 6.11433880464991 -23.3468443251007 3.96250398496557 3.04097389522153 2.71639748136923 2.18668887812509 7.30560221219548 -2.60063358998879 3.73794966464877 9.97299150001851 3.70278444337401 -0.344585291209715 -2.87612914686325 3.39050022809772 1.47672886452592 4.76186501202093 -11.6368699111825 -2.00091953382262
