x1 x2 x3 x4 x5 x6 x7 x8
0.999034170185004 1.35857302076359 -0.14882912913354 4.63878586611927 5.77278159461705 3.80059857935938 2.92807080825898 4.88031034801246
3.27799882698623 -10.3003785240112 0.869176593185597 2.14718090639605 -2.78562908702315 0.931087943341839 3.49333189660068 1.13704151906937
0.638500065288668 -10.6305351714591 0.00668020297971972 -0.928794779226132 0.0666289162357687 1.85448075931083 1.3125479731331 0.947657228807943
0.464408981990618 3.8307506867297 1.31541213118654 -5.43056830261307 -1.49939137115642 2.11833789170687 -2.14831124041212 -3.51570685366572
-2.17564885795987 4.20708977965518 4.44032245145012 -0.664136201823625 -0.598887740799656 -0.544604778727183 2.16603918221564 0.974421250590641
6.09199295551303 -2.35393226931013 3.11166036700306 4.58644302582005 0.396554490878364 7.57355442535348 2.21347219982921 3.1693733074575
-1.07122048128532 3.00195551232417 0.180948927780691 7.17804333126071 2.75296637363982 5.06843451772635 3.34458661490584 1.25465233987538
4.87057447428132 5.21068522121269 0.80381145987105 4.66998638261174 1.60512068316145 4.90276991815089 -0.207798524932636 2.87787145583299
4.24844452034924 -7.79587766409513 -2.85535579562214 -5.02086727741267 6.78818106895519 6.66095300645406 2.66060227623948 -6.62274828213381
-7.09767358942262 -13.2960291746928 -2.34867308700149 0.290722315446917 6.44718144882266 7.02576172286883 3.29159533199109 -0.0610653589765922
0.320021043464426 -13.4706006532133 -0.324345250594254 3.21511163711638 1.48624267608175 -3.20074477337905 2.15020452621894 -0.32616277805245
1.05558861064152 -5.58244541603453 -0.666689380978714 -0.292122109535405 -2.74060348593357 1.56110977288701 2.04041211245058 -3.44324543362973
7.35812410697398 -6.7906998761397 -3.00986050096231 1.37912505295836 -3.51796517386529 7.79409653296138 -4.56441629760207 -3.79848500069156
-6.65765620489334 0.778368732781738 -3.93608059509506 -8.55427202807993 6.11639738548421 8.18094503767058 0.506820967406513 3.47616491365229
3.35659673945628 -7.65059366162501 1.80693823787264 -0.310161755877222 -4.18913977839563 0.9065801555372 4.03112803979521 3.27907703561936
5.42662214515206 1.50666500544057 -6.29785186101069 -4.13708591388 0.0490070968163013 5.32846653248536 0.398963344607204 0.149551043430642
-3.64933839465353 -0.609158754795456 -2.54959259756039 -6.41219531237885 -1.32914786587551 5.52184556137031 -1.84185245386768 -5.4293369930523
-3.13966375412025 -3.37101555916563 2.13856223620932 -1.70004309796429 1.87342368210978 -2.56922673204863 -3.62102658048525 -5.09080264433097
-0.109721587133244 0.0561638535526789 2.9953637880387 0.843029125411673 6.22414175161392 9.20068004367398 2.62829701591855 4.72703686544279
1.81305239133213 -8.14557727314337 -6.64297532057039 -5.44359481122488 -5.59907098635203 5.88228200699197 -0.957088488977135 -2.27571993190458
-10.4780350818567 2.08816295445024 -1.05689139685449 8.6106831434543 -0.0572068143748545 10.6681639439196 -0.182483550074746 1.90969560160915
2.85242016865147 0.917868442220139 6.99235464232954 3.92420469256645 2.48912726085254 5.22947728588714 4.15666779548575 1.71662136948989
3.5600740574154 0.791006630974422 -6.4430715574323 -2.83219984778707 -2.6864599375988 3.12677075278827 -0.316467049818421 -1.83865373463899
0.514527558020697 -10.0754574911097 2.44204444342012 3.86863962164495 2.86810707008366 -2.19009154326364 2.76711080896525 -3.81940778193008
2.9670933894034 -1.94456381875303 -0.525577447305299 -1.54484953117581 -3.87101150018466 5.73577783503103 2.79367828780925 2.29304099959827
3.64464407590295 -9.79176571389257 -1.0009446964625 1.15019769915677 -2.66719650220529 0.396749852890256 1.95632673606099 0.946571794953322
1.05472847527861 -8.44493437883574 3.00689061259191 4.9625487061612 -1.70552225348831 2.33542334085872 2.10671667806953 0.82243299079853
-0.80382973608772 -10.7868866590189 0.254709438193549 -0.0916001955026222 -1.35388726136239 2.43694387131595 -1.89982893233288 5.56021501644469
2.76333998089424 -9.88178658851723 0.659781673011747 2.33785941232795 1.72071849066572 3.9888058347191 1.45606526285219 5.48547352579661
3.89440614931592 2.15246893575795 5.5883143915708 0.472366729564126 0.300870241157267 0.798287586112825 0.862825654734289 0.673751079447272
12.0026279712114 -5.69077296045775 -3.58655355955093 -6.14421581069115 -6.5814512738284 -2.28849512328945 3.70454208058645 -0.523674423341794
3.2206569812193 -5.4013856307267 -1.70130010312287 -3.45429450734837 -1.52287262893376 -3.20937680943355 -2.60481723082918 -2.56753456888954
-4.75780148762216 -4.43083779667297 1.73107364636372 1.70071558941068 2.141099876866 1.64674531028924 4.44393094039116 4.06981815651125
-6.04219874370226 -5.9806270943913 -0.763476259484422 -1.74946401263685 -2.12926565624866 2.85123616418801 -3.66903136725831 -5.13514038292356
3.4454238415842 1.7286278618253 -4.11795700846745 -6.59614123670628 -1.96411163374528 2.58815812644208 3.94061515856452 5.36637020123691
-3.71263470271949 1.01926366342954 0.930347345723542 2.69678475626001 8.42057752099775 -5.34863731110508 0.231067295244881 2.86721696431261
1.1159878283435 -8.26424598949265 3.10376390455842 -4.81714928041356 -1.62203379866018 11.1321046581402 6.36635510032054 2.29049320746599
2.83116049937704 -2.72232173407263 0.998753835712208 -2.61240884373394 -0.992705248554937 7.46747889849681 -5.16673542296162 -5.35957844165059
-5.15449124176486 1.07450394997093 1.99322653832753 -2.07826355926578 -0.786480991820545 8.07547296494807 7.3479997346638 2.85306282532604
-4.90553941905659 -6.77419437336801 2.27836147592916 1.50848983351086 -2.51557611228577 12.3315601089529 3.43687955656577 4.67795477646023
-2.25831844647878 5.46823136179913 -3.12048565657965 -6.62610146419979 -0.360024675113227 7.14660680758342 0.528300475958373 3.44584333762007
2.87104989085523 1.53043439736195 -1.39630530507355 -3.88247424399449 -3.07527496386468 -4.04478352061712 4.51557107652905 -8.42776886418439
2.96657179840178 -4.22291144090705 0.43788301725087 3.12896662635715 -6.48698621231117 10.7487311112736 3.35216402210807 -0.851679702387684
6.00834818443341 3.35323780830169 0.458127319762665 0.712606833680909 1.13770414094865 1.5717997522081 -2.97199118729454 2.45887653699383
-2.60395494903108 0.0208258463554121 -7.01140300567369 -4.20873267371672 5.60611510864864 2.04489389681937 -1.18038733994596 -5.12056971089231
-2.48648355921096 -8.97346634336201 3.35035845466637 2.05116166717026 1.39467084983239 9.89316018830043 1.80063160313959 0.181870890910302
7.24774909677284 2.13584081286327 3.00539368589298 5.05999681842962 -4.80104352693389 3.01328815706037 2.2089082059498 1.94025562894501
-2.67652376640239 2.58273483411142 1.997507311511 1.66704436740931 1.29295482203775 5.30037605344502 -3.67547072669102 0.705617609106194
-2.4638488636203 -1.36933475865163 2.36016370347218 3.37476070682163 -5.56790595464809 2.29985807654751 3.97597317539483 0.751071643693477
2.37236107614002 3.99482762785392 -1.19552223414086 -8.93689698455715 -0.430576000098974 5.68652855176567 -1.65940454736288 5.23932460791845
-3.50570572650467 -3.54863221408599 -3.35655547748197 -1.43194029378131 -0.600583105641915 1.88065966478786 -2.92486132612862 -3.45016051919333
-3.09378301045452 3.32047775666413 -6.26646925960716 -0.308848780411956 -0.507040049469282 4.47648528121829 2.32757449754458 -2.29304793536775
0.68533359328157 -11.3271748152386 1.96111153723239 -1.61908231634057 -1.04231182689141 -1.29894511086672 5.33533515664004 -5.11273561129363
3.87671951568072 -11.4333162739167 -0.696667768583258 0.687339248939494 -5.86646035793469 -2.16607887810069 2.21317505987577 -1.67059136519743
-2.84483684690172 3.05174580170327 3.72095210479208 4.18899370559251 1.94924304680869 5.01114446829048 3.25231337766517 3.09687017244161
-2.88305712941843 -0.0034271553156151 1.98100689723524 9.51311227999792 -0.709561972275209 5.35711290991108 3.63498198610689 4.04478384619257
0.174391745683642 4.00768429939647 2.43783657048334 2.19947627905821 0.471090254549714 0.513822035832941 2.57750503798871 0.051262219929368
-0.124575116880864 -10.397150416623 -0.493031191299746 -0.10420010304217 8.61233793341485 -0.90018446309034 1.5259345170089 0.334627174794795
0.490849862067836 -7.7818046482023 -3.6664411604247 0.110930646783407 -1.89063761928606 0.4914716400867 -5.63701983072653 2.14873767147052
4.68475911754277 -11.4455835817101 0.507320727277188 -2.03942952617872 -8.50201192527381 3.7279614452088 2.95349278774506 -4.28876485582437
4.34690791482494 2.16240828166713 2.82447233549277 -0.283864459629903 0.184678165875609 -0.187735102694595 -4.45796765893613 -2.04535846078751
4.29609057125738 -13.9554349493697 -0.888378473435337 0.29846447666982 2.47949906448757 -2.61470137204163 -1.1444084554856 4.97019447292909
1.71568409285312 -0.198203816217039 -0.98871889778598 -2.40389681012701 -0.96607869738935 -6.11697451270692 -2.17777923483917 -6.2234260377629
-6.24190679813784 3.63763346287013 1.86432958805276 -2.15114839310307 6.31335519341678 -1.42424822240952 -0.608247715946243 2.89739517481346
0.0618617736917157 7.20249486949154 3.10647177949179 -0.609250742962999 1.57056599006022 1.53337157460507 2.60052825586386 -0.735358035955117
0.444545125044468 0.943634482194928 3.23169785326755 1.91021849516332 3.05174656415178 4.19574125947491 5.13129932791461 1.43705257320999
1.49357197476833 -7.63103369049218 -1.96036208344803 -0.954890003779691 3.87346993926191 0.346274904337126 2.04097257551353 0.296799651672965
-5.00870377732136 -6.48267037572925 3.10037018123829 -1.44979070850019 -1.05127355351198 1.40051618681476 4.67516786955732 -0.704021567515642
5.04770628240314 -9.68486588612839 0.41728428816817 -0.943937442274109 -3.57552752600111 3.42893944437545 3.30501714109218 -4.41208690724006
-3.836097156779 0.590496808230917 2.28567094525349 6.78514929104046 0.612360770303014 7.9627125603738 0.832954009411282 3.49432635293344
3.08499674657136 -9.59439333579527 2.19357110832017 -0.737109558089259 -4.46047024497177 4.0579194472769 1.18706467481789 5.70941022093931
-1.63282774213359 2.40275581520629 2.30850199996937 -7.12947585632353 3.98544625678413 -3.99908980790069 1.12674964145334 3.02575986173407
6.56778451152158 3.46348875085848 6.24266142560775 3.11135707399752 -2.19684447985585 -7.0232904213502 0.130222039334297 0.977069345036871
11.7599775373585 1.23178528865003 2.58513591781586 -2.89036385811 -8.3961397472137 1.2801316925853 0.230679333301273 3.7256086834859
-1.98831698797868 -6.40304678106027 -4.63633339209179 2.51215027631809 1.72696317363083 5.92599844525194 0.11841760189617 -5.2537034414115
1.3355252172282 -10.5464159728661 1.55986558931175 1.21514917508647 4.49667535892738 -4.5955859807373 1.14921266680361 0.287806862097713
0.51158256014276 -11.4990561654334 -0.260101690288631 1.39580853702318 2.84797171067973 1.47314317844336 2.52789852601227 2.48811791158587
2.60841380321335 1.24654445605611 -3.55079767457659 -0.798070235755664 -4.30946465619993 4.70893273107759 -2.87667734133504 2.05168551240655
1.86841076364877 -5.10757239489157 1.4560117221342 2.19330671457544 0.88785558075439 -5.58716129971226 4.70957187940948 -2.0945747405244
2.87284762765316 6.33931207588631 -2.16748317344263 -8.81961919178346 1.40014859935426 2.35707062855906 1.8287646919538 -1.54127917417837
3.6079996043121 4.79174921336473 6.34905212865818 -1.17399578496039 -2.10999815800228 3.76761091631288 6.19756041916061 -0.783180061769023
-0.408292144936012 -4.14751422173485 -3.16159665287007 0.453877652507829 -0.50627256491104 -2.95521163798836 -3.1268209350523 3.75506406340012
-0.510259925626183 -5.29876904043308 1.90824007542613 2.41915412901053 1.27411405679293 9.60842281795358 5.28156860569689 -4.99834009898715
-2.56436874429264 0.835953321671021 -4.34921411119505 -3.65644421774002 4.48452593619924 5.9384942707365 2.7244002812717 -6.25353219074946
1.22634521670416 -9.65288956360356 -0.339022906957705 -1.23272142356163 2.26497112220357 2.35827718844184 2.57797603153261 4.67460991180478
5.76729325551146 3.20443783338388 3.5599048759575 4.79318656252278 -3.9292516459433 0.108250461913381 4.92486286401506 1.80429757629914
-0.565209226395355 0.936776395710655 5.76241116917109 0.958489210322814 8.84842224255664 5.12448742803196 0.833592643751431 4.56362024085883
0.347055527175719 -0.104602245051816 4.88118505170995 2.72790677556147 0.0946308751489855 -0.334811164908982 2.44137162646547 3.37842246155155
-1.10751107937627 -6.41984305793898 1.60101536578385 4.1869400713323 5.26810436333413 1.88449142592232 3.10109018758861 3.05293299530099
-1.50464114325711 4.37668498549451 9.60109774356046 2.8965716273737 1.73885522643962 -1.01809264586716 7.72205745135802 2.68608642829809
3.06826753395022 2.21168193616413 -2.63242402255427 1.63105120420739 -1.63121720590187 8.14858085031852 -6.69192751200987 -9.02293565347674
4.23871492039133 -8.18089758044148 0.926792757031582 2.81011823706617 0.55200288115364 1.6640909873139 2.35511948663648 4.24102264084032
2.01748512298621 -7.62752108904631 2.21625744396881 2.66163025589827 -1.71487710661677 0.156929852634665 3.29976103413001 3.09837835943097
0.885071924419053 -9.46832483922566 2.47003698405765 1.05097097464297 1.86263863044189 3.73483970056311 2.32538810571957 -0.610493930700875
-3.90282510853901 -5.5291916353755 -2.77003151763133 -5.36950371724003 3.11869172109471 -4.57600635854382 -0.922508828526652 -0.99932139559492
6.95497515936663 -5.86767080853309 0.936392914516582 -0.666545017286186 7.40164350982519 3.74610913140303 -4.57982398513086 -0.78313179973073
-6.45308833868439 2.0824941503236 3.67794024666512 9.1479004497462 3.01943413125446 -4.07563558965288 4.37640579140988 2.87931727301129
-1.39194015013438 -9.38746651876175 0.539209653247722 2.59399402946747 -0.264452779078986 10.3629609138482 3.67791023417612 -1.4591707144411
-0.150267387757047 -0.241565892930611 -2.76464988306624 -4.30326144517625 2.26696037812951 -1.13347901999538 -0.814235265621964 4.71204905932981
4.08545583647947 -7.17658255945122 0.548048388657439 2.8660447292842 -0.0194579538483464 1.2751717751149 1.81329908447823 0.805011416104163
8.33633657481512 -7.20449719122022 3.11071871934622 2.0879348462439 -4.52211183405583 3.4407546541062 4.30308129100012 -3.51843056414267
3.41359794040534 -11.6170252114546 -1.46500514928257 0.98870905832683 0.96760308794866 1.80540803063531 2.76498594415272 3.03006211246678
-2.27830733898433 -8.70058296575504 2.05354092280633 -0.493874669422652 2.68758227238301 5.24678443085644 3.5692455156 1.19637913090525
5.50134137609839 -1.8538770043743 4.23096096286982 0.932546549763897 0.285274700309517 7.69848399072148 1.17233006008689 3.56517022422343
-1.71520826660945 -4.67813393492086 -1.96341008123807 -2.55438838553122 -0.709848453482844 -2.25573568450067 1.16632743032616 -2.71183225696002
-2.97220224541417 -7.16242357716315 -5.62609449176505 -0.961042020617882 -6.5581655385693 8.974299096951 -10.5736616404101 -8.23050019708132
2.39649874549657 0.99394726668416 2.79506151535314 4.40768428204048 -1.76144371721155 3.00867011696011 0.607722457506045 3.77427868715017
3.54998578247057 -12.5036340886955 1.05895407103089 -1.91934544240983 1.56667149609968 8.0054342373508 1.83728421671102 -1.20057903335869
0.0395282212312698 0.825606298551382 4.00419241123001 5.65933311432111 -1.12554246296149 -0.38892002259165 0.931955068804662 5.77118943812255
0.449629161007322 -0.063418435124748 -1.81760775893643 -6.03783473023935 3.35239770450609 -0.0616049362799771 -1.43304828219742 0.884112406727315
0.232403144530799 0.441190594151779 3.04747118617745 7.63015147213324 -0.718962058558052 1.39118444569084 2.83330420145841 2.11011848073647
2.20266298888085 -12.1702683643673 -0.548249373879088 3.55411830821719 1.45142944176049 -8.73637918970757 0.302641455715624 -1.82705489026279
-0.936388846844038 4.46441441197793 3.52186321021771 1.58574948575468 0.186527860900173 7.08399388922572 4.78661027505991 3.65850883912875
8.32591082672178 0.917696360711521 1.98003251743544 3.72660653295855 0.603712025690088 -3.07758660983671 -5.65943271268898 6.66285602169884
-2.38369016249429 8.68129194160206 5.72738346479542 2.9892856249069 1.73229589632629 3.66188275915109 3.94101927805774 1.36698432691793
-3.68823815427693 0.72988870106335 -2.74036549897652 -2.63848476378563 0.542458228852504 1.93542710198663 0.360596883399847 1.83399803570282
0.900418252494436 -0.792111401689432 -2.11160460818169 0.470855868160125 -2.95519927443957 4.37135530458146 -4.55552279399081 -6.37511588696191
-3.22172729684991 -5.23397119862513 -8.03130025382159 0.63802437089013 -4.43720870455838 2.21085297004056 5.51543138200929 -5.00170751395453
-1.04579640323282 6.35376928039569 -4.62805822631203 -2.91844686139631 2.26625053976652 3.37434085180333 -1.24475839761886 -6.62145049319309
0.251150800342891 -10.4641304408423 0.157269509840236 4.84146902305045 -5.6219126988946 8.84009896258108 1.46871376854248 3.44400365258293
-2.88002428703289 0.711127143525534 3.87417131737007 2.73596918116225 -6.56703896375858 12.9571557615759 2.30633699503667 1.49888216093242
4.09130002394008 0.429519455719948 3.04185136813565 5.25950831455595 -0.564174258129542 7.62466566822036 -0.0341623979589427 4.16659300415517
-4.94376184327983 2.78385840784547 1.73149572549506 0.937174983930321 -3.10887162650644 2.62858664950972 1.84832417930138 3.17556396980235
-2.11256309519458 1.56018190207222 0.809289039330483 -4.94629811134871 1.32160902930745 10.6770632886365 2.32656139492065 -3.91908696704372
-1.53847184051545 -10.1652714941544 -0.108746168460013 2.14005000158462 1.99441935033893 1.51300871194697 2.15571817935104 -0.445269183829572
-2.96770780631308 -7.34871003233606 -0.64287511155541 1.02390496539032 0.39738699187538 4.03170858429208 2.92565774414313 0.492645327269851
1.74671195429924 -1.72500024199209 1.25998694409665 2.67739958707801 -1.25199366927268 -0.329485225470779 2.79547168307917 1.90110860097758
0.971186935852187 -9.9961836948376 2.6330475357804 -2.30486568192709 -1.37977336218189 2.05321413081466 3.74465978590172 -4.17418775818718
-6.36630066461644 0.210025923423346 3.88480927465349 6.71274643525134 2.48557350839988 4.08134728015076 2.22511368370231 -1.30202595700947
7.62668544264544 -6.97248796333955 -0.0284791181434201 1.43399078682704 -7.40533230248216 -2.98268601857445 2.55972775936771 6.08368672648279
-0.924774434026232 -12.7054499228508 -0.0391511534644038 1.14287332009557 -2.47260161116969 6.50551725297284 1.2694292607003 3.68382375603487
-2.92733876918646 -2.89434797732124 0.941818899226765 -1.8437532954676 1.36682922854219 8.22217389180254 -2.62045806858785 -2.67461123416308
8.113839807185 -7.06506955061614 5.66810209728031 2.13271594026507 -6.46802535782505 2.87055570472189 3.19382966544828 5.02632922623745
1.10032545427727 -8.6772137546284 2.32659606095709 0.814043471356754 1.71971151930345 2.08740394925403 3.30843497455866 0.939998383753344
2.47758893376001 5.76294710958963 4.42099482740932 0.799531343656164 -3.09341195047271 10.9350810754768 7.05430266457895 1.52357621212231
4.19561767793079 -6.8807421077069 -0.689562884826205 -6.3771039205226 -3.00381292994775 -1.3996463869875 -14.8012475402787 -3.15997064413819
1.18628188210508 2.21428275894644 -0.821646612996994 4.39662734006099 -1.14614254875304 -1.79162631313878 2.38953120392298 2.27375923997208
1.86711434827492 2.81451414524429 2.83323972665901 4.17184934083006 -4.17323031806267 4.49089550858126 -0.116385934573844 1.26492678298722
8.01861638339163 -14.7725356805085 1.13516508603027 0.00701359755780095 -1.79134899416155 -2.64922756226538 1.10458329297139 -1.15877092503293
-0.629972250721175 -8.0247757488238 2.10648098905547 -1.38286786081244 1.19850969516119 -1.18507787829095 5.3751775361079 -3.7915972955993
2.17544713374796 5.12476142723861 0.984820152339694 0.430388906830549 -4.07523022554837 7.85591037438561 2.26543746066861 2.63632914189061
-2.23024328771961 -3.45710835402175 -2.82424503414623 -7.87748757191421 -0.445795625229394 1.29871356272763 3.13127940070038 -1.09134165617523
-0.0113129143751978 -2.71529378878786 3.09579886692335 2.17729331591995 1.63982496945001 0.968574735836363 3.88980250295991 -1.75655545249111
-1.94130046722767 -2.98189169919036 2.22132231147725 1.82539032019017 1.22357413783562 2.41053776553116 2.23625606640933 2.14081154127629
5.9556234337549 -1.15654375117964 -0.0419939538663705 -7.56727218273162 -6.51848743500439 -5.89008658051964 -7.89407559233651 -3.1892556428643
1.78348877888894 -2.38995477610285 0.984486720671008 0.975639982417628 0.340219861326959 11.310811044311 3.8440184517815 6.11463495677656
-2.19184815287362 0.340413764681198 1.36524252746635 1.93988805430422 2.60092302251802 -0.187116485391348 -0.127497819940042 0.133543541740282
1.24279693127964 -2.08046742209235 4.52642780356308 8.20370519797432 -10.1970418385395 -4.92319761945129 2.11314431582173 4.89198233725603
1.37180199270241 -2.03893397548045 -2.02681188759434 -2.37938064861504 -0.274451172310571 3.56888724040415 6.75168473942749 -3.30950362059434
3.81789498691083 -2.9159779240612 -4.93386496699881 -2.65578955236171 -4.69405254021453 -2.82595819432638 5.31148108759725 -0.986960448763048
