x1 x2 x3 x4 x5 x6 x7 x8 x9 x10 x11 x12 x13
-2.51156657871178 3.74206001836508 0.933850676232133 7.99216908986889 -0.27851655148763 1.06753574952133 0.537518338741042 -13.4736346764968 -1.88829367506838 1.56094963730171 3.35623330315312 -0.505678098132879 -1.19139089937626
-3.73384109932241 -2.02669603345022 -1.64779706059463 3.09039168280854 -9.98676940965078 -0.889381114553593 0.732554806827737 -2.12243514649887 -1.51931493442887 -3.49533408983202 0.47242838947904 -1.45471089593276 -2.36464555609119
-1.10012274695114 5.03236257561512 0.13779599641941 2.10463705619863 1.47214760257462 1.84062540728108 -3.24829348353375 -5.12386017944724 6.13557124202365 -0.390799061673694 2.91740097209367 2.33274161929427 -1.17576801427225
6.41822374421304 -1.4396499638493 -0.569782288773353 4.21787471223792 1.63558857089409 3.35021986037979 1.36062724796541 -6.81094373652886 4.49946730164088 2.36984505376886 0.453801201156061 2.3097859526085 1.86147214746425
-0.655350668958148 2.30035565276146 0.119360847777284 2.46909148321471 -3.17206825113202 1.11905991045987 4.34977028861392 -10.6957969255032 -1.52960701067451 1.12100063672409 -3.53841297526983 -0.370068049245716 0.383890252343938
-0.798175324428936 -0.681573004175593 0.942492479149037 -6.14193784839811 3.3433749644295 -4.67378090460387 1.14846974244027 -2.17091030229154 -0.887903481508526 -3.28043017033334 -2.32145318155674 -4.39851142213968 3.09658135646494
-4.70416441689306 1.93919553837758 -4.67571984975189 4.82727082963214 0.496707988086453 -0.959333700611123 1.75479130094011 0.338380799014301 0.0275033531535147 -2.26709953903569 2.37958718657664 -1.55312999678111 -2.97974415032482
1.09879096042806 -2.72550459456519 2.99039578899527 -3.55050034312553 0.759867924237425 0.936388342217609 -7.33975386480467 -0.515434353238405 3.96416549300368 0.149900556174037 -0.995418863336496 -1.16029336262533 -1.88865880132077
0.580232112246743 3.86180302883021 -2.35348631792525 -1.10547189017246 -0.741195630537324 1.43692163069276 -4.79734297854697 0.462246036497608 4.7032263792885 -5.9731588841221 -1.45644676478533 0.777500697533487 -1.76475976602192
-0.566303628327733 -0.0207200782976666 -0.0624922415793633 5.25420054514619 -7.48830264993546 3.72684788763077 -3.66646312362109 1.66401731471913 -0.887530581638808 -0.236500310762823 -0.736824466254697 1.10518478122045 -0.114720381443406
-1.19792102123836 -3.41489552262702 -4.63835422305411 4.33428865081969 0.315581179312427 1.39897719292593 -1.64564127826156 -1.76077047112768 1.16201632408927 -5.03254317581311 -6.30185283644757 0.57927789804851 2.38303568271742
-1.10163518230262 -2.98943789156572 0.115450505732884 3.07585483424827 0.487795727299875 -1.77472668872226 -3.8937778420386 -3.89050230634326 4.53272458115823 -7.14081827729658 -1.20210383622624 -0.295593107968528 0.73294674601495
-2.66599798141941 0.827529550964832 -0.272323668987121 1.41389745451841 -2.57204051838392 10.8037895224242 0.935423848039047 -5.93247247942348 4.93349998018643 5.17812963170866 -0.837134768119016 -1.95480401856544 -1.65067145038812
-0.681885464205512 1.32913527920649 -0.665434592367912 0.279330268771964 -3.26645307345058 2.65659385837846 4.49428411190998 -1.35282560035908 2.89910237192308 4.3141123536315 1.38215439554318 -0.696954707147309 0.248089313214997
-1.81226906601459 4.09833034769832 1.05605746570477 8.21780246036051 -0.912237281395374 -0.152065212624401 5.63030715968426 -0.494194072818391 3.96491168217366 5.245439100645 -0.937190741124631 0.855298659030214 2.08840809258503
-4.38645358221759 1.09636602916321 0.106158609479576 5.12370366781655 -9.76459179948806 1.26178000805508 5.36460823669885 0.637646104073072 -0.845426725814487 2.13599834899526 -2.76291724458314 2.33991267991504 0.849927685062538
-0.715572516218309 5.87620487325772 -2.31128991556229 -8.28508955308681 -0.191306129696541 -7.35750059079699 0.819783765490766 0.251688880957453 -0.0178865572159379 -1.06784452852907 1.8395560751407 1.22267177435132 2.94819031200817
-7.17277132841557 1.64064900601503 0.37429414631407 1.21371349418601 -5.33742907716526 -7.36781392168378 1.78063180124172 1.8665363428605 -2.94754943386981 0.242535999499733 -1.34032297970112 2.90354106304712 0.95721415672552
-9.4440793916183 0.105089007099206 -0.457818116124533 1.40414222825135 -3.65864431934143 5.3657212779961 2.2233400420286 -3.8635298008441 -0.989728270085557 -0.0643130549740287 -3.5632954639757 -2.72356456191292 0.978144090841975
-10.1927027900289 -1.55706148223975 -0.847471109393353 4.03416572430232 -2.23374604291372 8.77790007963096 -3.79844299103549 -1.39536810844292 0.494629741647543 -2.15399512084668 -1.84584352992773 -1.38480219329806 0.135917465875076
-9.59719873435961 1.32427865644791 0.377526279995253 0.245504171198398 -5.54125920861364 -1.68035063411292 3.04653131941176 -1.19584155018749 0.306573160022263 0.630409690921505 -0.979432636659796 2.83965123690223 1.0878192884027
0.572812927677526 -1.16730281013474 2.5149861542588 12.4105388723478 2.8887450989081 2.3954801879413 -4.85768561069909 -0.438902696562054 5.4360703177012 -1.80019735159421 -2.85871005981801 -0.878123069549963 0.897766903519276
6.5496825969557 3.7377129164824 2.77003208986868 -1.07177768487801 0.867671250310252 2.15825182416745 6.02699075040308 -4.46926915568258 0.40462970012521 0.36586038512419 1.70753612610282 -1.36747965786684 2.3945685924895
2.35259783107352 1.23108073940284 0.854839684705023 -4.08117339654009 2.32292470257437 -2.29540888278463 4.19354456400978 2.82934168821159 -1.11949355370805 2.33118547759765 2.23049527410912 -2.56473463199709 2.17804114418632
8.23821527935475 1.04611222547254 0.174350633343613 0.639928312411861 -2.91214217176899 2.08557648971341 4.05888550988836 -2.78576851466233 5.57435095477476 5.03981248616332 2.01380040884547 3.36852868607445 3.97521654667154
-3.8872125930606 -0.165976725156708 3.7446222807028 1.50092351447866 -11.571154458106 5.79242420139693 2.73692669854582 3.87970292644293 1.63678801333728 2.04866511828501 -1.64856976893879 0.14991614090888 0.482437160361778
4.73923001354434 1.16424550389092 -0.0503416232243051 5.69784021256336 -11.4669466218757 -3.28818492061216 1.03364480417268 -0.717023524361704 1.48468829480955 0.683601937682057 0.922246078808489 2.71280442957786 -1.2231937306005
-1.0921836523451 3.18610293524604 2.33674006714219 0.811790622138805 0.846897402137259 -1.56854401191057 4.03768712214138 2.12759471718848 -0.872424731924138 6.23675916271568 1.13715954011182 2.01537929955391 -0.32240937935088
-8.72909999296795 0.715866828272393 0.14841436476728 6.57550011470503 -1.67500532048031 7.11589292802925 3.670012830129 2.42233229319206 0.877221033463409 -1.48096151772193 1.04807158457752 0.971427187634196 0.197903759228356
-2.93804651488965 -0.177488441869641 0.439903997989796 -0.193906906142554 -3.43753190287344 3.52123456729209 -1.42784323435375 -12.995015756048 -0.0425977155280954 2.57885999468817 5.37153489265752 2.52730206033047 0.0730588804357815
-3.04851317165119 -2.84802685750683 -1.08367040846911 -1.19007121521572 -5.33118807812948 -1.74999944220417 -3.47553561592851 -7.74398893568404 2.42837562975222 0.936139110000556 0.516018957460097 -0.126706818442401 1.4166267567124
2.36172027258633 -3.15689873093215 0.855793004321822 5.03059412195828 -2.72017656300093 3.83395567692056 -4.44738470159629 -3.39616732768695 2.00386461496582 -7.74569224300224 2.70683862468087 -4.93116176083897 -0.170293956982249
-1.50826821291707 -0.058594302397923 -0.538876484361684 -0.113860381702714 1.06907045081824 -5.46472038188124 -1.4573675242709 0.536283925034811 3.69115849046089 -4.63798623019278 1.85957380514092 1.18777054407295 -3.9206551055624
-11.989020545368 2.20739493441533 -0.873689118900524 3.52227911363151 -2.93245887343085 -2.09348522846962 2.15699006926237 2.82999368134326 1.90801213343242 0.638176150155533 3.9337304429708 -0.0383008749443876 -2.01482812968675
1.88622343024609 1.7827620892437 1.16617810999136 8.07445903890077 -12.9568293869245 0.167554652070397 0.908129094936501 -0.340895011988767 5.7005779492021 2.76599272411594 -0.898772732160109 1.12189741824427 -1.93551898596931
-0.901656018780704 -1.14868728454974 -5.70104153184687 2.39998637876862 -8.35133138281455 4.78480396098804 -0.535615919565193 2.48469736214948 4.13524775667948 0.915869833381882 -2.36591581968896 -2.45446747904816 1.03649496258748
-1.39733930930924 -6.76363181004371 -2.47445902372762 0.028939277362817 -5.26534605786407 -1.78937799389496 2.42339050008384 -10.1256527544204 1.12651172340475 -0.936878095964762 2.2306622562671 0.906223832000817 2.4486376166776
-2.24881501575676 -1.35823871017074 3.15202535550831 0.127596893815695 -3.57152253893966 -1.28153844208653 -0.0365358035334515 -11.5408600337854 4.30478879847595 -2.63698784024959 3.32291318337033 0.337756682628588 2.0962889054213
-2.85923690859745 -3.27543283670675 0.907572697080671 1.61878533641759 -0.00979491749681971 -8.45903324577226 -1.88412609526995 -7.83787411523559 -0.120187441013612 -3.82394123451153 0.799152861391052 3.14400193595177 3.68663885933221
-7.86462084277642 -0.766972395754099 -0.643603150140955 7.37336493671126 0.535491746587432 6.31325558095896 -0.771275892022881 -0.922738054710425 2.71333774043926 -0.325078046862472 0.402113898484905 -3.27520629012497 -1.50004327000473
5.25602593519677 7.97870650066129 -1.6503848236884 -1.3612763817773 -4.70726678047716 -2.88679394958837 3.51551188538118 0.446442368404133 0.78491794918244 2.81085342838026 2.14270832845473 6.27331648080372 2.08533783458092
3.75675918910128 -1.13702530650621 2.60385453994493 -2.2029721588301 -12.6994625464885 4.59059476136287 -1.17085107197724 -1.61579588793293 -5.31817375629119 0.0594429558858495 -2.96234855991786 -1.88147796438134 -1.82492564593375
-3.13280501038418 -1.55349232237075 2.1877245469059 -2.9361565876396 -1.51248166629324 -0.105354887131948 -6.63646313030861 -0.950124251532846 -0.660133152972283 -0.538832957105923 -1.56078694185445 0.65343020241438 -1.08634394451912
-4.57258160731175 0.828466993621367 -1.67228803161476 -4.92812816593544 2.27517899879801 -1.87630045461577 2.68103806057434 1.5599501537879 -3.39734963851265 0.970902941689561 -0.00982391569057706 5.44415587963814 5.89204084626474
-0.879260615333812 3.2067633211814 0.946477189533394 2.81143318275782 -1.69061070720346 -0.0999152884061026 4.05848122523269 -12.2028295102338 4.90106478879145 -5.52503258616489 -1.17060707976531 2.68422228728603 -0.488960628940348
-11.0829566947624 2.05428121440766 0.456698508573743 -2.6388650338327 -5.52354292397179 6.84022452791935 7.04254459342042 -1.08136399819478 4.47071110826617 -2.00510886705982 1.2425635205151 -2.19488768439554 -1.33581723388608
-1.58632386503458 0.844111156073353 0.525739873004973 2.46099934158224 -2.54462112313244 -1.64063541583307 3.036550029805 -8.04910676220135 3.87863036407221 -1.46801450521896 3.1796656731633 4.57615279240615 0.805591084536478
-3.19246395636497 2.16302744497002 2.93991263680341 1.54539938388687 -4.22522689929686 -2.07590260568074 2.58939593846235 -10.084402793501 5.39690024760189 -2.29877321523283 7.18744790618695 2.17501841264485 3.49739725877298
-0.425382149137254 -0.170291364695924 -0.00620390044216212 -5.36793351012358 -2.65017768254078 -1.29316014983225 2.84009228441123 0.238686462649529 0.67215640367479 3.84628727549974 0.565548903550664 1.9791388082164 0.220959055537437
-0.309224002491876 -7.69655709516304 1.95921119871481 -3.7609404935999 1.14444871590602 10.3365682990807 1.07332580935845 -7.42245321163336 -1.53853007301914 -1.57619719311758 -0.553135652690981 -5.83602399336237 -3.00172060764552
6.82415461817317 -2.19750039089617 2.1946079188328 -0.278835406813851 -9.24687789236665 -8.51485674585835 -1.82323933526598 -0.486065609656964 3.29481378614251 -1.60789547148947 -4.29919667510964 -2.44504801257893 1.36180800091948
-0.952042019537591 -0.9107969226974 0.636612277880496 1.4552847706612 -1.76909907793815 6.08888207881627 5.40365323794095 -2.70149073637492 0.642281901049958 -6.76396972986005 -5.67124580147296 0.730765743510528 0.143633207903434
3.69443473164324 -1.98749911270856 -6.91775449603619 6.77360377972166 -1.30185998673358 -3.68918484925958 1.12920914242859 2.10958253672326 -1.45212287492203 -6.03924684332725 3.65907799524209 -2.43457733064089 -6.37896544750477
-6.06709273588118 1.99687063781842 -1.7275152261951 4.36880407024147 -2.75783234048646 3.71452440136321 6.72682601069691 -3.01647925819479 2.30209621788127 0.0687866024332479 -0.342529677706001 -7.16956515642591 -0.250417056340301
-10.4361464312267 -0.83170881425452 0.16153811823984 0.793567685855628 -1.18051252274024 6.4400833939215 3.6654487190862 -1.93682054188087 -2.42736421367265 -0.831511587017644 -0.246042536111476 -2.21100452470237 -2.44184583740287
-11.5960518039193 -0.706216925001157 0.140288662189937 -1.0111138811097 -2.80643331509266 -1.68053575311358 -2.30461306554338 -1.0464249914799 -2.28692829991167 1.44029912722701 3.17124895201349 0.954118152550601 -0.0251021240239537
-0.973710014342914 -1.75118509966551 2.09817238059231 -3.71854084631429 -3.54037173724012 -7.45727330658182 1.45649051256681 -8.73087897199882 0.326326850294474 -3.15619201349611 1.65374926542436 -1.07973415998156 0.158985592669861
-2.48704049498766 3.79521758495536 2.17994941916801 4.76960792262503 1.80031029868309 -2.18452063962412 0.507456413332531 -2.68995010426547 0.630650199834618 -0.468684545167441 3.28235076396124 1.29339300283976 1.72297587773493
0.700072217538775 3.66693176932313 1.23167096480742 0.0528844549655494 -5.36893982004024 -1.47353338011946 -1.23161108786721 2.62415887478918 0.807457862696742 0.94374745848459 -1.55551833623713 -2.07451428925643 -2.63690710102581
-7.68288082206653 -2.67393159479719 -1.04348409370304 -0.30407968488543 0.11236613564785 3.44390650605097 1.60145607958901 -1.94844584548186 -1.32118246682153 -4.08924126511443 -2.24093410916616 -1.22110646533718 0.524522562985662
-9.53822364432052 -1.79922344703369 0.335945048939619 7.49504691133444 -1.47706520235582 -0.236128517192323 -1.71625871136288 -0.186372101037731 0.778034032587289 -2.21532586339417 -3.45637697332224 -3.79652578986478 -0.451129632335203
-1.0105883906342 -4.04457630922179 2.38615685207183 -0.199647980921416 -1.24286451432074 -3.22537843967899 -2.61010974080737 -1.20154599802816 -1.27734852943541 -0.102008260561344 -0.0419124964344564 -4.96826805806024 1.93933656345451
-2.10103227184154 5.29168109298921 4.24055708995868 7.91544360477792 -2.48235325182845 -0.31742289057608 0.465675337192895 0.895625061692408 2.08313120448526 1.96758544628379 1.25264306030755 0.638620111691738 0.944502778677202
-1.27222887749088 -1.35250765647713 -2.1005104243256 -5.78119636377863 1.48550539614517 -2.50184660456419 -5.68053420117433 -3.04309979159894 1.77904516204295 0.544556572156679 2.65532890054947 -7.93427269456958 -6.67536683749955
-1.34708621195524 -4.92343343412171 -1.45023006523888 -0.072333557828522 -1.8804183954113 0.514991992846521 -1.39035717325593 2.33373913417445 0.29619099891443 -1.16909939582486 2.77973761013943 2.53793255840923 -3.56061568609644
-2.02962816857209 1.85151237499584 1.70829973400979 -1.60808771019777 -2.31415212125805 3.72679086696409 1.0103103823 -9.38253330509885 0.317190134370119 -2.68692908862589 -0.0922532849128723 2.56800262878861 0.19112694724405
-8.61308050442885 0.353395984153344 -2.71059254096901 7.01026265637013 -2.40036488859924 -0.830476679591101 4.96442521308979 0.420104196892742 0.0304571364793607 4.20839215480704 -1.07739737257497 1.92100304963734 0.699077465013626
0.419610990531516 -6.21665864625559 -0.271627274533893 1.99063338072413 0.740571364258047 5.42328100340882 3.8213498397705 -2.01018848557151 1.13217312727162 -1.91274926504642 0.0842969213238034 -2.11699563065811 4.40643866820297
-5.27465110288925 -1.03073774552732 0.725206254237776 3.42761794666338 -8.41439062731989 11.6320164780343 -2.54226820758832 0.510402985802361 8.18009186515889 -0.233166690355325 4.77143683778833 -0.476597117058314 2.21230072823848
-2.42767494242636 0.213062084533809 1.36016171027375 0.900455650096097 -4.74950535892838 1.09756347072274 -0.931324144405357 -9.89462007611691 5.67093850770611 2.68641249403749 4.32450474934886 -0.101844790516698 -2.60020361574237
-0.125866077305783 0.530896120733577 -7.09091481288989 -2.64524867451488 -1.5251447789253 -8.05438004889603 -0.691510104260508 1.46659536140631 2.62290493629623 -1.99512984916597 -0.122908946217232 -1.23366911130864 -5.43418229875499
-10.6122085086088 6.23240985166757 -0.89908426623443 1.81262557842086 -4.7567362496643 5.88984752475151 7.11824026022149 1.60146358094468 6.55975130823145 1.61907691961613 2.74896188971729 0.698836799104541 0.875418080021931
0.0434557022995269 -3.16524788723845 -5.33568807999345 0.119885013176826 -0.675594140256923 1.5683425793348 -1.19890129977171 -2.80807758827719 0.500709517565805 -0.680955894558219 1.36787269160383 -4.15809482298133 0.289075101614665
-5.63842757026035 -0.315402645326697 0.566271897747852 -0.0139808754573418 -4.43008962478311 1.40187514579491 2.20746973798089 -0.44724498853407 2.30178858765402 -1.14678422864417 -2.50307856165018 -0.658144764697719 0.908684893229942
-3.09449637664502 4.02491560339215 -2.27829351834614 -2.97525614950448 -5.23335505689059 6.11646734841061 4.19689306361988 -8.93196430175937 -0.265608351438459 3.28648945605046 0.723728156374758 8.1286498999929 0.791315226966788
-9.18249349445515 3.09566401328257 0.921644160429738 0.603636027383053 -4.51146967765252 -2.59364197398457 3.21517553767318 4.6515276753417 2.92940536948667 -2.38948456279842 0.821469552688988 2.8031726400153 1.78189752468539
-10.6067660020595 2.01165237635437 0.602622710854744 4.4512877543649 -7.17072039343218 0.674708085695464 3.54925867384792 -6.32910163880356 -0.856785812034712 -0.447828342637768 3.26472501269213 -6.65508418863423 -1.89696693009998
-0.463374331613038 3.18800025290299 1.8261224661904 -0.829402362870888 -0.845909371676493 1.08921915580362 5.6287597840383 0.469802532873963 1.5766591134213 5.21490263414088 1.08212766420504 -2.61029044698418 2.57456676546956
-10.2971947462429 1.60828421032283 -0.304535213557576 -1.05149452978046 -1.63082800005969 10.493394794034 4.93157204013054 -0.543803578139218 -1.18044434347401 3.6074677737674 -0.396025363110111 3.21051571650624 1.23144235987016
-0.211424509328279 2.25694734719925 -4.34228629146293 3.63386970293117 -9.17466108927241 1.92126070872854 2.35450603197591 2.755340424182 -0.195116752292664 3.04607775374192 0.682013267351817 -1.1236169115493 -0.0427811896883538
-9.9126023227341 1.11227620548353 0.402787202568366 2.2481308465076 -4.19673930004906 0.733657363568052 1.10903001222143 -1.20769629698779 5.22700811707715 -1.98761608234198 -1.21614270801183 -1.29887005435023 1.22824795022664
1.22765961619769 -0.0844529912939729 3.75056017794124 0.806030883451699 -3.41442844599068 2.29738500923103 -0.580257783190288 2.08372889390836 -2.63090365250124 1.53523219328113 -1.96649335330142 -0.205148694351451 1.28800035411853
0.436635615074214 0.440679055701042 -0.055893646488771 3.7630411268495 -11.6993436361239 8.73891423433953 -2.66515378096134 -1.6129322327745 3.95156126129935 -0.0608959652039524 -0.685048710497049 3.12396162336565 0.10284146879214
-2.77377182277204 -4.18464708798954 -2.93813915561846 4.01096625936102 5.02691294205604 4.54822807592821 -0.542536686185276 -1.54994111055181 1.07741605954059 -3.53741944042966 -2.81462347924103 1.84357813936728 -1.1108211717549
-1.72963434538306 -0.493060883203793 1.69286380513242 1.79271519469811 -2.43863179531227 6.01845443794574 -0.863784674613829 -7.79875476733625 1.72517240930159 3.13312154223936 -1.08776475223567 -1.02298676541307 3.02907440995486
1.48402664320971 2.49536615383262 3.0951572499271 8.07214936809385 -0.225562580766049 -1.10544235023452 7.13540583267543 2.95870042966072 1.25282687470921 8.79904807323121 -1.13726704590413 4.84827343136213 1.31456116877752
4.02809022623657 5.74729781832166 2.84366035253485 -2.94636865772064 2.33041625752275 -0.647234319306467 -1.86234789345638 1.7442346133334 -0.275319774219287 4.05264405763279 4.71804783288885 0.908388373360538 2.53379111443518
-0.5693705547142 -2.84816462600552 -4.05328296407987 -7.91579749019859 -2.84272856129098 3.34096585001374 3.05462793917117 0.044359089095653 -0.158752788150772 -3.36934812949707 -8.21081270126041 1.22266830187341 -0.85525193696413
6.72617863354875 2.18629631502451 2.40761265944566 3.48956199198732 -0.616306923672565 -1.65169245038546 -1.86572487209018 -1.47605365543877 -1.24296314075517 3.43525329350921 3.66504169309597 1.56180604378942 2.70587727878722
-0.938148097963593 -5.84946552461155 2.84168186771227 8.99587908440019 0.587472978764904 0.699301225263026 -3.69589178394994 -2.51193483250862 5.31582228403712 -4.21544797505731 -0.109568767463544 -2.14350937618793 -5.7549257851417
-5.12293234127831 -3.44843766948108 2.75064745244458 5.98107522556139 -1.05587979014415 5.3714340390394 -5.28225016066507 -2.35178789045882 3.22969499469547 -2.86713759018629 0.302538825527568 -3.40153699673175 -2.94467381077484
-1.67179376298007 1.50835290079045 -1.36021085341665 4.36330235447368 -11.464122892447 -1.09942351838732 0.835457430815307 0.355885704189573 4.8022104018302 0.33401070057292 2.54982215127383 3.70719315065657 1.37648404721154
-1.37246878381572 2.76851667227775 1.57230435114104 0.0150800231709791 -1.33942754542578 -1.21066769171402 -1.94586541890655 -9.7747756424644 1.54702567135239 2.89980330603874 0.254885832189241 -1.1851658393798 1.72543707956844
0.214897644276738 -2.06606333393152 -1.46798605555047 0.596698301524041 -4.73624688418345 0.835652225500976 0.140318322319618 -0.301610831109011 1.04470927157799 -0.416512083528278 2.79276434246421 -0.610503094269355 1.060051485968
-4.98840844207869 3.43516126966102 1.0871844682707 1.78065480936951 0.81247657522739 2.71445947131714 1.40843647653263 0.358255370555081 0.212324177505062 0.547584763699986 -0.26809578267503 -0.944157950948433 3.86098592994003
-9.2139453981158 -0.735728548995195 -1.21163669981104 -0.178920386990148 -3.49307218564272 -1.15361998918569 0.747960784708905 3.94599905640992 4.63408536056879 -1.48621447216257 2.30755139609111 2.15264561422453 1.11141046904643
-14.0577561154637 0.640606857372464 1.60564734620343 7.28393757275046 2.10505286763299 -2.03516516219033 2.22812742713065 -0.9001342540354 1.48593533792801 -0.0225564966412894 1.93135083885601 -2.02279072581843 -0.839859676112765
-11.4880252603875 -1.12352363761807 -1.1506321467936 -6.2854927570655 -0.94258607853297 -3.08261111943504 1.97713182725449 -2.46100658644799 0.802899604577838 -1.20515972399395 -0.413568304931637 0.720154528883929 0.357709464525681
3.95735728030702 1.72466340864654 1.26142647255865 2.69165477242056 -8.90853983066962 -0.163958688843187 -0.0945991819396725 2.50144735402198 -1.18770506588785 -0.933815473798515 -2.58701088915638 4.23601561201194 -0.491864558220024
-0.552308679517659 -1.94677822805098 -1.20900874530688 2.32239592669289 0.908952697978367 -1.39075089366514 -2.3118766120168 -1.11901439571148 1.55401202400868 1.97676606999971 3.54788893925516 3.93292665726147 3.11760283349048
2.16552438033394 0.862270129308897 0.724709683381243 -2.03716687855431 -1.31625658539812 3.17301619976398 -1.79185645760213 2.58332633700626 0.584909226981369 3.30036583436831 4.23471578098791 -2.2603751674441 0.496778429414643
-0.332046097870714 -4.62381105229967 -0.917698807059542 -6.48867672911677 -5.62078555732112 -4.13089807491716 0.14378818312879 1.03720186613775 -0.213143216025871 -3.39679729678421 -5.52245747351479 -3.30371106851576 -1.33980771274368
-4.39617627872578 2.48347342382179 -0.885551985591199 2.35705826724983 -5.87744183486064 2.71858760955794 2.98765505022168 -7.85951766711908 -1.96121293570544 1.98206266006594 -1.76500323904779 -1.35211212004549 2.45888984145358
-3.00243049885343 2.0616015871855 -1.27326990428454 1.8067797938534 -10.1471569931107 4.76662580066413 3.64186875310298 -2.54180217484045 -3.07949869800167 0.833695715371044 3.73879942030774 2.36347397803868 0.922753640276047
-7.72296051127364 0.717419637029264 -0.199575195977501 4.62661665715726 -1.75636344781069 3.45088170284688 -0.105713922492362 -0.754226700562522 3.68803310676095 1.8035223332045 0.308599265519465 -2.13617155742188 2.82312121959565
-4.15258216469585 -0.605300691818442 0.269251352256571 1.15984234582902 -2.49522884152971 0.932256498464773 -0.422055709604307 1.66977546736537 -5.25100924662057 -0.601187224174105 -1.29855666557384 -1.4012660986869 0.917540179595467
3.0409703931802 4.74977303449023 1.61960354932927 3.78755956118907 -5.74962857295801 0.100997250929492 5.54819859684829 -1.6195856764772 -3.91102426201486 0.81473281206532 -3.07710481220022 0.21529813955066 0.172154866945584
-3.49884995557241 -0.935691461245249 -3.74161268125647 -0.41100255532229 -11.4388294944082 6.31073864774072 0.40037428115307 -1.14551284831859 3.41706328203195 2.15600173090423 -0.628779720130134 -0.185261183172767 -0.136562354249956
-2.2466725726905 0.950430865680833 -0.666114128931847 3.44678375055888 -3.06124857282295 -5.27465139238238 5.89521778817844 -7.71983622195209 1.52631935089205 1.11182785108223 -8.92419449624282 4.04832772206923 -0.25135945796785
1.18748105217798 -0.690638655942345 -11.4306022765906 -4.47616583879068 4.14991298284919 -1.9846639191187 -1.80505889066458 -2.262464087192 4.20749289446508 -0.722607185560389 -1.02316806116032 4.32096516316385 -1.79726190911335
0.389578058496781 4.1025014183139 1.84186064451963 -3.65076253629771 2.55343910349318 -5.94446514367442 0.69035442945212 5.89283714621266 4.4808376698006 4.51815893532724 1.34856186768588 0.516653392021358 3.4233921551496
-7.77466649814853 1.87149330728241 -2.79931506466459 1.99303795136397 2.126871760234 1.39279231890792 -2.5364073760743 2.37808764526651 2.68621414607934 1.65391690435233 1.88870774001615 7.30268304215058 3.55071520802188
2.75522341828655 0.393859777417984 -5.74346966063016 -1.32901264190819 -3.84084433403405 -3.88786520618601 -3.55589596433421 -1.78754254804598 4.80146383914515 -0.724969568509069 -5.81623058467912 -0.314686025075004 0.333351764360152
-1.95821390605784 -2.9770970161236 0.353269288474285 0.1604255685919 -5.20954191636753 0.503253761199792 4.10199169270128 -11.8635359843699 2.17751761908512 3.44453539491005 -0.259478728135345 0.915966132295498 -4.84782210269865
-12.4159716770771 2.22933877562186 -2.15769412308111 0.146615947275794 -7.99374129621931 5.1693818825264 2.17076468755998 4.41668868410841 -1.71129684817124 1.57052532319493 0.89569627422248 1.71044957700079 -0.0192626668307679
3.17634757503048 1.44441795545038 1.84756132073332 3.50311378280088 1.91434853572395 -4.51972728221916 0.575606788109588 2.91198623271199 1.5382508770829 2.35043543481167 3.81701498112434 6.51294242663641 3.54113479338629
3.57053265027394 3.52052858743946 3.22300622077016 -7.28340651994833 2.30123517487997 4.30656437368701 1.0378459921151 2.56233173047048 -1.16471654437748 3.09286174518759 2.59025154254066 4.56412631480157 3.25702743517783
-4.95535125320326 1.44193479542667 -1.18126364939084 -1.4675492773317 -1.72038043577746 -3.62700713331879 1.337963411163 -10.540042087442 -1.71174892086261 2.59170870393959 -1.59413738538591 1.94126872019871 0.910759997677155
0.0958835646905417 -2.12605999854437 2.27933649673266 -3.56505474985754 0.951224611573182 -2.6854676082305 -5.11604347642038 -0.643588658790608 4.12062412137219 -2.47682989139191 -2.79140822563722 4.90538756224878 -0.473025858989839
-7.43070871616978 -0.790742433428985 0.531495313228317 -2.69776428056066 -1.94288299672164 -0.860888996130961 0.628459103479852 -3.32846419070776 -0.341582104866365 2.2702688741232 -0.367648834488574 -1.92358912868115 3.06765702839786
-2.03055857978489 -4.56658074333219 -1.46357339098109 -2.92484857176281 -1.35032129397548 -4.22781164246714 0.0647739348772405 2.70596613564245 1.65881773841886 0.253701189589238 -6.64922691526782 1.03890960072118 -5.86257737577822
-13.3824138344871 -0.656175277369772 -2.42947469535389 -2.10970290270934 -4.34486389421461 -3.77832663695456 -0.837039279268985 3.52959698108622 -3.36815641800515 -0.580401375326641 0.311859423216507 -0.974886297967804 1.18674765114861
-2.27216044254145 3.18473197022462 -1.36664056140171 5.35704700926297 -0.0175324590828261 5.15056427812893 4.23239143518831 -11.8222154075496 2.69093074699499 1.76921277657203 -1.20038834468026 2.97673871258243 -0.989786615039043
-0.884541633668992 -0.045321127423799 4.78030472690532 -1.55642493136132 -0.490055443599733 -2.96031666928269 -2.24176488007428 5.05279181604211 2.89000354567288 0.499693134839648 2.41372122777062 3.20621947576374 0.568971412342517
-10.8498461426441 2.17058335441819 -0.472081882213011 -1.22662073520371 -4.38534562884599 -5.99565092281453 4.16754488423873 -0.808885813725968 -4.11337798874331 2.69173170729604 0.349142815640822 1.89380412988197 3.7440362186636
3.45897717596553 5.04156844013757 0.0518153425362528 11.1290051502913 1.79689374764912 -0.931847115688993 1.20332764998065 -1.08791316133891 1.14027791117665 1.54330150109227 1.67143467972337 5.75758675004531 3.93652479932254
-0.160511234207135 1.6285259648451 1.0932380528454 -0.516020464260631 -2.88476758845907 -8.18500687775726 -0.934418859391823 -1.54614455532506 4.14117033962949 -5.8876818224615 -1.30826625531814 -0.727258315162039 -3.94282106341548
2.85646943364955 0.851982416366242 3.14486957203151 -2.20894815763358 -8.59943166220613 -2.56835050033061 1.66648261362908 1.33694974404034 1.08660346605282 0.957571112651469 3.07104382086952 2.01255092003747 -1.43337834885345
1.96696490315715 1.31386241755003 0.132749000722498 4.53085454196928 2.26250090337891 0.703248880311799 -0.229534401113421 5.14410044978817 3.4217467526414 2.82734780461424 3.96910427771168 10.0156806679383 0.996285152840901
-0.879437582675386 -7.45732842257766 -5.57844860859531 -0.12370279711825 2.76980276906325 -0.921949736790468 4.13377237372971 0.715181114401109 1.39292836361656 -2.46421797642628 0.521993326592041 -4.46808159915755 -0.299529116090093
-2.29768736371705 3.79504906200184 2.11034037131784 5.43554103018952 -2.24050285444154 10.0625732178834 0.759921754541356 -11.0769023293914 5.60273546470012 -0.245098197425519 -0.847629554221566 -1.94464493806859 -1.35212737446341
1.05185340822209 -1.51530719556837 -0.031043849440915 5.00455010643543 2.47310930062237 -6.81998747721039 -3.98060574656846 -4.40303883380467 -1.91550829936608 -7.31981442128723 -3.2026290376156 -3.2846693657281 -1.83872729478973
-1.86545292555894 0.303941419842398 -1.47881586389674 6.17502843851685 -5.77248889578837 5.10868372965639 1.82341897655635 -2.9433537006055 -4.65314978685293 3.54238177559475 -1.06668620623124 0.497740755038153 -0.219596266378027
-5.39622929026501 5.44886615900451 -2.99680809853883 -0.113462984656184 0.247925935759305 6.41679517687807 2.47897992831333 2.07534099701174 3.88098999093617 5.20563483731695 0.0379901120491724 3.52943927499843 -0.821916181583975
-2.25150592301386 1.33371628035931 -3.02445441806422 5.59492201103247 -2.35346129702297 4.11800143349662 4.82351818674414 -10.3472735653825 3.9432946331109 1.98549320552208 5.43483588836005 0.411367925406957 -3.2258601083063
-2.77109145647377 -0.914820096377303 -0.169326112219458 -1.2610294791294 -6.46255757148819 -4.54697596984626 1.3234108346248 -5.66740420790987 0.049566242194383 3.23875236629052 1.68904513439746 1.41264720771597 1.65799944061984
-2.12391518708359 -2.58156097597275 2.8045976840422 -2.37971357593705 2.51497526084204 3.25894459370909 4.3611821258284 -3.25003378206683 0.294608849049049 1.14120508804139 0.601340931350534 3.43976951451771 3.39106743964183
-0.716598831231284 0.417626161694166 0.918755007639495 9.96185547153593 -0.0529418553730781 -3.03900188708694 -4.73637150320492 3.07808557265919 4.08470266341375 -3.04281007373683 -4.50270538010277 -0.433786205165053 -6.24934037809092
2.98924299485747 6.61170939204995 2.23885654261446 -2.79193337389684 -0.870868952322688 -6.26575886816938 1.29374260670625 0.589816310734411 -4.46798886839568 4.66952959407921 1.99549560604629 1.55200680743785 2.10120803068393
-0.717001040563422 5.97260068220295 0.602299924111268 2.34725789847562 1.83024476370529 1.06009869594548 2.25958739538689 -1.75838693530947 3.64555827066681 1.58015552687624 2.06592214915395 0.596728943421734 1.90535173734395
-4.11343256973141 -1.90457952224364 0.957971010736413 2.99348251117282 -11.8672106381816 1.85214406068 -0.079196788751987 1.63367088106809 1.85714923331742 2.76113298161387 -1.753086854093 -2.44492555902907 -1.82474591495975
5.2227069327382 0.660276863307871 2.28791805668728 -0.657597411574085 -0.0438702971979883 -3.91175399535858 2.16357530683238 4.09194546821756 0.85345614169056 7.78279009502272 1.88407057137161 4.13633570375525 1.73297717307587
-3.16911675554234 1.46739559153513 -1.66128786763733 6.36042305429171 -0.185305577329476 4.75498327848633 1.95108992822358 -7.81601243196741 1.17502125634207 -0.921595368911879 0.868066963719522 1.23721982309717 -0.732192169469374
-12.0885336910272 -2.4592845487754 -0.32907476989291 1.97221081482839 -4.16266756356436 -6.17010113671601 3.1660300545271 2.90162486074394 1.69756430909229 2.12695591982333 -1.50634530583644 -0.436917464385409 -0.0709523518523851
-0.804282712879959 0.333353224249228 -3.15846377364691 6.26571914688306 -11.7761214810617 -3.67297161555014 1.97187580341204 0.48569168826865 -4.74196464727402 -0.904952864495463 0.154431156607777 0.0407587784433239 2.94558418660327
2.02543145616221 1.40611764743654 -1.14013893069913 6.91525978344579 -0.348132674428824 4.93907349653119 3.95729483712876 1.44037264208136 4.5006002345208 3.19226701280214 2.74947984373274 4.75275873840603 1.95533255388575
-1.80251333223571 -2.53028993344173 1.82125232376083 5.98091506942333 -8.42396314765269 2.68481602453917 3.52545059448001 -5.12611030980623 2.84504146353782 -2.77618842395778 -2.91859253997333 -2.31367250584068 1.14495511359155
-2.36564591802476 1.8177521704367 0.153782161715426 -1.97633586921722 -6.45884515157119 1.02932835568523 1.80313095815199 -6.95400476144639 -0.314318332560544 3.11928486541413 -2.32601883879354 -3.04962667187721 3.71083046566997
-12.3331205203723 4.71488941828246 1.16068488300062 8.23965338816163 -0.968311419668387 -2.34338750038729 6.05779166695525 1.11728678682152 1.49831746365132 2.78453544382057 -0.442466436409592 0.257597290239655 1.73325135776508
-8.22686135312646 0.172959692645724 -4.50463473185369 1.57828120730699 -11.6230176827636 2.49159658284526 5.33996310791723 0.844231350350306 0.223088680643621 1.50877977341508 -0.590545312177742 0.402942653352987 -0.430812476136289
-2.30552477948277 0.619367982531611 -0.293539615221883 1.77362501959175 6.21333389187914 7.86739274913252 2.11748147966121 2.61795822805784 3.22378252844659 -0.148124848706321 2.84554611627823 -2.05107466811954 4.30641661728612
-2.05191006095761 4.81697154288614 -2.42444628463203 -2.34185365497286 2.99712518172756 2.52419726895372 -3.68427053685427 -2.72940015282182 7.11555280212671 -0.503870130388854 -2.33213798033504 4.77800363526767 3.51139223080856
-4.48870753518423 0.783641564213861 0.286069132427148 -2.00074959372887 -0.876153114220993 1.07322554264042 2.05599108369673 -1.00814198016353 -0.234522973014678 5.11799595368116 0.229184486314135 -0.727369516768711 -2.19984711796028
0.255115894083931 -5.81959656611034 -2.05652016290085 5.84626700339342 -1.097020029065 -2.60041103685021 -0.0920646928802664 -3.39613189253937 3.69829458690421 -3.36962525671647 -4.12559960873343 -2.22919814364857 -0.9042585385091
0.0395872071452797 1.65259894153877 3.48881103664697 1.92617495991288 -5.18756377835702 1.00606533342373 -0.498890235430995 -0.513272598485454 -3.0956045271759 0.643523025047787 3.29064439811896 -2.55038703248574 1.83580694258135
-4.24269271388427 -2.72712803060143 0.466654374072078 0.0719324584269272 -3.28214868910345 -1.26043047517111 -4.31861517480957 2.20726682360849 2.99677256268755 -1.37865452439614 -3.42853256645343 -1.28295338783667 -6.77605766461792
0.973336485860744 4.87056164119133 -3.77973140501072 2.19335109314685 -1.60795769458391 -1.51906233216645 2.30578942748276 0.993640133537488 -0.710933398056529 -2.54095733684494 -3.7383960521657 0.460130684923801 -0.456649287899346
-8.6661764642617 -0.0560804470209201 -1.09261374108621 -0.854138984073491 -5.06026459047464 2.40435797573213 1.47907728684468 -0.672368062109615 0.670227760824311 1.07853285770855 2.12305845476441 8.32477711735779 0.422220295364128
-4.02538319556921 2.06876800318035 5.08286563744471 -4.42631934953987 -0.791019348992217 4.26258576822485 -0.400164170134297 -7.48530094446846 3.25475433892971 1.04504844564528 4.20167367981517 -5.89335264302074 1.97451354916021
-1.18163237743907 -0.47497704920036 -4.4925439367037 3.46020206727057 -1.81933338857554 6.30847857460833 -2.84021074832147 4.51677162022201 1.40490294025721 -1.8669868323584 -11.0819574250162 -2.80016673317524 0.484603313478131
2.22801743929537 0.367195032754503 3.34094844748536 4.77251370968729 -7.9034889933209 6.64518925127733 3.1050043225572 -3.89616487335706 0.586987616596054 1.28042453258001 -3.56355928846437 -2.56246559784574 -1.59619211354558
-0.566383629105252 0.243438261928606 0.855816009415884 5.56200045440691 -11.0143010185613 1.03201659523194 0.129885719189052 -1.59614098561992 4.18639366829322 -0.949115044137602 -2.88654705100153 0.107894007220206 0.190050383132891
9.18922258023245 0.474580875033397 3.30130784651963 7.54524818287531 -0.285117500515805 1.31925000828407 5.53462628532102 0.160681813135413 6.80053428914416 2.28949977442728 2.16714500853546 4.47475426651866 4.47333250456635
-3.09241556856731 0.406519044310221 0.0698776460407384 1.5959729888919 -6.46330840950424 -0.770703759860432 1.39953758974395 -6.73305270387018 0.645094044418107 0.663866664803668 -1.49227964489941 -1.9397683723945 -0.720126138759354
-3.38441142275187 -3.22729412388005 -0.655274673977028 0.846823757913946 -3.61594925380514 0.849339327389672 0.383862226774867 -2.01565144604204 -0.491595775677576 -2.99734539465201 1.94742565247332 -1.22377516061957 1.35188215060029
-2.89333790651367 0.700596696071031 -0.441967374533355 4.7595728384836 0.0100186552643122 -7.43869663672114 -1.03379868109864 -8.28582828382096 5.2853593674754 2.8731619070147 -0.36725782021413 1.95307527338644 -3.05094818881856
-1.78358353394623 -4.15243509801043 4.06702868135226 0.365379719907115 -7.89197220291421 1.5858346452138 3.69957768694468 -2.69529490521038 -1.55403876620832 -1.08467257368304 5.4993831220732 -6.1918936465574 -6.3128437368238
-6.62082083780752 -3.17184658700401 -5.37273699647531 1.93993815465393 -0.690879723617243 -4.72265049575036 -1.68337479967774 -3.37168495084574 4.37888012656926 -3.34426137563695 -0.485966427514082 -3.44414927036743 -3.89677790822653
-1.14598694295076 -4.20380540634677 3.80483450365934 5.72084821407518 -0.968740761699954 1.50259401489624 1.60023651032628 -8.30416423927479 3.21551452225416 -0.184869865273715 0.990083240435433 3.27087205344044 2.79807845956454
-10.574893346418 0.556715261061467 2.20970581136996 10.7226696378124 -4.25298992644958 4.18370310177749 -1.3264670668915 7.58071541198016 2.65568763586157 -0.785631863205694 -0.367136678056081 4.5574755480668 -0.579344442481164
-1.77067731368603 -0.317410702855398 -1.18648774492307 8.30934221737884 -4.74268876822938 -2.21095431652259 3.57498546479377 -13.818047317875 1.71301688888335 1.17027999339816 -5.65799899176349 -8.45964337238503 -0.241946202396291
3.01947946127083 -0.0101428575957254 -7.73888258608049 7.38370489137444 -11.3411794178991 1.00413269662332 1.96961197386821 -2.98155612833989 2.85492793852188 1.6877115560627 3.51394505550026 -0.608005234224398 -0.551628152660227
-0.754436414629834 -0.825712293187179 -2.0675212293964 11.0955681392666 -7.43172135819105 -1.85599700143419 -0.707218374523027 1.01045088268285 -1.96580724268618 0.45599837043235 0.183088336044175 -0.878895655796595 0.0454500129857997
1.15805947476702 2.7881552585397 0.423057781643376 -6.08262748437286 1.55176537127134 1.41646202907627 3.17130036448612 1.15866674976678 -0.208061798008376 2.13732346850957 4.86239734587674 -4.75428332393777 1.83333199749029
-2.40474169480366 2.25340942056016 0.81947543354572 -4.8073659454752 -0.715198989112604 -6.96296820806053 4.56986057902434 -7.97854121537961 -1.16683394012982 -3.19740329023507 -1.94850025549866 -0.99354526144864 3.11701554402414
-10.1905583653412 1.83045285570684 0.29948708275695 -3.51632272890985 -3.63741974551987 -0.896023909828615 1.75342103226983 0.487924982238937 -3.51137044675235 3.98760527127189 1.89814303708947 -0.455759906958864 0.163119422872504
-5.59078818719065 -0.50117328353733 0.827857993758068 8.36667686415008 -2.19552536432006 5.60901559416703 4.02825608164882 0.984600796019143 -3.72706767702977 0.594359617347927 0.887684270380179 -1.80009393318766 -1.24156164473652
-1.24984960655707 -0.162057638007454 -2.53127317493983 7.36013577659323 0.700670103799041 -3.41687491249847 5.18416133112732 -9.51208588042718 -0.0151929299743809 6.73556442050518 1.57176732852532 -1.61212089061335 3.42911107111417
-4.64296076394204 -0.999874801654175 0.703285698226905 -1.52533803170202 -8.89472810905344 -3.88350756075802 0.708928077418527 1.58869766662877 -2.38859523194462 -1.84910812000294 -2.55925779921337 0.721484813625354 0.87886778191458
-2.44300479716121 -2.03166172665959 0.99775414303466 6.7124308706374 -2.6466399999487 0.401325911580752 3.25746349305289 -13.8705657394535 4.01219826806844 0.974759841347335 0.429750570297975 0.0692465937353084 -0.0698581696963415
-0.350796054016752 -1.03047392319599 2.13347302789216 -6.31218988986793 -8.21062554396607 2.25256771993843 -3.16204898793844 1.95846077553472 0.355713753753275 0.414503358338601 -0.191480489969637 -0.400868958005549 2.25923591282461
4.45470836262099 -1.96896480632073 -1.93207148298132 1.25464726246202 -10.1039210208565 8.2874140136407 -1.62374112388328 2.37628824698017 -2.05387066110497 -1.05819626722218 1.49885633747412 0.712409179436555 1.16058138714447
4.29837976246478 2.59650522265121 2.42396292720408 -0.634154149449576 -13.536064814004 -2.05057141991728 1.79793939628167 1.54300701670544 1.20361855895496 2.71809377089928 2.97823265504608 -2.61204028842162 1.56599563430818
-0.260449423025612 0.670977843051146 -0.730236359869129 2.07846990827557 -6.25693786085081 5.34414471406654 1.59063899904955 -1.20625866683947 0.302799132552504 0.341643977907642 0.935706021992591 -2.43616280706121 1.83361392878593
-4.70700397054966 9.57955814706825 1.22673186966962 5.31811884773278 -1.78417760789127 -1.37083755245036 5.39689464865513 -0.132061628742564 3.76745336358439 -0.551777753317091 -0.155140296102586 -1.38383714210692 4.89733799807817
0.348282984299078 5.8267748358696 -1.27491049843171 0.811088299936041 0.188197378584067 1.09396384135745 1.9866259480511 5.93368496133893 1.23316529358958 4.34008768304006 1.37384874234866 -0.232359000692681 3.28960913315354
-13.8377656309728 -1.81355986177904 0.349894445116963 5.44185537304661 -11.3523329155361 4.71406508724158 2.08350603067138 -0.686535955336569 -0.417870944312537 0.0250182843449671 -0.719177000822516 1.68613906766856 0.73367589455721
4.89282272586088 -0.811436957896017 1.90789091011382 -5.76807496808136 -10.3385404145699 7.90812203689465 -1.99678517968018 -2.50819236781256 1.62472075394576 -1.08073062583759 0.00782249595169615 3.35832787893426 2.51292614871096
0.719226932274549 0.847178982466046 -2.16102370344099 3.2419544459253 -9.9852951897899 4.67683967371368 -1.75603600697568 -1.4753607688915 0.454389799382948 0.770711264791507 0.966012984256775 1.54752694224891 1.09864657547353
1.42016480476788 5.53421390419505 -0.216317261519072 -3.80626652293932 -0.437194111464673 5.06177160349442 6.0262925789408 -5.04592434815166 -4.24470673415666 4.23293545623932 -0.36300662731038 -1.58232682410278 2.17058866436452
-11.9167281751594 -0.589680974770278 0.468636742802175 8.410187210503 -4.92883649315132 -0.839263850745051 3.36853487653897 2.73086387478514 2.07891006329807 2.18640233377369 0.00709841523424143 -7.61720792904436 0.845565270828858
-10.8577364021142 1.23705405094983 1.59189213887264 9.54709557457109 -1.27432936830186 3.48694611288014 -1.55521683729878 0.652689334532431 1.27470053119429 0.00847752469109642 2.63301672137257 -0.115466903624467 0.91443827741355
-3.27052132506853 -2.56602131394011 1.50737656497714 0.036180902042056 -6.06140675601823 -1.869895665363 3.07280410395048 -1.70160132151758 5.61734606938591 1.32235993266415 3.89387924868669 -0.603575610298069 0.551449562793465
-0.728247245995715 -6.3633126153129 -2.85375422071981 8.84939914097146 -5.51608723118524 1.52650270306292 -1.16456093379459 -2.15505713715234 -2.77438007461403 1.18667162172376 -1.71997962677552 -0.134781113388077 -1.50895479136766
-7.76591072698948 0.907381669454269 -0.0772296238201061 0.109974785222971 -3.13415440412977 8.8088825982595 -0.596149146246563 0.520659465522819 1.33109848679526 0.466413444514648 -0.00827978894690973 3.77977354286415 0.504152056873273
-0.951368153126538 -5.12734110857052 0.0684612736578056 3.43631365479057 -0.217506145750946 -1.40748326681763 -4.01377786212637 0.319093364764323 0.762077853747488 -4.5044985142751 2.21479660263916 -4.17621643337223 2.58400549114563
-0.911582715649637 0.329394978128027 1.29814713526667 1.17620435472588 1.06613866705926 4.64100109728115 1.13700662637363 5.89189158780615 7.46422848103787 2.15912850387604 3.99664589343578 -1.2155654335283 0.821460242136283
-1.32264031597298 -1.46232622036537 -5.57549035928183 4.59386844078101 -13.0013841589378 12.9843661703945 2.19035455046068 -3.48226561837659 2.97178174885779 -1.40793718790563 -5.62971219849291 -1.10639625665439 0.137003523529909
-2.97078194979438 3.48889346858002 -0.0280509485634101 3.79611188745079 -2.192382418126 -1.85481061739038 1.18821275907986 6.39655950938828 1.15061452425839 5.85029981098412 1.01399650285098 1.84967841330047 0.319555418504182
-1.89895534918744 -2.37186226688938 -2.87957315080443 9.42348213623015 -1.99993481327844 -3.33632445537013 4.63880405839685 -8.88715010505679 -0.812424441257194 3.41975973300135 -1.89934503086999 4.94227874221789 3.31831545485069
-0.97789549137301 6.76055811101539 -3.85542068900979 13.3544431346511 -3.75651090165834 -1.67200168556463 2.30838716543404 -8.64302823881766 5.10144800836149 1.32603537980398 -3.48721949337322 0.0118402630294611 0.322827126055028
-9.01136640840372 1.08466471365255 -3.20954527387946 0.0322837353623091 -8.83884969001612 1.04159617115612 1.67971996560379 -0.436399632365272 -1.08348118953752 0.820260354813193 6.03412704206239 -0.406651971325506 -0.0212170119967093
-3.44577956744506 0.777086401100606 -1.76112088407658 2.07299258718898 -0.528455992688352 -2.22260949825527 -2.47624518681237 -0.770276765584979 0.811434171290538 -3.62953356945496 -4.64156487756124 -0.13805559275259 -1.81338863259488
1.47907602826249 -2.84164872551002 3.60233179086538 -2.24179918383636 -3.60305327231709 3.19121760348264 -4.6415484532379 3.43937073089866 1.93035989558647 3.05930113919367 -5.95015768580036 -5.28191318351143 -8.51842260373522
3.46386612516366 0.168546729931534 2.74094135953425 10.5765056953815 0.642970631803575 -1.20168508006595 2.00820773211221 -2.09094665577851 3.22670897729137 4.00358619422013 3.82190847066061 -2.07548775760645 2.32317636047054
-1.29183551057303 -0.733699308796187 2.57028104055881 3.02767151311001 -0.355730984944889 -5.62707060986235 -6.11525217258388 -0.599829009508487 -2.59861226106385 -7.54959817730297 0.122008446059988 -1.93621485259543 -0.793118914926502
1.24894961453336 -0.00219944541120123 2.36058091786328 -0.0167512877081313 -7.87116257227876 -4.16470865720492 3.08628437554401 -0.627528109330583 7.99783134009849 1.08317246101547 2.68774998231693 0.572344958872666 1.34030059937198
-3.42367846224701 2.67010139767517 1.17750186872548 5.86909888513044 -3.11569239939703 7.97719566198025 3.14924970799972 -8.02658635608407 0.387782210120061 -6.14211181938676 -1.96591129456823 4.00381956913139 -1.95178530417559
-1.78969992767711 1.85189609117174 0.555406646871405 6.1848677329811 -8.49217222928777 0.62460477043135 1.23970594906799 0.477175359747196 0.222767898342278 1.80610683618129 0.120825896730188 -1.64329746909676 1.87849328747088
-2.2857567930402 -0.78345855398607 -1.97746035560166 1.39027507536352 -4.83818394373541 5.22583905547488 2.00489069456777 -11.4803533642993 -1.68355569866719 -5.98981529216907 9.98751841163733 2.9679742177937 2.38156606892642
-1.50529309956061 0.930473860628141 -0.23970724828455 2.68567742524375 -2.57039864596922 -6.55398900829824 -1.86767630606644 -8.78715200126624 -0.46716296930338 0.509962547449806 3.00413403135338 2.07922290813682 -1.30311290272537
-4.32379321049875 6.49125988809293 -0.168572894087189 -0.030803034323363 -1.19121489434204 8.00328191357499 -4.28202098831928 -1.99780755770129 0.0497332509520587 -4.85166543014482 0.669548983083263 -7.1682485685916 0.520155465274841
-2.77145299863946 0.745415556020616 1.23958241298896 6.18763734759889 -16.0806587900293 -5.51759510327613 6.1439234366551 -0.661876573344757 0.370954224111725 1.12082961399439 0.783706811977995 -3.83414058008052 0.962197616335825
-1.28484138923747 -2.13474400226273 0.685318062695168 3.51267771848994 -4.64586360321933 1.57115619035203 -5.02185373270578 0.242239042798742 4.07699844877166 -1.80353040863361 -1.95179165809456 4.64372620665222 -2.23639867449912
-1.40350370086769 5.39839743650557 0.231830163769837 -8.25176273790024 -1.63598923349011 -4.76430472198952 2.8497031149836 1.51523817719347 -2.73672884284005 7.08608079344418 -1.16615501585933 4.61241793689299 2.65362089633077
-11.9701095040873 1.52927652792421 -0.88663887186106 4.82742073066766 -3.82131269302708 -0.88842498824678 4.63450680301628 -2.31320658258656 3.83076856932787 3.24233975594459 0.424195155374855 0.552646056295549 -0.498234137353561
-3.63486628504662 3.22268052802243 0.614008601273206 0.939700396323755 -0.416112129303567 -3.47432607442948 0.948019150765706 -13.2033712378152 -2.11974153425452 5.5178270182298 2.28470789192123 4.70061820876504 -0.0306334099049643
-3.6780735244404 -2.62286599548033 -2.36193199578373 -6.03616058558216 -13.9649466922569 -1.05635009673721 -4.45130126923196 2.16073658833178 -1.01845644791538 -0.48793726491447 -0.268437399723951 -2.31300488922774 0.954640779517992
-0.338866373165832 -3.3761184258897 0.172098606012043 2.68841806753832 -7.0873942157147 3.75558172895898 0.14329213441035 -10.5001050365499 -1.62252817737661 -0.830185414512356 2.21590634984393 -7.2734631244208 -1.80823734222317
-7.2452736253585 2.3753820486989 0.360925563827905 0.6302897148405 -0.127713536754664 -0.675002108756446 1.58418682005328 2.47313819747925 -0.131409171434386 4.81336188558521 0.402198781836008 1.35532695207923 0.415255614213036
-7.53525512690766 -1.91326763150955 -0.413281691176878 -1.53443035685576 -5.50173060963166 -6.88464918597242 -1.25767548531219 2.16378203817259 -1.33827055425785 1.06990725615823 -1.22526478370674 -0.714352609901194 0.859753150184454
-0.624658031651747 -1.64051549019054 -2.20992290844204 2.03058031163951 -8.39371658142045 2.4074090617012 -0.607761247252095 4.3716575591491 0.705014088621152 -2.12179754063592 -0.314534165857814 -0.947305804430453 1.70083280098238
-13.7806175828966 3.70860510518006 0.159300052953282 10.9048288033036 0.639035800485588 12.2670365708569 4.47325113776508 -2.47316647213382 4.37367764538512 3.99224159494604 -0.864802391245699 1.57692777019433 -1.80740380336934
-0.749374689465049 -1.33798506064158 -4.82982045802458 1.9114040280769 1.04261707527098 2.00076934816 -0.948612466908727 -2.17031320174868 4.99142118977769 -3.67705446296394 -3.01590080814094 -1.72636930044544 -6.27404174163734
-1.0955960031652 -1.74194948958055 -1.57095500662369 -0.658803986589191 2.7691060753425 -2.13903024441891 0.539027453756751 2.78907070475298 6.12990225482539 -4.03588764289197 -0.652446320230789 -1.28523001079672 0.275140334800724
-7.34897836960329 -1.02031911391998 1.96061505273913 0.0833706286478688 -4.52840902390505 -7.71130382474943 1.61127148094262 1.9512705445706 1.93084004490741 0.451839673867939 -1.37159651209163 -4.92353129656538 1.44185619801987
1.14943918673281 -0.0223364953163411 0.248021828640437 1.41917237818731 -14.3159109759178 -2.70646817420532 -1.07255563218766 1.79480176091954 4.96057000617868 -0.895675795695795 0.670358134127863 -2.43696864518132 2.19645897557869
-9.28273557719067 2.84592169337589 -1.63561237071278 -0.490584026896087 -6.47032409294559 -8.07004197558408 4.07941092521321 -5.78352643186918 0.422405745558924 2.92761926479852 -1.11684332158325 5.53699837461053 -1.72264650789567
4.21308268191946 1.6772066555217 3.94778226586307 -1.85128479976209 -0.348367544078272 -4.01652197633581 4.67073854492246 5.5399594123469 -0.506830242745885 -0.433215152963978 3.57689909827679 1.96374859778032 1.81115386527237
-2.0062288017263 0.167189378022839 -2.02715461412467 1.44800580030956 0.479260215993194 4.13247172606728 5.17058375710817 -11.3220472750942 2.76586890844519 -1.44220498859955 -2.28268151261442 3.78162110081565 4.20237409401735
0.715447688954656 2.74796402395358 1.32026740635304 -4.59709684064345 3.23596766698709 -1.67426507177324 1.47874611512412 4.82495713943517 -0.616333625269012 3.67551589309534 3.24064379478504 2.22262200444138 2.22552698148832
-7.00554937717556 -0.586586467969552 2.46788080528875 -2.96992192547566 -2.49983686505759 1.50713137859003 -0.126246702725101 -0.134288416115241 -1.7156656675346 0.837744985663344 1.94846137657518 0.137001623340803 0.165429906574411
-5.39753366620901 4.49002057054252 -0.4159687347506 1.95944464552676 -2.14165498315803 -1.26621070561952 6.93351223633249 -1.10304286818108 3.80555122408301 3.03115050159341 2.20322533718445 3.19685817422951 0.699407184219847
2.61545010634082 0.842044422538456 4.27669649208514 4.51412783763943 -10.6795576935201 -0.58169829125225 2.79030003235898 -0.915861956407433 1.71537316683249 2.99495976634637 2.17715902179738 2.0466029294346 -0.253759827661367
2.15350188104787 0.347228440699879 2.25212528527069 5.9819242906176 -7.29688988115547 0.225010260037108 -1.88964544277138 1.30058911183263 4.64677786906774 0.601815762353256 6.13970856413113 1.09475918186051 1.10447087679723
1.4649500116085 -0.490251734707112 2.17161245094651 7.32984023109047 -7.73592933278396 1.10027806283031 -0.888766820446821 -2.26491090328109 2.38074582550842 1.26918775864342 0.972121546805414 2.07272265286343 0.146787569513645
-2.16478560179166 -0.470513887812362 -0.902229370614927 0.260140262411243 -7.41455405075287 2.56057241366461 -1.2765546892764 -11.6298288017442 -0.886415549129584 -2.98461310613392 -1.59463405023805 1.25560295409816 0.259210872881746
-8.46544981748454 -1.84405605134228 -3.95024317213447 5.49222884040137 -8.57887657405523 2.3304482512208 0.213703906773164 -1.22050136523449 3.3656114495367 -1.72538487854949 -4.84850398631813 -2.84762497242564 -0.515095600317091
-11.5144460390946 0.401277031843391 -2.2712750801385 6.4342144190683 0.793585415383266 -1.28742031022174 2.96287852797894 0.736366569224675 1.04477997952583 2.59073672570606 -1.1131557739086 3.1966052364797 -2.33859519805519
-5.07176840578895 1.34954371631766 3.10229158314493 3.00116492277876 -7.43378404974691 5.09685966673201 -0.393272256349024 -0.131151833120764 0.525654963528018 -1.13463035969539 0.195450910413291 0.449426257060515 0.29772079023503
-1.32129556156974 -2.23576899566059 -1.18720534300196 11.1201958971539 -14.255502190034 -7.08196773420915 -0.158559943308054 -0.944516758697374 5.09753928622138 -2.58888151565607 1.10792646673938 -0.0495041299631035 1.02367747699246
-1.28086843409042 -2.08248493395514 -0.817036971547707 2.18648526013182 -1.30948445647314 1.75569727897095 -3.94330892999904 0.759842078662407 -0.48001167738306 -1.55484332505294 0.649237803532274 6.75592033556304 -6.11570074752912
-0.661633735038058 0.983458375203618 0.492380549915372 -2.16352270265741 1.33847030008426 -2.86049490533563 1.32992901476148 1.08095052995525 -2.53507434414552 6.88156224665441 1.48734080123514 5.24106993000027 1.71282025502171
-0.0573965908343478 -0.366738779062632 3.96081384112866 0.244318496729745 -10.9321054516828 -0.341800477569883 0.314234237408801 -0.0474135517657906 3.85009962927917 -1.04116331305711 -0.918654832435275 -4.19017854142937 0.737481780366572
-2.10147860110353 3.31373251284105 1.45787090125115 -2.20074254897202 2.46304628899507 -6.68788686433947 -2.12474788119191 1.48573591495771 2.94442225104132 5.79196076241714 2.61693647039135 4.68032468237534 1.68626941612473
-1.56250233831305 -5.11513441036637 -0.21082491261355 10.8843851591351 -1.79537414920842 10.3415936304839 -4.72711502050793 -2.84271993008467 6.82030033386605 -0.977129258546992 -0.0421562852371562 -3.08431266142238 -6.78278837342457
2.95015627170577 3.63871093405914 0.742195174598223 1.29821874644548 1.43032229991586 -1.84045608984116 -0.718412899389678 -2.36411927682777 -2.02388528222876 4.41609739805035 1.62140515550488 6.5206298512408 1.89940505053722
-1.1153725333725 -7.66209411491859 0.82788437604283 5.4036851787411 1.45204243521458 -3.35099319482525 5.67189533733557 -4.48762812769837 -0.141648430516839 1.30669650271947 -6.46223106882305 -1.02159943594013 -3.11185516431092
-2.02856359088708 4.3174648253893 -1.96188386521431 -4.15571735536534 -0.142476697167279 -0.58971127667467 1.96781238641063 -7.71190358697661 -0.0183541021033145 2.34705904734723 1.64227500562896 -2.90025752174011 -0.218769395330949
-5.80789359698818 0.8715750434935 -0.719508890463043 12.1343919001481 -7.86916976797968 3.12483653287056 4.32508949423626 2.32298425461342 7.37571523528161 0.416981137304106 3.14708530300532 4.11998788649031 -1.0200212097551
