x1 x2 x3 x4 x5 x6 x7 x8 x9 x10 x11 x12 x13
0.428761567061148 -4.31683271966377 8.15667884739548 11.1009855587736 -16.162893752424 -8.34969727600324 3.47339988798758 3.83533317774078 -4.19539460889694 3.83739584489879 -0.0272344432289544 -3.42563065602362 1.35991672558167
10.9660039217388 2.37912037098088 1.39444587648219 4.62703337417318 1.55244085540587 -19.5473944656388 1.65701551774716 -0.460970276177307 -1.86272793641281 5.57045807006974 3.93784357471295 -1.28513758304957 1.86896963808195
19.9551191843096 0.897465456628976 -0.537301132638732 4.75314606814592 -1.57299009349039 -15.135409881628 1.57601634268413 -5.56388148238431 -2.8543297758946 3.90738729508359 1.91890142114314 -1.99923337531656 2.37727568563396
-5.24170343865621 2.50326800514538 -1.98238714289182 2.2676920789863 0.955214474767016 -6.4053403219094 -0.978561505080462 7.82434457494772 -0.0356619247011872 4.94150448846225 3.32956751297151 -12.0476669491522 5.09354316352572
13.0046314182333 13.7161871763019 -2.26743454586261 2.41859238791535 -15.4740759916186 -5.05709001609111 6.90798789932221 -1.20025563395133 7.58820745891903 8.32059681701326 0.556316102419183 -0.0645823360094293 10.109275653352
6.47577055521728 4.84236613057003 1.9941513792169 -1.11138320939619 5.14905810708462 -4.86730264377446 5.04885068850833 -10.9173664173391 -9.91707312052028 3.39826191760078 3.92585150463384 -16.333588209098 3.56062030388921
19.6256261808069 1.66667156771828 3.82786431028204 5.4473834000587 2.44486701450599 -2.05112052997126 1.93076009007104 7.27892131021669 2.65996001149278 3.03755561884451 4.40351766531797 6.22343981197094 3.14808435175237
-3.16090639060891 2.20951580982709 -4.03681303055204 3.63324383878581 -0.559867379922944 -8.05189494006201 0.336321192259423 6.0246470418832 -4.0706123546545 3.36062040327277 0.0358986145522604 -15.5285417621003 2.02567935524869
2.59857461695145 6.09424220074962 5.31359989699672 3.59593547811689 -15.9268587972555 -6.12205429117334 1.34699675050848 11.8202607966902 -0.97416882983586 6.78792383044378 -0.0101976262001817 -3.03724136355479 4.53462916897905
0.614962952810301 5.93604327031242 7.27346182330015 6.06601377327995 3.21544427670113 1.57273673124261 5.14974617639056 -3.44166732762051 -1.57367880939832 0.816935419028054 3.52499699354399 3.10513748089943 5.72942759838798
1.84086727251799 10.3737075515023 4.01139174072525 2.54805046836489 -12.9350829322604 1.14749033099856 3.87082964069908 -3.65783951335339 -0.826663797939503 6.46833336128874 7.73363370192842 -3.4131618342916 3.70281579347998
1.87669824923936 -0.360422784913102 -2.73455564975942 -0.28251942865603 3.4950220203666 -3.5974379591183 -0.496365731861491 7.0005901333797 -2.67553085104131 5.4835535020301 4.72359736366161 -15.5080561204298 2.5732215718788
15.3670000793795 -1.95180629064572 -3.87395978253632 -4.66574578252676 -3.72045803463842 -3.12930597002224 -2.32352517841269 3.22913214187017 -1.75788779549598 3.09496964473482 -2.81805052542601 -0.553951663395743 -3.04310968895673
4.63321601268637 -4.06774545856838 0.38394121407402 5.00532269916538 -18.0289275283755 -3.11229193096108 -4.59621008380535 4.87759655150129 -6.2148613867303 11.5808616034867 -6.78588371978217 -1.55218949751969 2.07302556636985
-0.204370947987667 10.0541262406681 2.03354994393181 2.87575212369531 3.85672071170861 0.838011982404355 8.83080316741134 17.015571861345 -1.43900687160631 1.50879470802241 -2.73581148961816 5.07396838078249 2.10876675304934
-3.73290836852807 3.32293775958384 7.21046536188621 3.37098398198588 -17.1797016936639 -10.0019029450173 2.01777923575344 10.1169196671825 -9.04569544296631 0.478175546033134 2.52363997011587 -1.76723679170588 3.78419516597473
6.84400495672341 6.62842945789471 3.30557864089051 5.81765201137998 5.33067992517945 1.84296883700506 9.50978196953896 10.5398673034837 1.31252631589578 1.52254914235453 -2.12802677759427 5.01698760166326 4.98986849109663
3.18574115518692 2.43804401952588 10.3163391044067 1.24852632782768 3.54114591195 -0.829295441431646 4.13496444052744 8.14532856959566 0.898339714062603 3.70344762082642 -0.869743399011885 1.9646522974652 5.5383000449292
-0.907255551279418 1.02098857504615 7.10391592935822 9.50204413462948 5.13760148314774 3.76665753529853 5.18520075593708 16.0295081706607 0.799638186855468 0.6742319428698 -3.85637616273795 1.93014603383804 4.4977931855857
5.35711724230018 2.22919299286489 4.0690655224762 1.81189298909426 0.851250812469523 -21.7900605080075 2.17463894673082 8.69640658471518 0.887398580551588 4.80979386286082 -4.42774860639873 -0.558831475252854 3.87555853524608
-6.84599787597447 2.42915617305986 1.80741545480328 0.500608659997231 0.936597199610106 -3.98772418550494 2.07682219133624 -0.130820363756544 1.96850528723516 9.03823722485252 2.06821305974666 -14.3946191808705 0.46786104091706
-1.06629105484399 -4.35737777642902 -1.1952668797634 -3.9724872740841 -3.74779958610521 -4.59430237774654 -2.79716213111608 2.55947368614415 -0.517645316112499 2.81147340135116 -0.269108966861205 -8.26482217445007 -4.33370888040729
7.35944115361535 3.35274728679272 0.964120416927897 4.16667082327052 -0.0721480502674867 -6.51584136168454 0.287151508663793 8.76427642682829 2.61131209813602 0.776599125442224 1.62123293600101 -23.6380882416524 4.26266133734964
0.114524101750483 0.535630100333545 0.638442831850923 0.450766553775546 0.779658017275792 -18.7796780522303 -0.567355166128164 19.2145963672012 0.254098069202822 3.87827707630032 -13.0364606865172 -0.608171045488203 2.74487591023151
7.97279297597067 10.0788578115156 4.19985438041899 1.19287201490723 -13.7788353018482 -4.56041407545566 -5.06054061378029 6.29944780968113 -0.397670007896993 9.029752127232 -0.174150704647939 -3.7505138153473 5.92033468889468
-11.6468449131813 -6.13855177952158 -2.91614612342692 -4.96522631045402 -4.41862692789036 -2.53948788566657 -6.00325142824526 2.09994772370317 -2.2221229154668 -2.72312432044464 3.0305978747559 -6.1852270802315 -1.06636162454669
10.2519301545378 -4.79055352963468 5.30713904602452 5.91731952435434 1.77946231305021 -4.57006658187935 4.56631824095556 -1.37982601119471 -0.442760508538471 4.55758884668601 -0.288883719643753 2.88094613453972 2.04258960578699
-2.93620534104063 -1.60186351103061 -3.94346111127752 4.95509964657273 1.60247258102108 0.118538861305905 2.60863745388624 -1.10708462564316 -0.1279402748036 3.87155633429511 -2.43120336082052 -16.0579806598394 0.879997704841095
7.66300734320993 2.06066771492871 -0.166679373401888 -0.861742625526466 2.02319465623753 -18.2970297847183 0.485779842086931 -5.28146716416279 3.48446030119058 3.00182274009179 5.42107662730053 4.97224318690236 3.87237593842903
10.0968126110209 2.48335600587479 1.72368145902911 3.1395161339025 4.13468176897144 -19.112641805858 5.7210269188608 15.6982503632043 1.02114177246817 6.45624051253788 -7.45914393838353 -0.825911698436743 0.558758519124552
3.66233399907779 -1.47037965924728 -1.31309945685003 5.16812090328295 2.80821719011285 -9.61187358899353 6.45046796328991 8.31416129433721 5.11248397387779 2.83381416043515 -4.72606443802114 -17.768740316029 1.98101368074008
7.979893083676 -0.805676208027631 1.98514746603155 3.26020586099525 -13.7379077372228 -3.65995572955837 5.69147831378804 12.1402528220453 -2.12738540721081 16.4830625386495 -0.876366150502395 -3.88594051254954 1.9415942741149
-3.77323283404909 1.97434377084357 -0.211051004905635 2.10620628247258 1.56378661328197 -14.9847722025343 0.507002329847628 0.485191483839067 -2.36826444923014 4.65326797227419 3.58917789508321 0.418865233591907 7.1357473725264
10.0597741099208 -2.50550929586197 -8.88591776634548 -6.41939424376697 -2.63731584668493 -4.81278832761514 -6.13063746309873 -0.700106185608112 -2.01278534788628 -3.68751387414332 2.53089796300456 -2.82369451421225 -3.59586163394725
0.542677658481291 1.05676272353652 -3.64353788805055 3.07423921056813 2.22081358992418 -12.1222793490621 0.820352742793483 0.604673660032492 1.21261372379598 4.00993185192505 -1.20970694830394 -1.31976952178896 -3.02544944839361
3.58929706696806 1.78822008868208 -4.95868144200706 -1.16311782210389 0.732229934423523 -7.96661668138671 0.666377730866259 17.2993143886994 4.29772311079702 8.50914208993052 -0.622772506161706 -16.8159614567775 2.36173136648903
14.17387830058 1.31845141579776 1.33584696415475 2.758694929035 1.35292263785699 -13.1075165174562 1.41857747205385 -3.60025685528444 -2.07990277904829 5.54217694276997 4.09730937062769 -4.38410091587912 1.15767223936232
1.42029114774407 1.63016736761019 -1.53340913080534 2.16105185688654 2.67898768218794 -20.9167730979187 -1.23155889514699 8.36846847056126 3.6726609668046 -1.12686649282866 -3.09373561192706 -3.38330928539068 -0.343755112265709
-6.26147078956207 4.3906421542129 9.44004150530341 1.76573296831476 1.81470475080193 3.99859046152042 1.82348018456408 6.99305953122598 -0.0030316108732078 5.2715499466325 -3.75041463055675 3.85601909441884 2.67176387698726
-0.518659565765527 -2.10685445245766 8.5519033742488 -3.64502052901275 0.623212634927233 -3.67075765227318 2.82092350466841 -3.24844766709752 -0.963536722273383 2.79569950273228 7.22566683673839 -19.2704921870368 -3.96009602190124
2.41585501377444 -0.0665297138411534 -13.2032120578062 -3.86668834820413 -5.50813771640262 0.269497449108581 -5.0809954869059 2.57505899561625 -1.03159214373903 -4.96713894268136 -3.45593902450043 -3.12848824556017 -5.91689484009735
1.88143234839379 -6.53894229541141 -3.60022372578953 -3.69991537538382 -3.11416547818877 -3.73349978052371 -4.80562021314634 13.4411691241577 -1.54394599852618 -1.87226462977392 -6.08129480420026 -4.64832745864247 -3.04974461940625
3.54992124298701 0.301558700152396 0.509366391615326 0.988522664362422 3.88528335551432 -20.1271983320297 1.7330937285437 5.91356736422922 2.20489112517093 3.91717799359027 -3.05571055853518 -2.57923116310514 -0.0212526036311352
12.8197745431959 -4.49596627966965 -1.59793503112679 -5.58237978928115 -3.36130746907987 -0.477399800721517 -2.60516572950292 -1.36177415145477 -0.912873205492636 1.69306445133868 7.65574349741752 -5.98228266705317 -5.76769560761366
7.01797600274602 4.70995944628799 2.93845228260086 0.925796121761531 -18.0688485183376 -3.45349178252682 3.28318966942286 13.0839828297477 0.404270298413021 11.7224340901427 -5.48581927608094 -3.73858483973008 0.928790120094746
10.1614400761193 0.0576136319846698 5.01674252128844 2.76720963152882 4.4991775330376 0.707359034427213 5.81471820826121 -7.66968213919055 -1.6288760064977 -0.605773259777008 4.66628348783011 -1.50942526958189 4.64336701512276
3.31685115108919 5.26693083324307 3.47565956778837 7.27568789288271 4.61579197295393 2.56416887858982 6.78672957506848 9.63377958788715 1.35358191433273 -0.289429854502758 0.792482883575205 0.464464283390789 1.23644127585415
18.0051675374214 -5.029683705326 0.914052425364687 -4.32978778668245 -13.271536585825 -6.55524395071123 1.98627811546215 8.8925877148837 -6.70651136998508 4.69094238858224 -5.54248358460009 -1.41514275943604 -2.57522899921724
6.03354244966806 4.68961460544542 4.40770909869396 13.0326818911353 -14.6475872547189 -6.42401482992258 0.743853747231657 -2.77999706431714 -0.908688227265761 6.8809270813555 1.19264777149593 -5.1672212223014 -0.415902059119571
1.32404296881207 -6.05115377547376 2.10905406734727 -3.19164127848274 -15.2052196508345 -3.35840900257004 2.28370536036286 -7.50259111639186 -0.214813884177545 3.55341613521315 3.3358005884841 -4.09836692721415 1.10590273699562
7.39969331736391 4.50237507645997 5.80173206866311 -4.258540727998 -13.1152036249047 0.217260125806304 -2.68731957287727 6.68410179299633 -3.78943452798182 3.38338840040452 -4.96714788479348 -3.28419318689516 9.5875611006488
0.395102892271013 7.46435153988404 7.70445922138191 2.75800540715315 6.43812324865565 3.44619426097002 6.37536963270124 0.676808282991044 5.46500058654893 0.842563707495684 13.6620162385527 -0.458904855249903 4.4993906686909
7.6056326385091 -5.47581530723685 8.01568932696998 -4.09552265500972 2.88147157410742 -3.57031241459828 2.27627805874505 -1.91234125378698 -2.78116065082084 4.44203446869457 -2.66886775780933 -18.2284241212067 1.36606339621299
15.4761413055052 -5.70197082604018 -2.93107775346195 0.145442199842266 -3.12986690173846 -0.908181112044152 -3.46514118852688 13.1142262483686 -1.45348398854065 -4.45402414419318 -3.82452829921627 -6.40039898116311 -4.0059894535937
11.894680245265 7.38842975519441 4.12554196397262 7.09073444298375 -13.9172185146493 -1.19261328518477 5.34551413545042 2.20439282220628 1.57795463174314 4.71523764945466 2.37588395283642 -1.93991598598813 13.4286099477945
-5.49736437674513 6.10663981470575 4.24378964897468 5.11627338045914 -1.93637551118657 -1.76187486981395 3.91943508936685 8.05393262637888 0.931676245207251 -1.04588714029255 -0.721337642733415 4.01876572408054 2.71253103001564
-4.77662775669748 4.50628947883106 -2.46085918821449 7.09482008190638 4.54405473679463 5.25144310389641 5.59777121367051 9.835935768964 1.35699976416738 1.74798213378653 2.66515460310203 -0.333863353393919 0.848825024922186
4.50300520237344 0.216266467582434 7.69898529215936 3.11080105833994 2.22101026286634 -18.1349410007283 -0.0663340475071967 -0.136957951215856 1.87564380219618 3.38974153019412 9.31359345165852 -1.68483972483254 -8.39358657377514
10.613282824451 -3.12677596851112 -2.12462459893084 3.56110018537184 3.00316782977702 -1.27794078667383 6.83417806455935 2.78679018353449 -1.22130151396364 2.27100709672216 -4.28663588995618 -17.8918802276563 2.98293539351999
10.6836680335088 -0.636282044304018 -4.76563678139434 -5.59519481534509 -1.93548530995109 -3.97715086979151 -4.74569651439924 4.13009694954416 -1.26581383051574 0.613245141921619 -3.62668771863241 -2.22801247803395 -3.73083989557689
-7.10551652544651 0.970879128766101 1.84415058017661 0.948729798621431 3.19142627109729 -20.7104970527115 0.0172406620534327 10.72927661039 -1.42268356226849 -1.72242471300892 7.92787419600034 1.71763935131906 5.60277308774997
2.14970867676127 -7.61537957025071 -8.32471640315479 -4.38949909935207 -2.04025055906916 2.38705590007134 -5.591644113442 7.53286815408417 -1.5071471330708 1.54440839769047 -4.17633268596819 -2.40912834919343 -0.524476650078388
21.4601406896626 -0.051053084221008 -8.90969370286809 -4.7512534041787 -2.18031622665294 -3.89780850515006 -4.54160292254398 11.7575286989956 0.447842051051406 -1.33851718760029 7.08088651517613 -1.14966970597084 -4.40330936434409
6.73245393111431 1.03471734578969 4.21025393677094 -1.77039883943456 0.0340630992910763 -21.3337412074907 0.885653774477489 2.569130384233 1.51324746672621 3.84279539765194 11.245098727232 0.13532427459899 4.42938908267063
4.32878865943247 -1.87529195604125 2.1816227600935 6.52376663046969 2.89074246799345 7.265253994936 4.34545270093693 -0.427308306988663 0.685616337380635 2.08216161189149 3.5683416825041 6.35198038973419 5.20355851487286
13.8644632127014 2.33370507332726 5.61447462840206 2.51315686339214 0.914306136586867 0.399744517355152 7.05181641515311 7.94449825326486 -3.6385858997782 1.06290758575688 1.11291453784904 4.11636762637334 4.30922770830323
6.48285330592055 3.09594450772361 3.10499284932741 5.76156788842213 2.22906748873726 1.40231376686487 4.48197414098952 1.58695248284121 2.61419617257661 3.20646622870722 0.458349486726937 0.52607448377985 3.59115316456967
9.86825724283843 1.90224741271324 -1.12803292924926 0.153056846498693 1.03721069207739 -21.331091755919 4.4549446275757 10.8229957954752 -0.599156510586129 6.88737294672128 0.707714641432699 5.54287026680685 0.216487536430072
-0.574892857050918 -0.377281347460852 6.73145198751546 1.18054835681485 0.184275556987234 -7.687488295844 1.41184021448726 6.78179330409387 -6.43560399662677 -0.762873789157706 -2.92824400635463 -19.1633110207387 0.693496667430844
0.666295858606003 -3.89182451140144 1.12438802623145 4.94741939903574 -2.70822484652772 -3.27360579800548 2.50364215505616 2.82861985631604 5.1777053676227 3.75797600245241 9.44688649243473 -16.6213320255849 0.778672140747905
8.93520511819383 1.16359310961794 4.07061315420641 5.51897404181688 0.811690860167572 -4.87326544950651 -1.41748542383714 -2.42138320748897 0.768338039602904 1.07776133709572 -3.31888537600667 -14.0923228017973 0.638996315495395
2.44457998399116 1.40577462082569 4.2315348788127 2.8573349537007 -2.4116637822009 -19.0020804133152 0.181472193390813 -9.25381153836175 0.860815769388252 -3.59737448069181 0.958938428889432 0.343485408476259 2.29297858824651
3.92704386535768 2.38682090301627 2.90118093696579 2.06657783362913 5.06027072079943 -16.1598520246177 -0.967150499816709 3.07994449381393 0.0383587288825895 4.29242342290849 -1.55691714644197 2.26691249347463 1.07231184913049
12.5272493339131 -4.30242741345338 -3.39227025844379 -5.05059313220166 -4.79455037294443 -3.5329873970992 -4.6486650197557 -4.02992633822402 -4.09399872873338 -3.28371179435201 5.29931226354314 -4.5339964352473 -4.4902724247981
7.91871653815132 0.691624328925813 9.79199432715073 1.14129441705842 5.42356136223157 4.55332665340297 2.94208684342568 6.11644165803749 3.05180886045248 2.32608678724499 -1.0437399974287 1.33779254476445 4.15984463274931
6.76584646475364 1.6310473139812 3.49202247438763 1.30940247191827 4.45194400851556 -16.8295129198085 1.43336059388037 -5.82708594236935 1.44437049420374 1.02063116752619 9.94869171336234 3.09885272163625 -1.87406396788912
15.9996082873424 0.0731941506997802 -4.41280253000532 -0.0413516234432842 -2.68543996147271 -3.99709254753921 -6.45965252403848 -11.2828817292331 -2.17741117837308 -3.34842972655417 0.117988967095474 -3.48632376422496 -4.57812590971255
-7.92785389155902 -3.65743752575653 -5.75425713760456 -1.41056171368917 -2.26119126373755 3.94663305484276 -2.4868105500165 -6.76851700574267 -1.33900921838348 -3.9227722684033 2.32981738084656 2.5591854627237 -3.68973370174674
-2.17726658580159 0.389547312936414 4.83984990451508 2.30185057182973 -14.3511005219869 -5.4643798666011 5.76221137543356 4.98458325420485 4.39816020963583 10.0714139296939 -1.88131446125634 -0.6382684597873 6.69603512235948
8.16494838176315 -2.65057797895673 -2.64407054794013 -1.21352594844532 -4.68159038912422 -1.77449146928472 -1.61408012077796 0.495114195029342 -0.141443759833155 2.83965417270667 9.89254171492959 -3.32114854830315 -2.48063450548387
0.759991195594385 -4.22096094767851 -0.317836557110426 -2.24513861097969 1.43857832066149 2.67018724206193 -2.53181919505257 9.65351150828769 -2.93564084304184 1.04716401589 -1.82730344372804 -3.62720265512548 -3.76722789249715
5.44183537491919 0.969183108906706 2.37296920690607 -0.480683678162617 -15.1666770935402 -1.34353221852159 0.887948413180442 -0.80146692499984 -5.92820916188091 8.51934712008719 -3.36386567084108 -4.78926034297322 -1.92387273897828
5.62132288210341 0.861543362984689 2.24120743865416 1.70888937372932 0.793245501843736 -14.5597961356247 0.218778521184958 0.507365747078824 -2.44168877348417 -1.88958549245946 1.49959668795937 -2.83847080044111 2.78656907393476
12.3764599054394 0.538234183747518 -1.88817281499828 4.83184651699945 1.99933412013182 -5.02274297911229 1.37178374916678 2.88426496867587 -1.15673373052419 5.57641639213197 11.3075563504236 -14.4973044164816 0.0414049718385692
8.58158680239212 -1.42626013412063 4.52641645248385 -0.00699339220666939 -0.234050392752174 -3.92951487369194 -2.74200030531631 1.04119490403453 -4.31418809562058 7.2724759942508 -2.96395608565312 -18.7013712299279 0.0805493845232117
10.3462330878556 -1.64921581926598 5.22600083410395 0.462151098683486 1.29796690167222 7.29155981933038 4.08835075448471 -6.53913798770252 2.07373215769759 5.5898183779197 1.94834099561445 2.88098177898289 3.64684865844275
-3.68156298579553 4.58985873836604 2.79133915495644 3.59125051510505 2.58033908222586 -4.84054379628519 -0.68975709561947 6.74797606693703 4.2452893161755 3.01154704063661 1.37024198694652 -13.6000004236556 0.4303202589943
7.90968954252469 0.869354783090799 -0.169193342275733 5.49230557918435 -0.936499699371179 -19.3119481154215 3.34691793909719 9.85632097651447 -0.672591125035192 7.29126026484921 4.9373063564427 7.49877154350427 3.71919943230001
3.59388349420105 1.18892935687977 3.29525956094467 4.74747742926775 -0.0615829163064024 -23.2364578668852 3.566520433261 3.08034897000981 -0.531048778981668 3.98932896848383 5.03550754587776 -0.579882593378165 -1.51619567139867
7.89251331035932 6.1928184416439 7.4571439299029 4.23704939912679 3.8733258823557 0.238862268171772 7.8233522686485 -3.31187822444737 4.10487954720199 1.81380221862342 0.91443701202575 0.29888742593542 4.7702404602408
-0.367912144281767 3.5069706170211 -0.746166439463285 6.33305698344923 -13.64913381452 -5.58045577511559 9.78410119204425 -6.26953051525386 -0.750375357982726 6.24953684300024 3.74406036740384 -1.21001713969261 0.911043766495194
9.86791977111353 10.7518026998 2.72276009093588 2.7676627856417 0.751255555478496 -4.62994883033027 0.375347113473863 -3.29603504237413 5.18530716608332 0.28945892344866 0.118372315707538 -18.5727901732645 4.18854201193911
7.10492795229266 -3.09821080887668 -5.83188955339256 -6.75894326173658 -1.77174017581367 -4.11097905205938 -4.98907539726884 1.05803896775459 -1.58729925405356 0.318053398494199 13.1809149728123 -6.43258946054416 -3.02771038399899
6.28619229148634 -5.18612038596774 -6.07140040501767 -4.56035451758126 -1.65735544725947 -1.52553123457775 -6.04949909525313 11.5801413519688 -0.853340719463406 -2.46033792622953 -3.55112932948471 -3.0583482335848 -3.38165617408458
-14.7718019763662 2.51053547946451 -0.307746258730676 2.54408102371302 0.173143625463225 -13.8320915525786 0.131943590952346 3.92661342286509 -0.588715828064485 3.87808848632035 2.24482982092586 6.08804650620421 3.59515153164651
-5.20867786702987 -6.49199506755737 -4.12196769897971 -1.5106887863224 -2.76445467711345 1.25843891170418 -3.16665248583071 13.2370446207672 -1.05360167159783 -0.806477633185669 5.51901220250042 -0.594098473816324 -3.08932276493881
7.84510822770248 -5.93334713537691 -0.429026403719764 0.348984626564283 -15.7660634414081 -6.21316510859524 8.19537915988052 8.61507015744379 -0.753851201231773 5.55812725350954 3.37932936500094 -5.26517158615246 -1.05342483194428
-1.52169302287339 1.13840074538864 2.20160584454449 2.13001785686882 2.67215521909537 -4.53714702875947 0.219781837901645 3.98780571943263 -6.60887079779885 5.08912091257042 -3.27724539396324 -14.8065843043735 1.60088192345276
8.04265214457312 2.82856468696671 0.646046056560813 0.986337126872264 1.51559418324766 -10.0374704422342 -3.57463784789506 -3.33626419844654 4.58433478918593 0.950946971108913 1.81096911060075 -19.5472431740759 0.41601121781467
5.38146110029549 0.10934350196793 6.08022302513278 9.16355432794591 4.05901580153856 0.697058634136681 0.160868982607075 10.6306053592186 2.92850403948765 3.3939707317322 0.594542544315116 1.21980214663312 0.384885311491696
5.30914108193887 7.50849627568713 6.68037031661086 7.45278135036499 -15.5883448873722 -2.55798271830682 1.42431383243147 3.80291964997977 4.00479978542992 -0.332522978123062 11.3608568188613 -1.73742859717338 -5.88338474182154
11.7742182565713 -0.947075058910034 -3.70248000575703 2.3724002413178 2.39326770709979 -4.41880857522688 0.200582617607863 -0.830724145233726 1.19752961577274 6.49127436096635 6.24174529991362 -18.0333889343399 2.15414487990278
15.7579997669138 6.31852625771731 4.51199851789157 2.99308938995632 -3.97946287025376 1.11943864175165 5.36309277145104 1.68012593692434 3.33994406627028 2.29346446006066 -3.09876647468569 -1.34410020560828 3.11494059355199
0.670962023202581 3.11606582480206 2.19549000814876 8.32673057679215 5.04898639569245 0.265096904628712 5.15554517595437 8.82658114106211 -0.151050860292527 -0.501503279926323 8.21395543846029 0.255904034698217 1.94922882702452
12.8332437364143 -7.05365423288694 -5.96512087201131 0.186210290703158 -14.1108484691571 -1.8576758967509 5.61149496092893 5.19864734205427 0.410661356323522 14.8109867416763 -3.07445552124772 -5.70703731037612 1.92435343408261
12.161867863185 0.1710566922719 0.247187207353748 3.69968820398243 2.89027351618855 -17.8430399402569 0.0984435567995228 0.100111509485789 0.147949762878168 4.46286356023126 8.09684070398911 4.74011957038655 -3.17113697884182
-2.23370453370323 3.24272398951553 1.32299385492421 3.60660947180264 0.860470963412233 -0.542773269880515 10.5722102955407 6.52654819476762 1.57427301795576 2.52604172371878 -5.1916335999085 -0.43394141010555 4.80284684605452
-2.73968661343057 9.02618191243824 -1.0789034773121 4.8179629673724 -14.3556492664933 -2.41099048833512 4.55062394948679 -0.900136250333693 2.97297623435964 0.963976572016215 5.8903934253418 -3.90488611023769 1.83795895977563
9.25143561560213 -2.41470853479773 -2.80260788446202 -3.48368479521305 -1.46440604758427 -2.06484961881554 -7.79588782869645 -3.9026468277853 0.353501190934836 -3.98990609906782 6.34795421006234 -3.92178072515223 -5.66870891805232
-3.56105247082818 -4.72871647800072 -1.26135582335312 -7.65451937082103 -0.754795621965333 -1.89089022313365 -2.44287243231314 -3.45932801612979 -0.674481692144117 0.73195879706607 4.27052557035776 -1.79416477068674 -4.89803578780583
3.76269346756491 5.46532043765911 3.17435988544901 2.37992939441309 -16.2702824994951 -11.1426070096488 2.15985987580581 -0.762798898656556 -4.98801606552381 9.10473394945483 6.73776854913732 -3.93373950304389 -4.58313955399055
16.0074281594177 2.11100737705971 4.3831158254474 3.70044631836961 1.02330586822977 -20.6014277429918 2.94412860460696 -0.216120912119464 2.95715100828265 3.38769876721667 7.51634106671347 -3.32127388361919 -1.82624348399945
4.40924803467002 7.14330409741816 0.847717454915107 6.8764509377239 0.945726556138153 -3.27374341052525 3.74006525492736 3.93700307068208 -1.78103702155651 2.21277704814224 0.0406133914282882 -16.848891043454 2.40786521973395
6.30355005463767 -0.729779263573379 -2.25313383328178 0.346448192744982 2.83478404709668 -19.9594919662906 -0.461708268724793 0.845002992012097 3.31044971864632 4.13883447981656 2.91870627576212 2.37832555962902 0.535839192204402
6.79997567389283 -5.87328094014029 -6.32229720913723 -6.7294068967831 -0.490950439008713 -1.12998276920277 -4.00070483616844 0.576883564937392 0.322313693677327 -3.15692187375028 1.97301711931762 -3.62035811131444 -1.92683880361224
1.28419484179914 0.892755976734613 4.03617543587128 2.37505045128943 -0.229360813277321 -16.7858841655884 0.233198910779395 2.8709240903407 -1.50680012791713 2.04994672842378 0.321448991574257 7.45251760634373 -1.83919756575615
-7.61190679944298 0.219453519635248 4.6048438008855 1.64952309098349 0.173847597471558 -7.51960376715341 1.57523038416787 12.8474098849696 -4.14337261003568 6.5253344715699 -8.37883272373857 -18.7245639063545 1.43195134608194
-1.71390044670192 1.66163242695241 -4.86970827699929 4.02058617412317 1.2597966467225 -16.6345158551924 2.99848992580938 5.28251681998006 0.912331181248216 6.63583272541393 -0.862076975093376 -1.70497000560713 0.233128547402838
-1.105026743863 -4.39639443346959 6.70013588412672 2.75720923257553 -0.689438545336506 -6.21156800572529 1.48704928991757 4.47516933821702 -2.8248225215729 3.00978021546146 -4.83525169359742 -20.4880050560439 2.25955981507421
1.9560191497049 -0.489102778146262 -5.33736886135907 -7.00499529028489 -2.97454340836237 -7.13249784725525 -7.85625462084851 -0.192687706437374 -0.00616710341076021 0.696975107877828 3.58130776629338 -1.61684243441043 -2.1074819751494
12.10039815034 2.81751370812156 3.40141416820489 2.5481724418436 -16.0573012178094 3.55461632964969 5.52458718629281 2.35542620888362 2.90903562252473 4.76884470151295 -9.20378460640402 -0.0964476887238686 -2.78383035339713
10.5913175504846 1.46931968303078 1.22622099521532 4.16952302922973 3.52359962494909 -13.085570941684 1.32245861968822 -0.589757894808441 -0.706273110591634 3.57383935746013 1.76561483301575 0.871457339906959 -0.227044453636414
1.55541175052599 -2.60009320091106 -4.88176979291134 -5.97935999210576 -2.28840961402639 -1.38732164845595 -5.23602939846347 16.9707650471176 -1.44794422141397 -5.89987744000095 3.7170659423529 -4.08394812602485 -5.86973660512027
1.72327305006132 6.4758424451154 -0.166889072404624 -1.12831320398105 0.219594419452128 -8.37351536037993 0.988484666435528 18.5695346638846 1.62802350480471 6.89705437269802 -4.56566349063237 -20.670191763474 -0.900948131701692
1.37429070532398 -0.30393724101762 0.704436839841278 0.555602417190169 2.63690099574001 -4.57096049973701 0.390025569152324 -2.64108941480886 -5.10696151687209 5.34087107945672 3.5978296142814 -18.5047127387053 3.72682178993713
0.767324791877026 -2.30978980862714 -5.49942994681895 -5.37077718043294 -0.904785700338563 0.4849661678714 -2.27623621632828 11.3996324202807 -2.8021679234931 1.88683579346853 1.15971838435652 -2.31885311908559 -3.2547703928057
8.93632399429198 1.53802894161596 7.42245423084766 1.73736672299368 -1.45446231470509 -0.996487166545721 -0.202713184290843 -15.2873654536638 -5.40090163509248 1.9372945641357 7.15487922042095 -20.6305319189994 1.64940222462938
11.3516503351773 3.51049534258107 5.1076107460431 1.65911430092812 -16.9989353606266 -7.86899145908746 2.38197126417888 -10.9008178958359 0.180160449527407 6.49780028218298 10.6134292813891 -5.64482953496432 -0.347189633893874
5.63648040972789 4.07763220140044 -1.04498436175596 -0.756690277003846 1.59206261221574 -3.85813815053214 3.50743069072717 3.51651944308847 1.26034903530013 3.7053230778023 1.2230473601469 -15.6806719513846 1.91339576256612
6.78624750665249 -6.26813442460863 -5.95332393225055 -2.85905524636749 -1.09097190611899 -2.81499932994103 -5.09453125954694 -1.31223182774392 -2.88760101156058 -2.59832078640487 3.15805435695243 1.93414287569871 -3.36081598472816
13.3346698176906 0.994529703552699 -1.32583187171664 3.25154303397472 1.86573520487243 -7.4876192662099 -2.0372598842241 7.08097745876968 -2.23471860170107 6.99932678573227 9.73099338753233 -12.7826495178203 0.541155786714552
0.374732049804044 2.14958650379114 -3.48164600635452 3.08337485979929 0.754926893066968 -8.84737845182285 -0.558708731943671 12.0984039543464 -3.18520157124318 3.72799818724882 -1.0344847135502 -17.3894612295025 3.29059417029475
17.6935905794664 -3.73226772670448 -0.0464056445273753 0.629843990926079 4.274215967295 -7.14190615359498 2.61999820425551 -2.42475547060073 5.11988486876433 8.68887188488059 8.52068950106501 -17.7553842361168 1.04140862752563
10.9229604398611 9.08338125710321 7.01394400968635 7.14272450394754 -0.631433696240342 1.78094437556555 6.66990102888757 4.31183828832186 0.815627865821729 -0.793315611183443 0.998103835980176 5.03211470064733 2.30107418851736
-8.01742123288797 -0.380485824355267 2.30446154012325 2.55182161825251 1.55059228643807 -18.3455398724195 0.14505859515119 1.73391917783219 -3.00394590592546 -1.28357777221941 3.43201156315109 0.0323842116314274 2.2751982713613
10.871328100062 1.86141459474111 5.40679608165665 0.699257239184931 1.67903683048709 4.20299308478866 1.41947037805047 0.7268808269023 0.20296675989939 -0.0673152062259463 -9.8947949401203 3.40327535249873 1.05921920037968
9.99867498151215 8.05494028548053 4.73143356986346 -6.22490452874209 -12.9303748294128 0.0628227145192453 3.19382843952416 4.99155030991845 1.06978718015773 3.51747185506709 3.2943391138643 -1.51677247495123 4.94537501494318
9.02478631576076 -3.24452531327956 -9.97607493040114 -6.60717033317631 -1.71736482574815 -5.3030912881369 -5.96756764046102 11.3941813362697 2.08133715904151 -2.59774680505542 0.817775204670129 -0.217582557102785 -4.94284726684488
9.05965838139576 9.92030693989012 -0.341379039947254 -4.12786511796614 1.59754490012196 -3.86426086881874 4.79663316068157 5.2131797569903 3.12684525064996 2.63332139196832 7.11046316889908 -15.5326777579702 1.49276756176801
4.52792505309796 1.43298681443649 -2.31035013117413 3.09046892708877 2.20765013646844 -4.05737601065463 0.899844260038476 5.47512613815815 -3.09574233192118 5.94010464193491 -0.25499691792395 -17.2061699560957 1.76228576993994
-0.202986543480802 -3.75051313002279 -2.66728923107388 -7.83340108788334 -4.45771255650787 -3.40271592390832 -5.28932283305014 0.484446363065299 -3.83368337380927 -2.33517741968072 -3.36634891166781 -1.95102008874712 -5.17367275145772
7.30170682699926 2.84641331135467 2.25789836040801 1.67502724308853 1.02414159095889 -6.16698771079327 3.23963458700988 9.25577890294731 -0.47018969836941 3.92454393386581 -1.02371874153532 -13.2319021865701 1.92201358281115
14.3743748982188 -4.37362891512776 3.52684861771696 -0.435075609847416 1.7524407794535 -2.3946380515015 -1.83485419965614 6.35087600398684 -7.39116462969008 6.80880246527424 0.18181775341013 -15.8034130295121 5.57357631235266
5.72542562617885 -2.10999352498302 -0.245873343920059 -3.87917713859962 -15.1071271385852 -5.7954186648746 0.00810759674075134 4.98262078317734 3.68718844318652 11.1447338522648 0.514919575320098 -0.976649889414355 5.18354025194952
4.60003688796642 4.41034945730364 2.91828098650777 1.24629187795417 6.7783557850157 4.83244183314795 4.53943366953056 -7.39819974918203 0.76866365153879 3.86566904582879 -0.341722491153351 0.840948149359187 0.999157799597772
-0.401081809771765 -1.60870762562537 3.03562183031567 3.29722314981362 2.40417996866154 -5.46494813284331 1.64318762685443 7.6510927955205 -0.676084320010812 2.97567930992224 2.28892922484501 -14.4742238051758 0.79986715798612
-3.13518248544926 0.333070147068748 8.68408759380149 1.75255911520087 -0.170847736605787 -6.03215490427192 2.01214613953106 6.60854825102211 -1.91959431454716 -0.617757736751575 2.87194549906701 -12.5328346756136 -0.180513084653417
-3.34273387187767 0.932756382236791 3.37878741044883 1.19124150085402 -1.51423250007644 -15.3674465475528 3.00054692319918 5.15638220702951 2.07979182761722 1.55689814318691 5.56268737132093 -0.178554505853904 1.36789789463062
4.68033270306226 1.62698518887951 2.41689821166736 3.54012176195668 -0.132416838899739 -21.143380195134 0.403609179023486 14.2739579479409 0.693542756856574 2.17132644814541 -1.09697435032273 -0.823099215764215 1.34766781349871
0.00771555735222318 1.35323812227962 -0.175373322009023 2.40186173493879 -12.9512187150254 -8.15459542674415 1.9144698215065 -0.729049880863565 1.43441656001967 1.86553720120725 9.42714167224754 -0.53914359839584 -0.92311257684039
2.51487589247514 5.91819424520896 7.38814607436435 8.21410008852087 7.00674860969801 -1.32784181483781 5.62860124980658 -4.1979379917083 3.47221709840525 -0.821948090738041 15.785490081349 3.27366310860264 3.42162727839024
5.27018052167306 0.823567551393418 0.250529453738644 -1.60726166047934 0.323992612936098 -17.5637120272036 3.46171324028879 -15.6219535006161 -0.282602926610519 6.93401004789428 14.0687183838246 1.81481371759931 1.86102476968269
9.75972985560438 4.57827534812625 4.38343539552141 2.81555363402519 -14.774771088267 -7.40452570062563 6.35914215094045 5.71863690720161 2.2172152345686 6.35193380198036 5.63339301121471 -0.0239949726698341 -7.16668509845976
-3.5376935137887 1.3782620570741 -0.600942506288116 4.28656688185788 1.94192830672601 3.13280598658849 1.81027844646224 6.25282157517023 5.12612635983476 0.194271512321246 -3.57113650826052 1.68203740506508 3.3697095549557
8.85603749803259 -0.946608992283881 -1.34166647906681 -0.298733883971461 -1.56120092132852 -16.050742534532 2.38723124981849 2.36043970845566 -1.59060771176112 4.23896982705885 5.30986694802398 2.30329229722934 1.75953684049369
9.07901641765197 -1.91736236829603 -4.59182879052381 -3.54657113766536 -0.537727615095021 0.0932967762642045 -1.86531256951189 -2.15534926766737 -1.62665242966274 -5.43564816952453 0.0632179451397226 2.38507263274715 -3.35091417547389
6.28740175707786 4.32378318853367 -1.00435364941052 4.59669317769583 1.64575898306567 -3.3076442855163 5.10224363521203 1.54675739293432 10.4863809806474 8.69722407202024 -2.36374032549023 -17.516300953634 1.51778623450582
7.8853947764713 1.59241919131244 2.21347483515585 2.25098550752795 -3.12909438136783 4.27792779166329 2.64510851194166 7.83543853434125 2.84842319139297 0.98292090485625 -2.31781254634199 4.73766940163423 6.86708586960114
8.58879105415778 8.63870834762267 3.61422733378152 -0.919289655794784 0.423904756966307 -5.65593701162192 3.0535748782879 14.5567452914025 -0.509088152604095 2.4683929133923 -6.51240143567582 -18.9661180455574 3.02777258728651
5.14094151241894 1.50961131739844 5.23870268985366 -4.36323013079357 -13.0381594598792 0.0949071372902939 5.64529162306722 3.45013279786716 0.123046572622129 4.79904979911253 -1.11315302662027 -2.4409286640175 1.81324844997836
1.84228481985283 1.6163632686455 6.21591542192798 0.34032948872894 -2.18012029094539 -18.4450981022883 1.00437370546165 10.7259498092364 0.0239255374293335 1.25817363973415 -9.82694045075946 2.04715768292295 -0.529457788560131
-3.78634896142091 1.97082778438494 0.919428164615502 -3.85440336083742 0.552189772216198 -11.5160389525862 0.679812363069879 3.68242026703411 -2.96643107188107 5.85098170554398 5.80255450967374 4.13114949421194 -0.131352902812588
10.0169718520456 -2.26383378338376 3.32525840874982 1.62430954044528 0.0916400584419588 -4.67465944382755 5.70357801590453 -3.02879491724137 3.79787759872492 3.86215978636154 -0.0760093334791552 -17.1482823211561 2.32265270608237
2.73962974284933 -1.57391116312736 5.4096179679434 5.64409564866272 4.07121001188505 0.164095106174429 2.9656760506844 -1.61891456010803 3.60382831364771 0.906045862060952 2.1470452922865 2.0791312145011 0.719189132636094
12.4325562345589 0.648058842124984 -2.61967993663276 -0.873651855398038 -14.3305547145686 -7.69764581727276 1.34473433508625 9.1828271040853 -1.04915690281326 2.58607899070886 3.45839213398957 -5.08587833504328 -2.56463612576458
-3.95010954796817 1.17743414828439 8.36145905489846 1.80503442308955 0.418254786103012 -13.949374669941 -1.17601270907594 3.47643246380752 -0.355855932569764 3.49149590488425 -5.72861398414259 -0.587763021827731 -3.46782255986931
9.96501967027023 0.124094095492382 -1.38524155337286 1.77265626675233 -0.537235216875872 -19.7252552065323 1.5964775395316 3.92824886357395 2.11809819154034 3.3393084868267 -2.47598439921115 1.3762917513096 5.50804360914194
0.80093993017622 2.53716178942707 1.39447460064836 1.22332680809087 -1.20723489829055 -17.8747626238092 0.676675488797722 -4.22937561603689 1.59698445153993 5.43511388749781 1.8607161457272 0.136349473642265 2.08368011676121
-2.33526683131716 7.22856044921023 3.38393228782028 -4.79104027403941 -16.014875506494 -10.4216317210073 3.11210427985799 9.72446775210104 7.22665553145346 -3.9664696329528 7.87029068098892 2.78720026630048 1.63146471235378
-0.367913144664507 -3.87008051147606 -7.20868162815741 -5.94846503976997 -2.36460183475865 1.85456685339262 -4.19119772891205 8.5551093529775 -2.53655058904772 -0.575071140929617 -3.49224992409181 1.76692502828744 -4.99807575555701
6.84866852549322 -0.238524361135405 -1.1734299475361 -7.28551017577249 -4.36535931547276 -2.34605167815555 -7.40870517519006 -1.82366426369665 -2.28321288445904 -1.36621994482823 4.70133020111924 -6.85837094170805 -5.51358746808928
2.69727086435626 8.17631352439744 7.7932919922754 3.00264030523191 5.27990212097795 1.24040699515021 5.82348905054414 1.26904601952531 3.80815869049805 2.3035922937536 -1.13179620948433 2.04169199288601 7.77173817848711
7.30027173361251 9.34748033951091 5.42878482573926 2.31070442488396 -15.2821368115201 0.186121740853028 -0.533108638412025 3.84633660192411 4.03435718124005 4.41106788876802 10.0895844093795 -3.35013295707763 4.74047123193684
13.0113879665486 -9.49680496715988 -1.81085733704231 -6.54232290065292 -4.09178938418953 -2.46954661116735 -1.69016249324898 -2.97180144071931 -2.43493206125346 3.63211819486587 -2.29189415923291 -5.59140637116734 -4.8405533381003
7.75198031041192 6.81069912427488 2.13762697309878 3.52670371897556 1.21550726549654 -6.48911125543283 1.48909758680304 6.27434070568452 -3.59711667223508 -0.114706142125044 0.404648814819996 -15.2415580875356 -0.485334019328915
-3.48915129494866 0.942539540483301 3.85739225442345 0.544429786916726 2.10775867322769 -14.2498837504766 0.968732011666064 9.13536502176116 0.999299603254336 1.90802200546448 2.60414317501626 0.25879619288306 6.103574221222
-3.18696421888496 4.50045045962304 2.56100563908086 6.34992326814284 5.44138855039327 1.47735158526143 -0.155649575700709 2.78419448424859 -2.63453740209183 3.10932948574303 7.11077737410426 2.5397298951102 4.71848051684981
2.98011328455961 -2.02663346627585 -5.75809652129348 -5.25830737848196 -2.23894853493184 -9.90516358724443 -1.24340192680176 6.71303333999976 -2.04690636353545 -1.73924174241769 -4.36585555860127 -3.10971274024422 -3.96088463412531
2.88846359616598 -0.339187846962039 -7.1852707166412 -3.89544172888637 -0.955925437884417 -0.490661964576386 -1.86527226693872 9.46722282724747 -1.04175642300714 0.228316387743899 -3.54771506400817 2.83285324473377 -2.15872254139542
-1.957327079971 4.57494684823938 5.10616590185178 5.75433704341145 -2.39117188587483 5.21862118137207 7.77310691092173 -2.58373417020001 3.07772713481888 0.274300684050182 0.82870757067252 0.493515771292492 3.48186633813813
2.14417231516883 1.87925404963323 -0.984558878565748 2.79528150550212 0.48211670020357 -13.5587164114529 2.02264140697548 -6.16118507360872 -0.35251078615218 3.12729445139972 7.60468756780893 -0.817830227438387 1.15570245659705
14.5607088954022 7.87859843790808 5.17576764631685 2.33422187859659 0.449072394456939 -7.91805810928676 1.71296432690207 0.639884220122977 8.40374459692685 -0.789966753662019 1.77472670161405 -14.7320096218913 2.86051860744255
9.32476904720492 -1.93461961665933 -3.76864728431937 2.11461137615496 -1.84560101564157 -0.449868100098358 -2.7082077412455 0.800953783400634 0.055282868278077 -3.96121815110893 2.79583478219681 -2.1018765177942 -2.98302457650092
2.54579361237501 1.86860339513632 6.4198500710487 1.71133030361301 0.234838755502592 -1.15609535307984 0.603689524059743 5.32775052878254 -7.21508941422638 5.09652842241965 4.92039538949542 -12.1794303897729 3.48239869269919
2.15966851512255 2.03545752737027 9.83948446770214 -0.984989921666763 -14.4392695622305 -6.15797974186127 4.12482490136629 -18.0806237220846 -7.06031822184256 4.81476047422682 3.29001983660949 -6.50946559137297 1.89253959457334
4.1757270532172 0.783856279072806 1.67799227300561 5.247114157648 0.166098505101486 -5.0997761508202 -2.66870821204651 8.40638097098131 3.64483634296191 1.19473456017377 -1.22282664030047 -17.6717585830048 2.60595990994093
1.21244576374055 -0.906545692088782 -6.50825912558286 -5.52073015292111 -3.20042251178246 -4.58907349239695 -3.8466571848141 7.35121196460368 -1.28870202200862 -4.95176982777557 4.31289684323761 1.74718727704312 -2.53188969371874
5.24995265606017 -1.16905979052886 1.43747920460961 -0.165223093222769 1.56696886636437 -15.8110122565973 0.741756204623242 6.50660367696042 -0.0181913426770047 -1.31186584715709 -0.0726284275105573 -1.10019286704297 6.00819224445195
1.05324194350815 0.800938642667357 -0.962032918836365 1.24637725238037 -1.73024719263359 -15.6063746480706 -1.7305945878483 0.539419948267475 1.43871107587561 2.39286422704888 7.69451729012525 -5.71579850993663 3.5107199768631
8.67677293861002 -0.820723691797675 -6.59753513488036 -5.98442305570411 -1.34134077494601 -3.49764429598602 -5.50927315317519 -1.0194140137473 -0.19593446462954 -4.82642110008238 8.90489530889599 -1.88737260988801 -2.90649746316858
8.27653507658095 0.47449084199128 2.18234232911293 4.11938522702432 -1.26151900265573 -1.72865460137698 3.32722803729878 6.62479376028036 -0.619562029642909 1.24454233690514 3.79891424205356 -1.35886052242155 4.27562584723514
21.1638733597132 3.1150335881107 2.28458793188551 3.32572579839242 -6.04571995588937 0.521273271631134 3.47872176147845 -3.29838681625828 6.14407033521814 0.462184189493776 14.5370214194144 1.89907160079713 5.00261315980041
17.9258686028226 3.24397936148081 4.10388058675406 2.35549911117054 2.95640469309741 0.466581865701387 4.142700878383 -2.60523881383964 0.0116243791098127 0.466964283775889 5.5138962170304 -2.83706617194427 -1.01642618781749
23.337631677605 -3.35775296699554 -7.24462120819778 -8.40379832902294 -1.53243346886154 -2.24046570827218 -6.03079970314284 9.21378569873063 -1.26568051009367 -2.78437669561941 -1.86088727761716 -3.20226696195906 -2.99143252031875
-3.91191496891014 -5.23675867216262 6.72911735729095 5.57514064612646 -12.9734876981308 -7.94382887877176 0.777138863787007 5.77458537451795 -3.35004685848942 0.328467759728645 12.9283284279208 -1.96914048303663 -2.82957724019135
15.1822139853394 -1.52356053987825 5.02451266213456 2.8944031173646 2.07212591111514 3.70809235660634 4.96670592410735 -4.22640595384799 1.16897172710238 1.29490926151857 -4.12288781608691 1.73214587301171 0.232921664747373
6.89244933119546 9.48584025419481 -0.970965798144113 4.54835239110891 -17.3142154214079 -3.56994707111006 6.53114694560268 11.6517401328845 -1.07273389662723 10.091965226395 2.3062063213412 -4.41610334995309 -3.42324908824164
9.55863167656919 2.14137385236011 3.81229312169915 2.4628052778476 6.61673930201148 -3.704826505492 4.39017059181216 16.4169714337102 0.568613139631794 0.436676781964923 -8.77294778415432 5.05174811865195 0.527604176893604
-1.28718223108532 0.223568305619846 6.59352014844768 -3.65845818340549 -10.9306273664286 -5.03418388077056 -1.07469959437616 5.36641319099168 2.69400980012217 0.403776917244725 4.34670069908895 -2.29651123214168 3.36028281773853
5.38267878020374 3.24865532208289 3.27593778057724 -0.475577125660905 -17.4570376588564 -1.8616885362018 2.76216332439084 8.2351706228902 -0.75211197965828 10.0043637427728 8.30526893918812 -2.35494843382608 -3.91178937537433
11.226223486333 3.57243386070565 -0.540020100018313 -3.8827611304062 -12.2812336210654 -6.3284733647264 5.3108223984811 3.06194944864097 3.06440220131085 2.99219035046215 6.95636028438695 0.161476397002318 3.91942497912177
-1.66501525886785 3.03360494941963 0.846191574178558 3.87778163557107 0.188442682520681 -12.6244090497802 3.99327978209489 4.11888691289792 0.192310350426191 6.28200288661579 5.03497817188415 2.96494771768371 -1.59470967205902
14.2351314040709 2.56241524102412 3.22705526010693 1.43731418429097 2.71792303378302 -1.57725113925675 1.08732033969918 8.29703250812328 6.83577817632133 4.19401142779354 -3.18496177337925 -20.4682908961432 -3.05981233626971
11.4821646127547 -1.26227988221101 4.49773966429803 1.67570531850648 0.649858309754741 2.97655302306104 4.91672448415155 -2.86132841516683 -0.162172840199026 2.07958639271807 5.76127615984646 3.02810855438054 3.31153836951165
-4.05743111760844 6.73282208911427 1.78609433546906 6.65884065726931 -15.8104693602262 4.66831786883721 5.41583472282286 11.342327460649 -5.17924595030126 7.34358110819697 5.54264615101396 -7.52234135578064 -0.289245909580594
16.0879872118084 -2.14347972847038 -2.03088828535697 0.731792207320083 -0.560175695807082 -6.8981773810581 3.58611488450398 19.8944434664511 -2.78966963250635 3.56587233356555 -3.56275399367191 -16.5211270589746 1.4758728314841
1.22896144783993 -3.47094796618703 -8.72617682292924 -3.15880571122731 -2.56986440770342 -4.78824681202922 -6.37491244958508 -6.04992748921747 -0.0439678073146439 -1.89502813259788 3.514700675974 0.177568697013348 -5.9224939188048
1.16959025140015 -5.37296952691214 -9.30163442174286 -2.66735175353784 -2.66642787802559 -8.84079947986195 -3.63219976406548 9.465952181833 -0.663917955113126 0.198334147897151 7.32515076771165 -5.38236396937741 -4.4922852916659
17.2614964181123 -0.286545094798127 7.23327325863346 1.7196440767826 6.65548939948857 5.72837902969063 4.64608905429307 -10.5880068854847 1.52944523293125 2.97336868679622 7.92618657655665 4.495038474616 1.84822818579215
6.62436600900214 6.96185766581169 6.71067425263165 7.5504642160879 -13.6359494046211 -0.681224696810065 2.74349576589456 10.2914665911605 0.00755931083287831 10.4432009559998 1.6293296567141 -7.49383659574055 -2.57305926807378
-1.64359459099298 6.17163409306124 0.0491775209556931 3.91085378757802 0.832143765053832 5.19127212382598 9.83918845063075 -4.63719264845676 4.39994631163201 -0.559071234379698 4.28611601487435 4.79170285499872 5.37104429724115
-1.92340022714313 -5.1682188671447 -5.66454018398384 -4.38922312469388 -2.89176369446656 1.21433634774508 -4.50748951326254 1.94876419908701 -1.82697108387426 -1.14138230387541 -5.40053418260487 1.28958620607909 -3.43256828237662
-5.51058611089861 1.61524473972382 5.98782952520309 -0.692671650275991 1.61495702841323 5.64124175248716 2.83422642036769 7.87750095258981 0.963760694119385 0.399630979036189 -15.6979075142054 2.85709250771284 -3.76849892050579
2.86163507843189 -0.131061722106387 -3.00037531338 1.72219270171688 1.94443892267349 -17.0549496281038 -0.216163833528515 7.26860412685718 1.67784828728374 1.77707201944643 2.18363588547825 -0.91992734186748 -0.0797341248272251
1.79885301987555 -2.61244602637083 -2.84976620985451 4.91772661415651 2.51126818386444 -7.66128486927702 0.856195718280417 -10.413659009046 -0.820427314629611 5.83191192175498 4.57846003885078 -13.1863488281331 3.91203409485696
3.41188948551209 -4.25514002188702 -6.27378838601444 -1.69020425509063 -3.58252909123769 -1.71442164841699 -2.85121104730199 -2.52597620955813 -2.32226515563905 -5.55610146985264 10.9077928052867 -0.782620653227462 -4.65716467729538
11.4768989485979 -4.07343448558675 -5.79491485838421 -4.10790366791095 -4.11855326660478 1.85548928482573 -5.53928882286505 -0.894351736198856 -0.553076767133748 -3.28157476207162 4.8003694093831 -4.95085440546961 -1.41660069427175
-5.25292693920901 -3.76291699382263 -9.63198728678537 -6.02355130640791 -2.3530285862104 -2.2665419460235 -8.12336003791452 -1.02174306041039 -0.000453913953222251 -3.53055433629865 -4.15913537490131 -1.32547370067703 -3.41419534202046
7.81804480110422 1.72809267884944 3.28191791645491 -3.78561369731118 0.300405299902935 -17.970015337964 2.27977768522231 -1.19281578564657 0.97355597268429 5.69099699260879 3.93463036840829 0.90330328122513 1.09931148421782
1.17693723733963 -7.96884498371401 2.53468157532266 -0.98120396838909 -12.9750396835929 -5.79032823421399 2.86854419861533 12.0142829977852 -0.166307036859817 7.55925060780408 4.40130202083957 0.0245297931102453 1.49933952621559
8.88773795093161 -1.73483326461694 -9.65825501151414 -5.11244028743396 -0.875108355320714 -7.0610647541962 -2.64469932530064 -12.3785278779048 -1.07610404431717 0.894824349397803 4.24900776970042 -1.8522758355313 -0.67744074597458
-2.80101210646805 -0.279452512561907 0.582304472501805 5.59774888539992 0.633736815469596 -17.0130763940205 0.967785211222834 1.99425811535663 0.101002688297725 1.16010831484795 -1.04392841752406 1.87297259935012 -4.61872200968682
6.55348482183695 7.55112966551614 2.13242342695506 9.64291281493661 -15.1242110328089 -4.24570401676874 6.02010813479813 2.98689935836917 1.03670381566557 5.85794684646899 -4.73250532925785 -3.57068177354722 3.76532817816234
12.8873745875772 -2.7646835885554 8.3139073045208 2.6520832172195 -0.899071465215025 0.0133113163698115 6.97561387165065 1.77549875248688 2.48716389366404 2.73701492180524 -1.1417176288515 3.3225201326992 7.34578958264825
1.90084960002829 0.674432392645219 -2.65344024244935 1.67881854046626 -14.5696998357892 -4.92429646374389 -2.87104783530977 5.57080381555608 0.394719878271084 16.0366041207373 -4.41889238006243 -4.10797589309738 5.06382032908552
6.65313631925118 0.272913248105695 -0.547295059087567 0.489465413035957 -0.754954314734397 -17.5383944819566 -0.719552246446957 8.73411926626853 0.800340798797275 1.32442222590235 -3.5010983348827 6.0395240746389 1.6243087283269
17.318878371628 -2.3063205713596 3.89077355506004 -3.39112389715877 -16.2197003162975 -1.46343927879261 6.49598357338306 3.83908860208011 -4.06323012500312 2.37204884752084 5.91406125390607 -6.32791339593641 -3.92639880350063
8.35684212294554 1.91379645568656 3.1520637195497 4.88040125523946 -16.0341962181688 -11.6999411683315 3.70740407683468 -1.30126066741366 1.53807157301764 3.93308567361321 1.10931875516575 -0.932563656885616 -3.18253597562712
1.77693468094506 3.956643714744 6.30938710163438 0.526728833931813 1.73311029094928 -2.77450161441162 7.40595526542411 -4.15306429100351 6.78213814564215 1.74122231400165 6.17689045796962 2.05799622525401 0.757115502745052
12.8893692640693 -5.71165282111691 -5.60587089708227 -6.23899304316533 0.53037850636722 -1.93530457725145 -5.19875492907176 5.08776649226488 0.688829655012418 -2.03429556276745 -1.16498408346134 -2.90115285558789 -3.24408264886728
9.12886392637067 0.812670958148944 -4.17247606196437 -6.64660975601497 -3.10603415024927 4.30446342421286 -4.57284812301431 -0.536131580359978 -0.984754868054337 -0.475788470508775 -13.2977141856824 -5.3515215371011 -4.91960680858502
8.45902388158451 1.44024378513869 0.335207439095509 5.91838370027863 -13.2945667294233 -6.6233354579489 3.73426054484914 6.8687266315774 -3.90798692715475 5.99139242277245 1.46868684332141 -3.81918942931249 -0.77945991779632
-3.72268538648189 4.00563417712134 0.189797582150705 4.54054542103593 -17.2181022254079 -6.66420640777003 3.23141818692513 4.36033912226526 -2.32732730581807 4.13356650097843 4.19728878391142 -3.75690039859818 8.23048957313178
5.58975247180803 0.754105586783465 3.8112636126049 -1.2049237167194 -2.32802168869525 -16.7187493437249 -0.0414556558916701 15.1477381387608 1.378562687716 0.907758971343508 -0.550199051473016 -5.0287047617718 2.43567713476446
9.35435242739563 -0.782308292461391 0.841200013988368 -1.50809021437239 3.3204362973454 -5.89601231107446 3.27334396270834 -3.74575681984552 1.47906805656374 7.34727864373007 9.13388456620761 -13.5250833325062 2.54323214616998
1.41863790636961 1.02011561855889 1.7559978322902 0.65890251088091 -0.574024079023044 -15.3878491506631 -0.489174767937057 -0.0539562386227161 2.68463901018073 3.57182060708117 5.60489665119045 -0.521091255230296 -2.75611888001525
11.7639321740718 3.57493823867925 1.60935272848682 3.68910918927394 6.82993372176034 1.10834201082654 5.76074188653576 1.77688996954164 2.2862213592797 2.95494932679793 -1.48368577659873 2.69538462980663 5.23058618662469
7.92364274010679 5.16427395030924 3.30345164421089 8.71573997136448 3.39668730486955 -1.25222191344444 8.80578746911407 0.427251134997778 0.779010784708479 -0.643128431887169 0.992147948727255 5.08813062470201 5.17862674422215
-1.28123013105102 -4.72271497409291 6.66376604123858 0.798954180845905 -15.8074787521171 -3.13705351975204 8.25546199461224 2.49439200337411 -3.64105091343986 11.3291849448315 -2.53209895925629 -0.142626090635964 -6.01877946148808
7.12707747873785 4.7076986375539 6.72451524409339 5.5508611217881 7.0113702211618 2.39414102206027 5.80334810136059 -1.23106048780895 1.98208968585363 2.24511531568485 8.44782429928612 5.93241433317641 3.2255594556357
16.0703460575628 6.76010620200936 2.16963861318641 6.69763640003134 3.3224919502526 -3.15362712544132 7.17089215078211 2.14993210366999 0.155429728083638 -1.45768502620161 1.97517365633941 5.66404452779578 2.18823568338922
10.3021717935647 1.64644119873234 -2.09521564672509 -5.98507993463847 -2.81823745269993 -0.0308458573213253 -5.75130053475146 0.270549891278796 -2.15692566225861 -4.40626225536816 5.1217675886837 -5.69661130044046 -1.85151458490054
13.3275887608203 3.14692816104957 3.02323194082667 2.27974469968074 2.2928550226576 -3.60843446580517 3.78006406059593 12.0715947069266 -0.0612928089235707 3.25779041985415 -0.603924874496665 -16.9060799367742 2.86078489741218
14.6643403206189 1.31216108605041 -1.50544876251647 5.90363323899144 0.685713894310219 -11.2844150408366 -0.514646376500881 -0.528846614488289 -0.945864302325645 3.3190778625894 5.54222283363676 -2.11913901053371 0.723125935250709
7.74641609581442 -2.4021429385615 -8.50441149552646 -2.48161125568631 -3.9784871055758 -1.59135021653694 -5.66470759668301 20.2029188310225 -2.6996774123615 0.209284705126326 4.90425068085206 -4.07022100956742 -3.3631448524638
1.94187582404032 -1.38260757314896 -0.962235160962138 -5.84938359080191 -3.95993771109375 -5.31507458679183 -5.64553996080984 7.58810841609718 -1.36667857098884 -7.27058953632847 -0.936513772403819 -5.90558552583053 -2.00695869063707
9.96636749349356 -0.110855567789041 1.24056172208314 4.31521469845058 9.4887864668046 -0.59924014891565 0.2468890698053 10.520700672017 5.6320114125947 3.64997150194087 7.51546920950391 4.24484544357619 4.10924972912487
7.53320310029297 0.89304338410818 0.60350411496264 2.6472030723241 -18.8981937929154 -2.76241768157828 3.06839330161404 -7.22169531485268 8.8522510626956 13.7017897096611 0.857853240246386 -5.18653274822259 1.75169580895713
9.78675063994779 2.57843668733634 5.65580383714849 4.31779106678466 4.3899052556907 5.24015096906261 2.79515410603414 12.9429961105575 1.91535243707931 2.19792859787624 1.64406599211215 -0.214958656627226 6.53667949621645
8.05336989053593 2.19135160969259 -5.44355217319457 -4.5637273506847 -12.0110124226737 -5.5656979431211 6.7212099397435 -0.966815163729125 0.118582910636861 4.98446842064796 6.12276426031673 -2.3092868396126 -2.23946265489497
