x1 x2 x3 x4 x5 x6 x7 x8 x9 x10 x11 x12 x13 x14 x15 x16 x17 x18 x19 x20
3.10546613449309 -2.50858767183913 0.715229993103187 -4.36785030732405 3.54080286395571 0.968198604769719 -2.74465637862783 -0.563731644356271 7.6388442506776 -1.92510924551936 10.2890994155843 -4.62486916727263 4.5895997630012 0.403548886874308 2.47114138040874 -19.8284508756403 -0.52334501935529 -0.828108221251243 7.83870199840395 1.45293241043554
12.6066250686456 -6.55624414864191 0.970231195785137 -6.50280047568548 1.09427227286078 -3.24027608380841 -0.657928828773927 2.84574212167495 -8.63672835265479 2.79367523981435 -0.174755883582614 -0.0596129487129815 -1.74690307587426 -0.437790479559683 2.69983519832644 -2.93213814723075 4.41461799300222 -2.5088242121041 5.30146580265064 -1.2407384574228
6.82935669500239 7.49438950503148 5.94485721489537 0.732373140556075 4.55113852040459 7.39963516622047 7.15512663387057 0.70820395928336 -0.0943983766225353 -0.343289102020314 -7.0213347578932 -19.7912837605934 3.19204445481265 1.38792047699044 -1.12824972478778 -6.40714929015114 7.84288439403957 3.97269352819107 6.40099543779744 -5.52907506252404
-0.58384260523009 2.66767466546354 0.114469044252926 -1.94325173040159 7.72009894431 2.31735721028114 -0.654122624864842 1.24097282338322 6.89544881834627 5.29689899984584 -3.46690420894692 -16.7855291108271 1.98546358814128 1.03447284320402 4.59012041840974 -3.54203416201147 1.54894530919738 4.62194788365999 11.2381443068925 -3.19110295635111
3.35206825877057 6.24491263386136 12.32734784912 -0.117787206423417 2.81041627934798 0.818122288913904 3.21620200329392 0.778792164447355 -7.59426666059932 0.253151071826057 -15.7405104039853 -1.30822099845678 2.91801876324981 2.55318457243069 -9.12895230017922 -1.29211866447637 2.25483829501822 2.49801997208362 7.59393183039951 -4.88911533895488
4.87212554806058 3.78964304803104 13.6429649355105 0.781337495335039 6.52115828030143 1.0646144801761 -0.96389713349682 8.20913504232275 -3.09989775950568 2.12953317782169 -18.020788073369 5.96062063702552 -2.38876681574345 2.18380478717381 -0.764279827065952 -5.46582686673191 9.65524479862988 1.02620412862513 5.94571135689277 1.34616723302435
-12.6163486733562 5.76375974997145 10.1780781640328 -1.18133657228663 -4.7064038149609 -7.55945051798849 -7.67951310551921 7.49554377386878 -13.9163262668475 -1.21104162747858 -1.40904088865254 -4.20887399070664 -5.54959429970293 -2.00631293954841 3.99094603416886 -1.77554877177804 3.00299515719279 0.511779695493169 4.00958328804128 0.591393627147338
-3.01000161350634 0.611487504530625 12.3193420108219 -1.04837152066006 -1.72523485070043 11.2840707798466 4.0986321742918 6.08766819992089 1.71124325226057 0.211538594843185 -1.56350468680789 4.78538288493683 3.12453408272636 3.36173715685733 4.00695092279496 5.05593574936895 3.47820760281029 7.56188704060385 5.55308998509809 -1.65158572345993
8.84167072183267 5.19542358615469 -2.22816161586823 1.88320807094707 6.22935019307867 1.14270889559161 -3.63208353143518 3.88943845454005 5.52755665384148 6.00981192604643 -2.21235695817438 13.2864305832847 -0.260715727620545 7.38658530437745 -8.38515769781343 -17.1321206534272 4.86104494113686 7.11511725196032 6.71391534108293 -0.0539246256105967
14.1352633338174 0.282325034728492 -1.84634063450898 1.11645148739748 -1.33801262490203 2.49583898926225 5.03332003235842 8.08268794386244 -8.13972166785233 1.63697989621259 -3.68119329287935 1.1470994923482 2.26702166414539 -0.280027132260747 7.58007272739284 5.34699599675423 4.45849605765178 3.44421256112143 5.02934833705538 3.7401695810112
1.53859383679858 8.85917054322957 2.09095790728704 0.702551303449725 3.35828286377761 -2.28379076167638 0.87114247467099 5.07552049343399 -2.73005015486856 1.12994258641389 -16.7083885588257 0.404812015917848 2.24051333718389 2.24071601777247 1.70547980211168 -4.59846856952755 -4.15986274157599 1.13599803314045 7.19835636864689 -6.79764726580466
1.07303961386541 -7.11583768178803 4.70339536571527 3.60810861453022 1.11033978136752 9.41739398821978 10.2127739104588 6.22773328540365 2.48670150246938 -0.293677750752493 0.360914199958761 5.08534389379706 4.04680236235555 3.76952684042711 6.67659259486407 -1.71823557547471 2.30998924637188 1.56601069341922 8.23497890198276 1.93102564204984
18.1366855764079 9.29272277662766 1.23597309972527 -4.60448457380014 4.15781780236966 0.38075153592164 2.45906271664929 3.80632137035833 -4.5472878894529 3.57737858188976 -5.17063125784759 -14.1021574065664 3.9694663992027 1.70166486226869 -1.90827917514559 -7.25642031164208 -1.9068269326535 4.45800528822897 3.10092046005815 2.69132868286532
5.77764408649261 -0.0559623427465417 6.04416850578215 0.384643544195961 8.10279285286978 8.07393228118415 6.8073209098282 3.31373866003661 5.52780050356996 -7.89213473486085 0.694616287141912 1.39971589629243 6.32240072212399 8.51653960655632 -8.39482141904844 1.4657270663932 8.91455737438207 5.20246066283872 4.1168036027511 -2.91381573990637
8.69667121346777 -4.0482936094753 6.37773558052269 -7.49610214248469 0.605716138736224 -5.3880708805409 -1.88626974226799 -0.709705666570133 -13.5484336207374 -2.31780822422998 -4.9060068665219 -4.2825415200688 -1.54757056144186 -1.98526075116412 -0.253756296777765 -2.19797550807479 1.54809459271694 -4.89892262879822 0.742281612544238 4.82149543247561
-2.80316583461566 -3.29332393355471 16.4275846905869 1.05039080191055 0.529048850071371 6.43051418221624 1.46698497582063 -0.22774829288503 -2.98614219277236 -0.21034478135523 -2.90929364227272 -14.3566396146253 -0.181948840719907 1.34400147210381 -1.09967878375659 -5.46420004762127 -0.74427020693992 4.55787631419671 3.22701156727642 5.76129924577463
1.14306328966886 8.4173269978946 0.866980139315257 -3.96983584631947 6.93536231986109 -1.4938871238256 1.42328039746254 4.51182254094496 -8.12667049574782 -6.14717644868426 -13.9904695207415 1.98881133918327 0.459148069265751 1.54308735958851 0.999256109234149 -7.99580665356231 -0.491727610752382 -0.5599483587464 5.97028442139065 2.72685220536266
-6.89163969303413 14.0751776720024 8.02541598750897 -5.36495485085977 -0.732780648625655 -2.7174262096339 -5.4231701718669 -5.88340206140762 -2.84072636740714 -0.657139502772456 -4.42442975897522 -3.91649143501807 -8.93983995730129 -2.6346220143455 9.33156337499102 -3.93580712129386 5.70447878900624 -6.48956357858104 5.31085849191883 -5.41419153820183
-16.8899424778467 2.15071027425892 3.57409650182966 -1.9442878791924 3.54859392005521 1.87536540156499 -0.836497408681524 2.44116013137137 2.63488346655739 3.95616306178536 -16.2905488463762 1.40456912148116 2.83105968777645 1.5674704806127 -6.64780970896884 -2.69114122289437 11.7067855796271 2.29615860784135 6.1898380725113 9.10035198278051
-0.197920698000203 4.06638070011891 0.911324242997837 -5.6907746116819 2.25132658525392 5.68725620515694 2.03950675053094 9.97293704190345 -8.11382920938791 3.55188810776199 6.55688510218471 2.2198892021155 6.64490441220675 2.09958557959887 -10.4172959280657 7.91160583701247 9.20549784506514 2.9488808739883 3.4334102737709 5.0674229017734
5.28446951080621 -3.3199408903573 10.4495300167467 0.512641552400456 6.01337076111415 1.36996832672898 1.63082351657914 -1.78357997002637 -0.874289502523581 -2.85882692300061 -4.20371918036424 -13.8527147088118 2.06715277459689 1.57767503877009 -12.4398260507354 -5.17341987716281 -2.64331763193383 -0.340012975915777 3.1303729720009 3.59645868951014
-3.88336489589617 5.02448734296493 5.26303981014343 -0.668894416350658 3.46695918736571 5.65842601593415 5.42689206439347 0.494689008312089 4.77564951308907 5.89039767240809 -5.01233340805779 -17.4328484884311 4.34741573400409 0.478482545386565 1.96358721489988 -6.51470530968673 1.31867864900376 0.901494077085096 3.27666805173879 0.435146079784386
-2.2709203539522 7.39688167081307 4.53465725503378 1.01593447524746 8.27505529735682 1.30258988875442 3.17085776575846 14.8384391100165 1.26231784654676 2.64168187591897 8.93617960566275 -4.11467242432282 1.09637899849765 -2.16230728003758 1.20101513233603 -17.5325940925925 -7.2604894783729 4.73703504730243 5.55238744871035 2.32639864275638
8.2068879601035 5.93372502877474 6.20156519786451 -2.17555349313024 4.11495173006043 5.81012215899518 2.52968133997287 4.1600955649372 1.27951569813413 -5.59727310433569 -19.3027197619985 0.232754824828782 2.548805141381 2.77821086857984 2.04444928591447 -0.777446223085434 5.56791967156456 0.748869949356109 5.94365011761963 1.78432303928229
1.19011460622721 1.30596916856965 9.8971459363287 4.68735466573789 1.61235228042494 -2.59803901718394 -3.00340671628125 6.22456775411625 9.33360015213989 2.37098944361024 -16.0100197296684 1.33615868429152 1.21244489823293 1.34695725925924 -0.000209207313840998 -3.12403589671367 0.24476370869866 1.50258502571795 7.1185004243207 -8.22145433099381
7.76915713599717 5.29462380918407 11.2947352089897 1.59463806439079 -7.7624410707998 -6.26859872451009 -5.23070632580112 8.75263313159498 5.22314593375103 10.5133062459692 2.44251100443763 -2.33293490020824 -5.75645634078974 -5.15154737030992 -7.26928832016984 -6.41840080467381 9.43641723326852 -7.13731190824298 8.41731437364938 -0.0336026823032378
-10.7104372191799 -0.834296531160042 20.2475015452722 -2.22010880581592 3.48041765494838 5.56322283416402 4.42806229950803 -1.62638191899491 -2.39084361631073 6.70795553723027 3.22377070788507 5.43907931794034 2.35402594683111 3.13551230106675 -6.54074085020371 1.63206793755052 12.4981115791429 1.80283905465721 6.69399516964994 6.11224048099631
-5.21839063557056 3.94924946111107 15.5653643545388 0.187487327729518 2.44627784311419 0.597946466190444 -0.441828114731522 4.09633770308476 -2.62640238260935 4.69450145529858 -0.688639350829459 -10.1517271910888 3.67363643602105 0.795795645599549 -1.01745653711176 -7.10343008834561 7.06404860456676 1.15251168856061 4.7313459052061 -6.83140292068837
10.0049747510259 3.02868269144752 4.41390174313017 -0.561520305747924 5.27888346868275 0.515519137637242 0.923350307396539 -5.10844288270093 3.57187854061747 -0.776888249529676 -18.4057766822148 2.68451211604991 -0.205510524004427 1.76507817337978 2.03829313345089 -9.31171047390796 3.00041173821625 -2.91538062495014 6.74226928549952 2.43103908878833
12.3443813777374 15.8608437263189 7.1550661547861 0.754962277002877 3.55874401772776 5.15574061304651 6.30138178083624 7.99606830771425 -5.40018714107939 5.61387011958117 -13.6251542476089 0.0492868586060289 1.93936516203593 0.360317683369004 0.884748003746727 -9.98327551407734 6.11620374802445 0.159194987957388 9.95420461363054 -3.0520898968822
1.89290171059002 0.27643523316504 7.0393400378409 -4.01153621212683 2.98067677744282 5.52097690440904 3.27416751395307 10.2995611557446 -13.3635063796653 -8.82428888198307 -1.74401809386654 1.94986372601419 1.40738461149351 6.58364840404816 12.8003031113856 -18.8121898647293 1.29021885262503 4.67316743106127 1.58374573366401 4.40316343292104
8.80324342868613 4.55434358992851 1.79672828254543 -2.8535468224579 13.7302568499987 3.10796081299937 8.16508718630764 5.36970557319432 6.18824275512688 7.92055264043551 -2.0929460660825 -1.01822295293906 -1.89800028564127 -0.187508311179063 8.91686153872917 -17.9992105921452 8.42966350792929 10.2650423224393 5.81962857779177 3.83163678274924
20.5823184644362 -1.59245200695513 -0.875153963682142 2.44548930945523 6.32270015941187 1.17911543975569 0.586073880463611 8.26064568802133 -3.42389493419625 8.5367162021617 2.44181185944336 1.39051746796644 3.0862206150187 2.13673052909537 4.93602266703954 5.03838656482785 7.06627702268026 3.38499718584067 6.60901805963855 3.50452376676861
2.64897977420281 4.02978356295407 8.86232595989734 -0.686003661720855 -4.25190189943272 0.493343617041127 0.93572304671211 -2.39889353589931 3.8404255712627 6.17153106089671 -0.721481389647357 -5.53446283718225 4.3482541861142 2.30222841264014 9.13042362506135 -19.4468763728867 3.88946409224898 8.15380696024107 10.9260267037512 -10.0451899047196
8.19090137920367 -7.09176670777592 4.10993498412408 0.417586965875558 -1.75810560357772 -2.11360557056064 6.28173216653298 10.1941822737587 6.22036946400281 3.24442959927871 2.57201280546667 4.91916980384361 2.74599484131867 2.28283325986967 -7.76244670011937 -19.6094269454691 -1.98960099333264 7.68410026947171 8.03814673710427 -8.03347266569622
5.56519527115933 8.28050834401037 -3.54240305586491 -1.28112087717015 8.81417144793023 4.26025064582141 0.295805123009304 5.6855223569392 13.8055091862836 6.96252835203613 -3.65288213157288 -15.0801959711806 4.32186873147366 1.2018126237635 3.90026371462317 -3.17860113709258 6.76338014227238 5.84429708193486 4.0939641919969 0.768811298409147
9.50665276169361 -2.20291879280605 2.48174517110881 5.78252457485047 2.71303008798464 10.5667081608988 3.09886651421159 3.10238683125367 -4.5469860168198 -3.48104361281424 0.123762185703708 3.06364983418791 1.70386165076993 2.75691406381558 11.4628529517795 -0.320999885122188 5.40702084144037 3.77049162120741 11.6242397101737 -6.5829041694755
2.82272434523782 5.17743084988359 6.29239696579519 4.59107782261127 7.60685783763325 0.265910515700256 -2.96291679055894 1.44148157864871 -9.08851822762691 -3.63907291567596 -5.94644992829727 4.96520052551639 -0.0819825254514328 1.04058170698997 -2.43316141977837 -18.3245318144997 1.31525652399121 11.3840397479983 6.14249610173814 2.99520819468563
-9.44150476385617 3.93554699398492 -2.29123554945699 0.328479715877456 5.95557560888326 4.63236753885516 3.69125264216351 -5.2045187941191 -8.64792313553787 -1.95108345431879 -1.67102763832694 9.92469123038398 3.9523411652701 3.49004195277116 14.1437976885634 -13.8011211220141 6.12377374088851 2.5485429457661 5.87411284052316 3.51402614018913
-4.53534348369305 -2.0969515937624 4.28191381703739 -1.35978483961328 3.60993640295278 0.367297573683953 7.46550215535904 2.55685463400998 1.46576749794235 6.26163903059509 -16.0541045000869 1.15266236428558 2.00786892480794 1.68311872944732 3.01094143763221 -7.66025845323242 11.532096751938 2.83090317913069 11.0120473330942 1.81218679660607
-1.36732082463284 14.2544532223228 8.88369163360228 2.04396027544276 5.13442029796201 0.164554641230898 4.37495792546504 7.73952804248148 2.23315894459602 2.77354743778608 3.60397291253811 -6.06097792316744 0.272322691660826 7.26313441292205 -11.5035349553595 -18.5415697848615 -1.69074638367352 5.91088919453794 6.33787574686038 0.790786082066411
1.94028211151267 -10.2878293512732 5.30285730173777 -1.10739674152017 -0.287197704586098 1.70243235739251 -1.83268246539204 -1.2347355650277 5.00012804101849 0.346281344844467 -16.6465137990257 0.267205321586353 0.408171744422255 1.15945955006437 -5.6706525453704 -8.05440031757802 -0.645513766352263 1.16208046654479 6.30240842301696 2.36701399784079
-0.612588851287666 5.51739095213627 -7.48918087032651 0.0349618426388276 3.06841776728525 0.244852127498016 4.15459080534068 5.36772298477548 3.47325617005896 5.25245268280561 -20.8490503995351 1.53913462821547 1.95100403217849 -0.351901941867963 0.702008162754372 -6.04141782462994 7.45847723758673 0.591320941201776 7.69836139435511 5.15075565310462
1.80058256800985 4.07987759129516 0.342411036521705 -1.17228859273266 9.4376318938132 -2.09582370286729 5.54710391051314 8.80429423985107 4.2958038100526 -1.9799193082207 7.11735153124521 9.6764843347145 1.13998257467369 8.3692362472731 2.90541400614149 -15.0207067187055 2.23278104774139 6.68303741876958 6.16899214300865 -1.14034779896112
9.3216635816321 2.26790680286487 8.13703359220035 1.27489718791923 4.9305810939987 -1.55345884133348 -1.12336366263977 -1.97075899395513 -4.53365551730812 -4.61249439158826 -1.01168433599847 -13.8559106889849 5.16448337363802 2.50865663413746 -0.115626034652913 -7.1313986251233 3.63600050965946 6.03162332575692 2.13637806174411 -5.20302396626951
5.38167658242211 -1.13592439890759 5.33099344961248 2.05621160461703 5.45552355605754 5.98031949294976 5.2263661464205 2.29591187479219 5.54296688712815 -4.57616841482802 0.376892574197377 -0.964754088588227 1.66981927355377 -0.0486958149974588 -3.39558325510665 0.749401435469842 8.67157029866647 3.82030928109977 9.51249334639823 -1.64068485050623
1.47375518663811 -4.85756704285167 -8.4086596226958 -0.0244006176686965 -6.49144933775677 -4.95463169685257 -9.62864378709326 2.36518635988278 7.85347617184747 -2.54418229175952 -0.640506459756629 1.4332801533713 -7.6774960936925 -6.72538612736376 8.13736292251165 -2.74319220260781 6.27667541863362 -6.34884781423984 4.62024894964839 0.847245414397235
10.9967642251311 5.77356384639007 10.6066094887293 -1.97195165588836 2.29803691320128 4.86978856811568 -0.393502962435928 11.7947732404173 -7.12111613924289 -5.25396430840682 -1.36833724444502 -0.908501686769231 3.44920215900886 6.50749862238286 -1.42893023881939 3.35028447855374 -4.70519721160366 1.37587475867254 3.51227255763252 3.11882144639848
1.4998967563095 -4.90707593487256 2.97676860772851 0.751704648336066 2.64169875310835 -1.19690947030637 -2.00634104035301 3.37695686244638 2.26733729331944 -0.766991433071663 0.869980229737983 -5.54793225584648 0.845045562136497 5.87271224992545 3.03835996567567 -15.6760633728113 17.4686437832913 2.79252147212559 2.72844809057486 5.14841246474446
-0.928524011418105 -10.6988919646119 3.28012336739773 -2.56788232208648 2.67391366549693 -0.0543150901251084 2.79414841402944 7.43237699893671 1.59458181032516 2.07421366199649 -13.819897674968 -0.868244884307451 3.56953888787516 2.25750016014672 3.84529235991809 -6.30723552335083 7.06368973199191 1.22977975079666 7.67887924814127 -1.25970138617057
3.16775245624655 1.35650076100349 16.6614661067655 1.61622417526924 -3.46191489509311 -3.72653608517258 -3.78012789588892 -0.630798175910467 -5.15759028845136 -1.94000933534481 3.5604136675913 -1.86565226711143 -2.02989492292999 -3.42176607207575 1.91734861298136 -1.76914222379312 7.10058586691365 -4.11813317771875 1.47083944849899 -3.51446450725972
16.9010684903374 0.10328652637452 -0.561800543115615 0.928566278706682 2.47082609306604 0.0532453459570328 2.77890926004263 11.2887196337239 -2.49609974151221 1.17778897533574 -13.8759832475914 0.636837583466715 4.95373793026666 -1.31504185193495 3.00748121369773 -6.15918393379825 0.780590003115301 2.19312778269633 1.86409526431262 4.07270800546952
-7.94406214686596 8.58107907947165 1.03698838053027 1.52470166975071 7.60291833728302 1.05963307243692 3.15042722681949 9.8296937088925 -9.00958749511579 0.567215533239684 -2.53075130772893 -10.8790641251352 -1.33244960779564 1.44366801442434 1.72351967882853 -4.30985464689309 3.2906832781695 0.0497360084682645 7.47904005494159 0.274580447992386
10.0620144508191 5.06042041199844 5.1234981546673 -2.85947860374812 2.90207715096555 4.87488224206646 2.62933701474327 0.840180016339401 -3.4309146760575 -1.09118366715825 0.272942126040449 0.642001349602684 4.59169993442826 4.35693379293633 -1.58135591598067 5.5829252143705 1.83113705029765 5.39125459407478 5.36340794118988 0.0989663897964258
7.42011243464507 5.62451091133112 -1.211088617437 1.77139681444856 4.52518206364457 0.715893816354194 -0.452597256032822 3.98167671246657 -0.385747111327081 -2.41489430944336 -5.65023185616505 -7.45176684882724 -1.34115736112311 -2.29243502038531 1.09083258930911 -18.2760401059474 5.03332944730009 -2.58025705797865 9.55593503611666 -3.80228288800536
-3.69165953334225 -4.61466153980722 6.77912028051111 -1.19199253017145 3.61815592642308 -0.122740378288221 1.06784095672018 2.5796578451074 -0.185510182626752 10.7363166115466 -22.9212873866815 2.15535513547348 5.06699499868573 -0.490225952588726 -5.99199110898623 -9.99040846148055 9.35301176368324 4.2306824930988 5.76853871045526 -2.07370021638342
-0.764687521326576 -4.78784908406559 -11.7981138810669 -1.09498718248538 -3.19119814415955 6.64289900562448 -0.27827828800957 -3.62820673228423 3.70535893050885 2.46201249119554 1.86685558788654 4.911045372743 8.84117947370649 6.40270981545713 1.35793089065814 -16.8258101600898 9.48907347001942 -7.11687856860982 7.12138287967356 -2.1916302663873
4.23846264501445 12.9503787096439 9.06704719465334 -2.61965324212643 1.86364955354284 -2.93515384439097 1.61071105237912 2.59826033898548 -2.44618295123707 3.45750114643528 -2.32503055645114 -11.1717680233737 -2.32038542238817 0.819711444629517 -8.4081450045625 -3.81275195432924 -2.33981634452569 6.85398743046546 7.1290609254123 0.827770332385383
0.565613738387609 -0.65418477418389 -0.581671387303802 0.488073186466074 5.29122176057774 4.00593865412904 2.19057060452771 0.221185337337496 0.176245082475802 0.139726944568975 -0.749404004914908 -6.8857426979419 1.77242971059068 0.440699827821831 -2.6602739081058 -17.20225175581 5.83102786289909 -1.39628501791015 4.43885802090951 -4.94746938233371
-11.3126989135555 2.36194469655468 1.603581612346 0.455162523448193 -0.505621884936417 2.44189126869702 4.42112999683763 5.60967536498359 2.85674994392929 9.48375017983976 0.926223448073891 2.76917549800777 1.75163179275853 4.58297836056429 7.80009519357224 -19.6751999799642 7.25405325550657 8.30463141600653 7.8442456573894 -2.71226046870261
-9.31167927915407 2.83795725999791 1.50452270818994 -3.70611267274643 -3.81841353154766 -6.63499142678738 -2.72688430395649 1.19438048275089 -0.814001537736272 -0.238007446155367 0.999246451712777 -3.41318315028103 -7.60818796075162 -6.24964112818977 10.5755029172851 -3.26936134288576 6.22119482337418 -2.60619496609266 4.42524078032952 -3.97935226252537
3.94166492467209 6.44175419974445 4.42405573437755 0.884724261758426 2.59865323555523 1.56254192437263 2.9551433057137 12.3323012409115 -0.435627176072857 -0.140215932757119 -19.0064341009573 1.89089879657771 -3.45260399929216 3.26653701918823 -0.794150432367625 -3.85033280548326 7.16228774715674 -0.436581439418149 6.78378855801388 4.72134452458286
6.22018994679659 -8.34215600531313 -4.81211988169597 -2.27275998348386 -0.0571518840514642 -0.257987533493775 4.76252572519158 3.86225180946817 8.97933327069527 5.92961178055022 -11.7352488566928 -4.07573424781033 5.67261949243237 0.928255611383291 2.41929791667716 -4.22019391718708 5.9265920492027 1.02418074026628 5.17448828219393 -7.37827645744642
-4.79099335601436 -1.89405234797409 3.30338150041141 -1.83533542265041 5.4058308928262 1.33813957441023 -0.910462518127574 -4.47640605804127 -3.22826309822402 1.08665253290116 -0.88392957087529 -19.9341008754621 -2.54121301249245 0.53782537720169 -2.9943050025589 -2.65170307229753 10.4418316567082 -1.08904722610213 6.02511977144887 10.19301503769
10.3238460712779 5.79529589229758 -10.4592678416192 -2.45997313937118 6.79939136712168 9.66650544907223 4.25229782419769 3.42900295393832 -2.15547637370212 -1.81968292789625 4.51560868185207 1.28113187998239 6.87687598749809 4.32205468554771 5.90890463486626 2.24016727068709 -0.0879123583818231 1.49925328042778 5.95559625063249 6.39628376076336
-3.53832894648917 -1.58842327997825 5.69745513190932 -1.36811967182213 5.35525659235866 1.34334746771368 0.958299605203641 4.18987833799869 12.9450835028917 2.39444900010927 0.128816971623854 5.28632563935385 6.89130652514403 6.63108184796428 -1.31399882370224 -1.56753003359074 1.57867860656645 2.73627691367481 1.23372874974296 -7.40940806702745
-2.92458041112589 3.05948459238584 9.23298929892854 -0.279571690412358 1.77343497740908 0.635023696022656 3.57414452212914 9.35732193236 9.97838157864729 -5.60633463610362 -18.3454680031615 -0.666497213467858 1.99093732376339 0.939981645365775 -4.01573219267068 -10.2250553815796 5.7777540963394 -0.109869334610576 7.24475031632944 -2.59030255411304
0.0323047930133327 -0.653700643036607 8.32400472343251 1.37399940342768 7.1480628913171 4.91067621124948 -0.988825120373541 -1.60063353732902 7.20003979301623 -2.94310480627492 -4.4576674841852 -13.1607862312235 2.65258627380393 1.92982065949529 -3.96597508137777 -6.32824336317 1.90460439076843 -0.275849043966345 3.30393764522265 6.73993505877818
8.54792505184565 -3.43918734463248 17.7723277799878 0.355106102260762 6.59492368062442 6.62431090615618 0.102905435937047 7.64456773780855 6.16329597224329 5.92543210147158 -6.09573503275857 -13.0961996648171 4.73785358876353 3.19936584199141 -4.00579985448425 -5.22638484746717 7.76583589308341 0.349425235027853 10.2929077197491 -8.06743669306454
-1.36117528215129 -8.27157033784039 10.4431927471654 0.969576266847255 -0.895915978290463 5.00774259724722 3.67268803633945 -2.57311290955875 -7.21386626285193 6.70418286871853 -0.927806934822845 2.2605840764161 4.30666097836045 0.903642977431459 -5.69401715565629 -0.945548022348751 0.253106206571195 5.47243637926758 6.35411897003386 2.58118393801332
-2.88954447097653 1.97875815387315 1.27999880532035 -0.932207016168172 6.21035748362366 1.88860229056675 1.14139669898114 9.62046654622545 6.62309222205208 2.13990021191905 -21.2809078312035 -2.3028119054899 2.2175289522188 -0.453167480572377 2.99755484765311 -4.7866969026403 5.96207615513535 3.66006290983011 4.41559372753082 -1.18225310936355
-2.91876034628946 -2.0894846165905 8.38049404231195 -2.80829941844385 4.57161072850407 1.09897267664457 1.15474586600303 -1.16294050427429 0.395216959486103 0.767577977188558 1.14201659844713 -0.106614639097086 -0.492031219079057 2.92793176140169 5.02898889277028 -18.635457552147 10.4561230709465 -5.9585803650242 9.89945915890289 -3.34667362865215
10.3499345177842 -2.42693954007074 -0.441495889015728 -0.518366437874685 2.7382533143909 2.91853485675156 -3.81508800308497 -0.175157148246607 -0.0451640821215005 7.59373568358446 -4.45536845544248 -16.8550369557073 1.8560260800036 1.68705019186687 1.61475605682009 -3.97891174074129 10.2195998747937 0.460605727712393 3.49558340982015 2.80416553546352
11.4273007361814 4.39738984299499 10.699816999736 -2.14581326506156 1.54446370001453 -3.30828981613488 -5.37104755971386 0.444002258543569 -1.67505926770317 9.81532784562976 -1.61494187364484 -2.73334338411781 -1.57952673953666 -5.20846591452184 -2.20694600221971 -4.95214929726694 4.97795886091486 -7.61484617061234 6.94556702901628 -2.31937488485605
-0.388897672984661 0.465869285998178 13.4164281006327 0.126836053553921 -2.81959226689874 -8.59203996976122 -6.73139081218361 2.20314270595984 0.97913851718899 0.748990931409129 3.36029717925769 -0.88716905589388 -5.21820994198004 -1.57961394695229 3.29642378244387 -3.74910421513261 3.57478747812408 -5.90151057048342 8.22968152109919 -7.92214088588495
7.88676725211322 -4.7978013413966 4.25015680918863 0.272182505067842 7.71462187914223 5.63186971101279 1.32608719847271 3.83959781057336 1.6777260831722 2.01529900540693 -19.090083369505 2.009448498671 -1.12143254546608 0.057601780977008 -2.16645833070077 -1.74107120863066 3.7224033371932 1.3028748260956 4.71731752989174 4.07673759351697
4.77444412393598 -1.20244779827465 2.22758251367484 -5.57957164180778 -4.18344554632854 4.16086312542972 4.61886330854002 13.0560827758631 3.17842275386421 8.55673777719666 5.53841113760053 2.21711042128773 2.91634471673348 3.01245979169746 -3.43825235650696 8.44624056544513 2.9565215242968 2.75899016328112 3.26770688940909 5.06045699080813
7.43014790277252 2.4417727950881 1.01092638635066 5.11167667544042 0.317845020012653 -11.1960654152831 -4.60760053753102 0.185660531499845 -2.65723978154198 3.1413699275983 1.62685369229508 -0.174970376833171 -8.64937484622367 -2.71346205236927 0.64704092406627 -3.68715427431468 -4.68389532109909 -0.466155503094713 2.60299210443743 -0.55119156886309
10.7790572197054 6.32860997833951 9.32937351348616 -1.84478064087363 1.56790218321736 8.66331388361765 5.69716959520303 1.08883312024411 0.984870963802035 10.136471346726 4.71685335832908 -1.1543037082178 4.72316530655724 4.57001764931266 1.17624459546906 2.1070400961816 10.5568845489854 2.19981220732093 7.67703674273119 3.15455613716829
4.83907621830255 6.61901764068567 5.47574722357303 3.67553731292254 4.69337074184955 2.51230229290054 2.14932816893015 1.40944792998595 3.83816838492547 4.51048220170938 1.99101430964677 3.75173403338205 3.61682105733525 -8.29856243353597 -1.49457018246799 -18.0450904542214 -5.51312556221297 -3.92568673407608 5.24322573957427 0.913229709740048
-0.141246104932497 7.99983747647156 -7.20752961649374 -0.651951635700774 4.57508851318848 5.79632204499104 4.89266500066442 1.750147861105 -5.16194420267009 6.19062078259197 -2.59187605705595 0.0503141520286663 3.85368827618819 2.54954102669712 2.50296096477024 6.08639674766631 -0.31327629156705 3.92229351736424 7.43512350102203 4.15348437892711
-4.55514081018527 4.12050813655929 6.63532075352198 0.0680347907037335 7.98554082259502 3.23900383590112 3.80426824585194 6.42434183365268 0.434083831779975 3.69258754179056 -2.54315902855385 -16.3885846003663 -3.9032789430973 2.73533812614018 -3.74520933098032 -2.16139967303228 8.39655435690571 -1.51398047120594 7.6051083032109 -3.26775761620728
-2.32855629184525 -2.29137141024052 6.96632804481225 1.43799770468737 2.07439005389176 5.47734740947812 2.11919453424856 -1.27058960771929 1.55977553832307 1.16178079132133 -3.73564445795732 -0.479282645366017 4.2883181492073 1.10012036637563 3.35705954657821 6.06966259734441 0.22250524608325 2.78189238791377 7.26602111490345 0.752864211640048
11.1182992783834 9.73561616631455 5.51266793233716 1.25564624250766 5.59729285339244 4.54505197722879 -2.28786026918888 8.42493270025551 1.6364726496109 2.40406734374737 -5.09956904921836 -19.2620410912745 0.568700364345314 1.023631297659 0.734797703382469 -6.31696912797443 5.60086586484213 -1.98995065990061 7.35793985747477 -1.04839758961438
8.83842159536293 5.91327363049783 -1.21719418929231 1.45341304129142 7.39466304518563 6.70961376962937 -2.97781808349719 -0.648550156940141 0.696868952699735 2.1855608690509 -9.60911797603034 -12.4451146769127 -1.95364058431822 0.190020609883455 1.57463610788585 -3.93886166721389 14.508685274206 -3.98822260287898 4.42182415814293 -5.45617349417225
-1.38341280454973 4.26637030572395 -1.61930808165697 -7.25281545002252 5.98985676708967 -8.06573752244329 -3.56682106343772 2.02952092692749 -2.44225026295083 0.849287791384691 -2.80559516031932 -4.30187165250538 -6.2764950851305 -1.53063563543213 5.24246946831793 -5.65296426122274 -2.25479947609986 -2.2372088746047 9.59336114990712 2.69883672524622
8.47948457124884 12.3099423645767 4.72286812644629 4.73374871157901 -4.89506228366859 -4.57570191022748 -3.65690933056737 9.15779422651073 -4.3221604708409 -1.14001143685302 -3.2315825081957 -3.24887141378404 -1.83637199944132 -0.853408777078533 -2.89366826118373 -1.16538501440456 3.91132780742035 -5.28693695250171 7.5254019617558 5.36930167614532
-3.37306926246429 8.01933587149256 6.3977531988488 -5.93618418332033 4.03646912091896 -7.80462052773105 -7.88849471623261 4.03326128172135 0.194545236853021 8.46562922294837 -2.83546438435379 -0.454189894291103 -2.68343303390204 -2.54363394276097 2.24670083267738 -8.07288923515707 -5.17604057543077 -5.03364821199376 6.30001293573643 2.74634585358878
-3.3310577439728 11.5664679324301 8.47168885894637 0.91016508668176 4.64210745032639 -6.13081197670653 6.1369450085855 3.67349414742745 1.68761568246029 5.06635850391227 -8.24944380721639 -15.9580546568963 0.434793654363882 0.0895314716158482 -2.7085567900862 -3.98632266683892 2.98581520618409 3.3805497976559 10.0329702020992 3.74159185048801
6.17450506923111 2.17012780818941 10.0737119063222 0.00513151253267632 4.87032107114034 5.45583195959678 5.19165274437623 7.21336823229496 -5.44831132373867 -1.96337874151818 -0.905966018794652 0.61153702303573 -0.119034016382217 5.84560135297361 2.52001223522362 2.73679064942966 -2.03262103039343 5.12856493526079 4.70741124004507 -2.07638338361116
-10.1671502658071 11.7808792217636 7.89968607603476 6.2046740667366 0.0829552080247025 -5.81387675684479 -6.30936854299673 -1.17836572370069 3.57694498277418 4.06394049633943 -2.13414689862661 -4.05194346100504 -4.2802485017516 -5.49475310805266 5.19381440931106 -0.513994064712032 3.93365693191333 -2.7632771833543 9.18409650776135 -7.99305144829869
0.958869811978306 2.2101945111816 -1.11670918601014 -2.76614800608519 5.44026551231834 4.39136892446881 1.84027046071763 -2.37683353992437 1.42754813391683 7.76879369942171 0.547799780144139 6.78934010458193 2.37430700299623 8.18903406786881 3.28296023632369 0.385433413170003 6.42686554361635 1.76489478181276 6.65303057376465 4.18889921197307
4.07868269532788 4.3963734105621 11.5347015942111 1.0659171965314 4.62113942448963 7.37078112178698 4.00029698537544 -7.91711906947552 -2.06296576985855 12.7614969064996 -0.887810844238463 -0.609795928151408 4.32494404887604 2.46103850513349 4.97932119414576 1.38609736518626 9.54900940885807 4.53731458541611 8.09766223916833 5.54595694387288
11.2519206668932 4.74988002163834 0.489382572167159 -3.57802316681559 1.06696885006662 -1.01615065653245 -5.0965418892004 13.2994958054019 -3.78471638989519 0.522219034005513 -1.55701335897364 -2.73597806449602 2.21397440640879 -0.859985240534855 2.04705438042847 -19.8157093276893 4.94242932003054 7.55427559275433 8.5159588602724 -0.861997080601781
14.7281605540251 0.321121366798873 4.74705276252523 0.68248329642715 2.84631787806389 1.95831059656807 0.528640611461824 2.63367719509125 2.75242676228399 -1.36213551377876 -19.2970687838564 -0.169455042682973 -0.2228574952196 0.548886323554886 -1.03177786602903 -7.92054853430107 1.91898324288181 1.80689109975886 3.36402419813233 3.15807412332573
-1.32353938904857 2.35907951543229 3.56449424940911 1.92854259241578 3.48677783599295 3.81124922000473 0.543103443699272 9.30543509354755 0.551897538803121 4.18912807018602 -13.3633419982683 3.48894789653769 0.493561933751151 0.715126714963147 -1.31777307441751 -10.75288750286 3.72898797594593 5.11264995509417 5.0832860501677 6.87314251084994
-6.67289922809079 1.48980228863246 6.03607801936163 3.3345694364622 -3.8296923207284 -5.49221797844626 -2.67811073184761 2.28052205881957 6.44857885861151 -12.0914178503306 -5.27657726678815 -0.155275466726589 -4.37305456922197 -5.79909664466305 -1.86867333801917 -6.64807198775198 2.12711218551105 -6.18540874794499 5.48319066247674 -1.64346072511369
6.34128582423451 5.93046445674964 13.2324142335825 -0.532199330802635 3.85587143929902 1.99537265315408 1.81239779333685 2.87490683762553 6.45191758812324 -0.489676525699628 -10.1036549853934 -14.7989135985063 0.773951807267196 1.8600858897161 1.76708769993249 -2.84402822962955 5.15497506117575 4.69417404169704 4.485213908189 -11.0998374601693
3.95096726390615 6.79957225576213 0.860544638404291 0.653489346403681 2.86133812450186 2.59631102459909 1.14403932018178 -1.57606025373651 3.78413272571972 1.96819365880099 -5.58840696260956 -2.31215252441531 -0.112532248386763 10.8509476933647 -4.09864498701158 -18.7661438805396 -3.4746377669338 -2.01617281027115 6.09264730721933 -3.41746865182716
-12.9302527601064 -7.66848611244144 11.9343801406687 0.631579730391727 -3.26523528108156 -5.17260569968315 -6.49902830355556 -0.569789365711405 -1.62048381601865 4.71321353211762 1.01430351478492 -1.74534859199523 -5.07615018733468 -4.66924300775782 -4.79511217745661 -8.70999561518659 -0.60356473895397 -5.06978592201138 7.95504241145054 5.41959972469543
-9.07969543955295 -6.54937434811592 5.6861536874512 1.14130148486128 3.34302705601826 3.74416952404528 3.49752222903911 4.78350815665213 -4.48723101993423 -0.339207674654048 -4.17806409068428 -15.6095891598982 3.89457805908616 1.67301617995551 1.83304477372115 1.18206574675951 2.6860590018777 1.12350976710031 6.57949374555395 2.18654257745357
11.8731496010919 10.1072813554291 -1.4220458596799 -0.344955052670458 2.150992624611 8.15304069181818 6.11564695199765 3.74070666492223 -1.24416475623423 6.51306779847478 -0.0792127408537442 5.32883637643261 1.94041472955411 0.616801222570134 2.04446698714348 2.92966784714392 8.17270253656377 7.15565438048812 7.56031235964246 3.81189140985431
12.030852319815 2.39710280895872 8.34473184204912 0.321089110228616 5.8177281420271 -1.40329445233705 7.42736288623728 -0.193131838907818 -1.63627949044566 5.87614320935366 0.836985911810026 -17.2118352033163 2.79156016533531 1.1582007415651 -3.22947337282191 -2.85131553516623 -2.62828022749355 -2.59560296950913 9.69729766330026 1.05032069250726
2.34619833963899 -0.489377317222174 -1.98008530748768 -1.39468025952743 5.59030307723059 0.891822087807775 -2.8342956253208 0.497289954822004 2.13022077151242 8.41340182625239 -18.0855631068657 2.4059785137214 1.7147201750706 2.62679703090886 0.850100910913544 -8.45035153535306 0.390213882211961 -0.975461783570357 4.42828533728496 0.597884050646797
1.77595919123802 -8.17861370499977 8.16539934879231 1.25029588801012 5.50230318909354 5.75239966952058 1.68559312407054 13.0476649794107 -9.10070786651658 -0.233703086499818 -0.0325699042243361 3.58534785085516 7.59227578585818 5.642838431475 -0.678852330737794 2.2845615571737 0.794180245218626 7.33385532766897 7.42005028614756 5.61395524292534
6.77499203212016 6.21657347824375 10.890160003854 -3.10344635223438 8.26921279815945 3.52502816601126 4.61182708278291 -4.77504768732298 -0.576349199450943 -4.41385341636544 -7.85709297646419 -13.5087836637528 3.07804470758839 0.839952021635738 -6.54469746822587 -6.93572301044349 -0.394200510580747 0.858226333150673 7.2142224878609 -3.97869872368377
14.6748308999127 12.4327917855778 -15.1954242116155 6.2771097064423 4.13751812851901 10.383246109603 -3.0551666342971 4.85871408360965 5.50663584103355 6.09087887436837 6.70209973163135 -1.51003606291311 6.98674621590032 -7.22054288870227 5.71731504900019 -17.9798872676533 6.0612759946775 4.74776231445805 4.85582413435283 5.7174942211718
0.627479336410379 8.94125664001056 8.24351833511653 -1.85672141041274 -1.63015133714717 -8.4514928453794 -2.48884502238364 0.208658462772607 4.13190382700054 -0.793345728409529 4.71209555502875 -5.47844100850715 -0.66250695060075 -1.50878297387178 7.78020954263825 -0.0281537750219885 5.10673890717535 -4.28796652904796 1.5393782546259 2.71410858363243
7.52689169834947 3.82996696309683 14.6248411947378 1.48044194259298 -5.63061889776224 -3.97127503087752 -2.88966786531533 -7.68356304711512 -2.42256265790188 1.5585996696668 0.399948868432165 0.797285473724734 -4.75811761606562 -4.84019134566921 -2.53527212280649 -2.70498281879766 2.22077400162459 -3.48197537897151 3.50866528095438 1.53271924112533
7.31678756615942 -4.33183576456655 0.758383679773549 -5.10623117277088 -4.60362000055172 -7.40905138343138 -6.13244600634676 10.0090992095888 -2.62174993211856 5.14108953059555 -2.10953592081213 -1.81548276848068 -1.80798063377454 -7.31545615427061 -1.68088397827497 -5.88720211560985 3.7545224500771 -3.5978357802741 6.96723727699377 0.0113161299347308
1.9857131828163 0.478291660231346 4.56406927895177 -0.203696754047783 4.60679260044184 0.756942927673238 1.75189462581994 -0.575158603317331 -1.97757644248805 -1.19033899862449 -3.30917230522735 -17.4868442404329 4.55220560531517 0.544931141918716 -4.93184982391204 -5.87059897307923 -2.05977312025507 -1.30508096225078 4.06795797023433 2.99376113192901
-6.15081653915711 2.07470029319367 11.1809680415751 -2.2950125482294 0.696638780191717 -13.2762325930554 3.63375764000658 4.43373573402882 -15.447645656626 2.66934524319979 3.3567934639157 -3.79428141874396 -0.630206375353355 -2.81817907412958 7.13529786394267 -5.66621788352577 0.797247473966794 -1.93708807816535 2.69959634552945 -0.0219178536912555
3.31563287367833 -0.896246269372349 -1.13364299032023 2.15449763415029 5.11495002315474 9.3932919531061 -0.437376982328869 -4.08464242219981 -4.35044650791072 6.90299934330176 2.00671515070885 -12.0072355276761 -1.13609070008311 2.61022796411002 5.04599677678581 -6.03078914529744 10.2930331264022 0.399332406295097 7.74506705007842 6.562671573881
15.0411306033219 0.371939598032935 6.15279769278337 4.25619977310076 5.88119279793767 -2.48211548814964 -3.92174104731481 -1.49273570252667 5.22881068894131 0.889905652070742 -4.54884489652692 -0.2156042289356 2.07047754476783 1.06885656043319 -7.11982129464251 -14.7965005997474 4.31941809540695 -4.00426290945458 9.91364388764626 3.56985839236398
7.08440149564269 -4.29202744568228 4.08347923956103 -1.87292170955953 6.8886405939295 1.07438227618128 -1.58782645980599 8.18644620462854 -5.82642192366795 2.50050467997415 -18.4446417120071 -1.13857727254133 -1.07679702498098 2.23772112639789 -1.20101560001567 -4.57452163553557 6.80325898146907 -0.349193115441943 7.7920903338157 2.26181396224018
-1.34314835160352 4.63853351688539 -3.1181754581819 1.57741263770937 0.152831234897616 1.90294356116022 0.497037942219923 4.87389683227453 -2.06481035357269 1.92074471163675 1.23785364631757 1.79244724250694 2.35493922230016 2.8612322155975 4.03291494317904 -18.686232758114 2.77638831707274 -0.391716499526568 4.04866070923311 5.27949390098176
8.9075284565923 9.28023922392589 5.9822534481237 1.53581200250108 5.13892800310974 1.81402852629155 0.366542543714001 -0.231125859530768 3.11329233818298 -1.61335869965383 -20.1375731135844 -0.77727813930685 5.22470478226388 0.754758094806681 -2.32421400121548 -2.09760694155513 0.680795269219802 -1.88655140970459 2.07223371375917 0.98945427986923
13.1601061137273 -4.04975055269192 0.867853527697395 -0.577733592601635 -2.65109365550106 1.75819459343756 4.33864855864328 -1.1110455937544 -0.690650618426816 1.28526086367 3.39022897158367 5.40978852237321 4.49029018094467 6.92716939815403 0.184215701395787 -18.1836516111949 1.68171685196396 -3.42471116225121 8.06473317006822 -1.19767688067888
7.65882942905771 1.61463742550526 7.58614117835344 -1.23139385531166 3.86923787616235 2.9985494620038 1.75120571632399 6.67223018763725 4.82203687509813 0.177225551183151 -2.47819102741583 -18.9552140528396 -0.369928430543731 -1.32262472720533 -4.24348830335363 -4.22253889879504 1.92310737401022 2.82854908242744 9.21123169912268 -5.98536922764531
-0.922179944458732 -10.8506033262719 9.12429889255903 1.21387046227256 2.47907825362406 0.6441364661978 0.0616078740976291 -5.42361706422699 0.186325921471986 3.68770721185404 -23.5337895130863 1.68281501212924 -1.53038574054276 0.834161787382362 -10.2962214186668 -2.36852444665773 8.02790825536734 -0.756243163356519 8.71172812769964 4.60693800539629
0.485789547645858 6.84108432946895 6.39721296928028 0.993382752022822 2.85167617481396 9.41964480738954 5.30458296558476 0.626062558784701 0.669368662594668 0.611249488852874 0.414295808492013 3.11563127643376 4.11342539167812 2.43788283261914 -0.29596777393048 5.76793896264699 8.02103437519204 6.55580588484872 6.14401223935605 -1.27932130680962
7.72141698352675 -0.556399168838926 11.8961593499942 0.354817665362816 1.13393502415037 3.61132541687603 -0.091754425900143 0.487609054852327 -3.39860648761329 0.963041177801338 -1.93870963378176 1.23395129027083 1.62235281107886 3.860726221116 0.00692545833223845 4.68550776986497 2.6449452478632 4.38289060655021 2.71558465737077 -0.445990200777799
6.77784050838244 2.79392482940733 -4.21154365265101 -1.68404980585039 -2.30833505725039 9.49538237544515 4.47941814447004 4.34564128519284 -6.31570155544035 10.5531470111497 4.46221784693774 0.80571366499179 5.35697255851647 8.5111863466485 9.89469982354915 4.8686961679816 0.28838044166875 4.89204849904526 11.2923165741171 4.21118926322182
0.916246841273539 -4.17177234419221 0.0337263628605804 1.16755825945503 5.8512763805359 0.609591838718197 -4.30039866673185 5.61263708175414 8.06943779472598 2.83548630930404 -12.6208703743882 2.6056200629153 0.165667650116027 0.613434916537105 -0.280374830225252 -4.5817693611682 -1.70363835376726 -0.308124536558911 6.52636665561587 0.434568693031445
4.63924089019885 5.0395291845918 5.34232678225721 -0.445424035121733 2.66911291158151 1.73128850064828 1.57019472735815 -1.9797144412145 1.82635398654867 -1.87160934179775 -13.8275634553868 4.13814789123179 0.497063114868541 1.60915494784936 -7.37569085706323 -6.40665793222998 4.40252770086053 -2.71311819353923 7.08089597343871 -1.92895157358589
-9.08494792663511 5.17046899339792 12.3465168499157 1.48085268296147 1.82328321537997 2.73214581683966 5.09615419222487 8.14110951241733 -4.07157018601769 -1.61386400642576 -6.50969600111729 -13.9001785190277 3.1725099153081 1.97235409376413 4.13848348554354 -8.66486779698944 6.11293405976736 4.82314999285765 5.09626197808175 -2.6442154855737
-5.0256250396266 0.401507623485282 -5.0261062542563 5.52858351558521 4.87358273018559 10.7664225906348 -6.12850628412739 -4.69410242646119 -3.71388908402709 14.5293567393557 -4.07836172945045 6.59507364409663 0.81916106954371 0.581531361423204 8.85311919224426 -19.3176409585057 10.4915752039455 4.3108914770276 4.65288983546445 1.90188118208975
1.66245543666118 3.08621957009416 -5.34793302774755 -1.46655543603865 3.67484028952771 4.90896840666219 0.904857277931075 5.14110333217492 11.1803329035387 0.892161711787991 7.79669726951677 0.427717640895035 3.92636259106149 6.40720290822118 -3.91808950552972 5.91445837800373 1.97504167680446 2.65410674633123 9.28471013625115 3.90582783951666
6.80748746395843 0.604047430395142 7.20652207972565 -4.09456636372647 3.29350086748746 -15.4581565734245 -2.87072621217445 5.47098157241636 -6.938840723528 6.71504953922682 -4.48727686506969 -0.615441924199116 -7.87589192540439 -3.4226292614301 -4.72687290626519 -8.35621891089759 5.83925853566663 -2.73836111896991 4.7170049346376 3.59372598151528
6.27191037188883 3.3817213984218 14.711532869345 -0.277705393756465 -6.08006935869172 -2.12653574518148 -2.43740571590797 7.57652105339103 -1.77903836715859 4.07011228606927 -2.51934785162673 -2.29570497323942 0.012234313591664 -4.02419174709428 -4.64594485544539 -10.4740485378156 0.00181955444718351 -9.80679266038347 7.69766694205738 -0.574196446543635
-7.14504855790008 -0.721898300640007 -1.057686529613 2.0124191435743 2.2039174392174 -0.321112176421898 -0.349027770848885 0.261787360957604 11.6601787129413 3.03282049669518 -18.5135255157669 5.20044952416859 -1.60423030947196 -0.483796423871195 1.40133787522739 -5.38140930464337 1.73606170463977 0.123671589221896 5.72887702133861 -4.24348164912614
9.93388459644509 -6.39240370136094 -0.26653917419258 -3.5180218889588 -2.38641098565898 -8.25558537320272 -3.40166772688668 4.23205740843604 3.6652563214882 8.68626666097867 -3.32979440913273 -3.27002419198573 -5.13854253187435 -0.786957441731437 1.89949449047113 -1.11640197173784 3.00096275304482 -2.94121863633485 3.50867143692383 0.576808209361628
11.2830223736147 -3.27316064254421 6.3709340999302 -2.1023390998401 8.13301849044284 2.21275816758758 -2.2004367007145 0.0289252869017025 10.4120560897065 -0.55258795068789 0.676023570604024 -21.2164492238693 4.77904610565756 0.276377226104749 4.8227676267702 -5.03919785921708 5.52108001466536 -1.53112375912478 6.38013654931377 0.954064290242204
-5.44071509756193 -0.249935160573911 5.43223247351704 5.99267332530983 4.33314014072703 8.96455044253159 5.04357892937521 3.191640620712 -2.55133375616178 1.90054533064004 4.15798956500818 4.6509147373363 7.53767103419848 3.1443416861414 4.68518625556044 -0.266203300446476 -1.21220507562549 4.52725387884737 9.63193477611126 5.7027165240736
2.8011879671424 0.977551751027893 2.2937073253566 1.31319509844213 2.39945950006331 3.89146418399037 -0.677902761849039 -2.57870666279979 8.38194715736864 3.70116446536707 -17.8460426920684 -1.05056194331605 2.82934358759166 1.56188062128156 -2.55632047600126 -0.94320252651636 0.15427245654671 0.0279353837117122 4.54881976626096 -1.95463155627561
11.8163567645218 -2.39917656779399 -4.53404541739325 2.71846827534811 -6.87225730221501 -3.49353790688135 -3.81180693037705 -5.89159498140678 -13.993097946408 5.50689576930777 -2.01744421624998 -2.07566873622149 -11.4601914480092 -3.05185319248362 10.72814331815 -3.6122781243638 9.22683569157207 -5.05383783442032 4.23498554144334 -0.990134305661497
10.338216295004 9.33532343304102 7.51130055084622 1.73556183114068 8.19322215701307 3.95603316909754 5.78974312580042 -2.13183913915665 2.30784525602099 -0.715401805627017 -3.70905081837931 2.69480197521174 0.8459382160513 1.26558102364768 -7.60174886728807 -16.3914566709115 3.16781930359421 8.03688162354602 2.95299087826647 5.06575643900483
7.19628580465727 4.57264270743119 3.40984482319548 0.891623031516633 -4.03126260276382 -11.1389453122933 -6.35404197049241 -3.83899131828784 -1.62813328531004 8.08130858403616 1.39700403082169 -1.229368738066 4.85654336242763 -2.77363773359105 4.39181228730943 -0.266854196791525 -3.84415546113233 -4.11128739375597 6.10465723566105 3.52043921098839
22.1886321879024 10.4908256652462 12.4929694224992 -0.670849741085388 -3.92257355531531 1.05247318618162 -8.89201432913127 -1.69535089016853 -4.89249885887621 -4.87451743430729 -0.384458632169768 -3.31281963324217 -4.84978330056993 -0.964326223039566 -0.461275024193828 -4.65826033182674 0.00365431953687434 -4.40481549345996 11.0962898675665 -2.45090354018934
-0.306944652428335 2.70132344893432 -0.360926928201431 4.59922983583576 -2.73996067737015 -3.94573929587073 -8.65491471500653 1.90752710729088 0.754426634635531 6.8407857456129 0.803086876176081 -2.89649390109839 -0.771754901668939 -3.84523410151372 3.19573424799091 -5.12981174743902 0.0816824923812356 -4.1268719707185 4.2382307373297 -4.41539317790434
10.6202166938308 4.92360996665613 -1.90790966455256 1.8315628848147 -5.29038385505804 -3.28437874816675 -6.05884969105913 10.4096951664929 -8.52376957022977 -3.78986419738712 -0.216191477553219 -1.198808621175 -9.77108603314902 -6.51429023417022 10.2801804183977 -5.18197821481946 5.55234427049989 -5.31839670349253 7.62465493049297 -1.63519070663665
15.1104870608765 3.14282850537463 12.112868945024 0.935760164480207 -0.155423746709073 0.917752005609604 1.14070920204372 7.05092246834664 -3.54953750856176 2.21441011226833 -19.1641747412086 1.26627974431348 1.36487240244753 0.557871172798807 -5.06199585612249 -5.9108186290764 6.03970055940511 1.69586680289586 9.09153979418356 1.99516174782296
2.40347810552762 -8.02833233523926 0.724643923319767 -5.30820807932839 2.01297938897859 1.48342070407633 2.71378747506931 9.30321672781908 2.33754256691347 3.63218367259234 -6.10288033101632 -0.656843833722712 -0.939245055513964 9.7985712947631 4.64140831392993 -15.7343509296147 3.7741225749034 0.474880573342318 4.72814202682582 0.719785735529442
4.22567363183602 6.34438874766362 -6.12604628589934 -0.250600075856512 0.449241611013258 0.809698195048411 2.13814440019372 2.29200727911872 4.61643151341586 -0.362343545836109 -21.5115845476315 -0.858960055893365 2.01863616697881 0.632433279801884 -4.12912360965395 -9.28492073280904 1.2063765102678 2.6895150211422 4.06123215563631 -2.50457506051379
-3.90905235437425 10.2785259221729 6.18154735637884 -0.354258342085627 2.83112020203399 2.19839388167933 3.11795520711128 9.96710420977623 -2.06235069615899 -3.01368395021281 -5.02163309374045 7.49164529943831 1.40957888270445 3.25258086414398 -2.70469733173044 2.43059153857808 4.9671579573242 2.04347074390382 5.87416471826292 5.04439818413959
6.08427198256277 4.5707365521869 1.03252211424586 -2.52482476125292 2.4950302837298 2.76378010757839 5.74189016449901 0.269403900894945 5.59998979541287 -0.45118522157899 -2.64288363482645 -10.5206053915966 3.12009049606612 1.03168049335761 -5.03525867682009 -3.22923953152241 5.71784249095677 4.15295947791285 4.40806947208641 -5.61918630945097
5.87615412405686 6.51912897503492 5.82012665853913 -11.6501533910251 9.34079140770024 -2.84483397030677 -2.24804082267266 4.10022150369943 2.69825358579715 1.16302570678859 4.74283431264266 -2.34903506747424 0.541588162445487 6.25283929641893 2.65059082757396 -17.2410214583593 10.7537984532254 3.66414307622878 -0.596533546482955 -0.998831013943573
-0.0346335582478248 -5.74993441245549 -2.49516864240382 -2.07870572580904 4.27992553556782 2.68346593861797 4.89830123241684 5.94330996954498 -3.12091984947795 5.95782173536433 -19.4006598517113 -4.15360827296054 4.4822929141406 2.15901915789678 3.73346061158912 -6.23052049486543 1.76580344364059 1.45010957277245 2.42487318454068 -4.75844174109208
6.92778219142748 1.37861544435319 2.85354604020884 -0.240285499106521 1.2874297227951 4.52633997900764 2.41602971616279 1.56845924943237 1.38434636851162 3.77646216979061 -3.72750500229878 -5.68696487375234 0.67894841668311 -1.09657373244694 1.49899503769665 -17.9091962929285 4.87691756336701 4.1688370570365 8.12450511078578 1.60532504912815
7.75799596271727 -8.05449214173127 5.77614433909268 -1.71733236681534 3.95840296519297 -0.128073805752735 -5.60756356682618 5.01528802899494 -7.05448236551906 3.22757001354827 -1.43784276824164 -4.64481864804916 -4.20108170462146 -4.85776335299655 -1.97905742079766 -6.4390895799863 7.81649458458469 -3.71254738271299 2.37555116446259 6.38540317419433
2.62558887806252 6.67187946421272 4.65136492807726 0.253537957501764 11.6333021716633 6.9631687747351 3.60857128447744 4.92684452677859 5.04495671706653 -1.00123466347312 0.119894779941089 0.845723695407134 4.89652473665833 2.04116292717528 -4.09372740169442 4.39252871648494 6.09429049571198 6.45220933715635 3.91659053162305 -3.01654313084198
-5.7981449428246 -5.66400943861291 5.57983577265895 -2.41449113890161 7.79203708410817 2.42873061355766 -0.287615644775321 1.30215388259242 -2.25258996284989 0.102708670467225 -16.4849547866095 0.0850229957704313 -0.347057593104962 1.92415957080012 2.09345010185084 -1.02302445553852 14.9840754084905 1.38802223816175 6.20581036209365 -5.6927062549107
12.3806988814676 2.13786098978698 8.7949937404469 -1.62268435466783 6.55267341100908 -1.48780386352455 0.674653929679557 -0.355538913226921 -5.74302347583466 4.85265036622927 -16.4714730584556 -4.88104188117294 0.20288756940146 1.05710635075024 -3.65097255717509 -5.51313212672157 6.98347212172468 0.0169208868231969 6.51810291010708 -4.5323700490717
14.6694420968565 -1.87994285104084 7.97230787335757 1.70050148015754 2.84030875213071 1.12527627866044 -0.744348417208526 3.85371726239713 -1.15501694762362 -1.94731829814286 -0.0614443155278878 -4.18931942582101 -0.0036647223884454 9.68669127357774 -4.18260417042823 -18.29139478615 1.80810898444498 0.0370251704177109 6.74426834250165 3.58106580049977
14.9252183154716 -6.0740516604209 2.77171452568622 -2.62895748063735 2.85731378695497 4.44922056989393 0.967227596117179 6.54679118448559 1.50794988665307 -4.38586794969366 -2.63557025171982 -14.0262423726822 2.66751901990331 -0.0148138431359415 1.53936143626207 -4.40010874138521 -0.589089239857258 0.0366930005821227 2.44974406549529 2.35597855531337
2.05352254831149 -5.10121789765501 2.95145893450218 -1.77729403580209 7.72800723591321 -1.99188296929877 3.02283720677955 0.630067592713742 11.2472104838541 15.5366825075603 -4.74295363289993 -14.9537296709121 4.15657131162233 -1.00680442630322 -3.03288065469883 -3.75120988938867 -2.98737202264674 7.47811649288606 3.74405930030635 0.818766195412515
4.5153660865015 3.25822447143681 5.21174553168265 0.84858077120695 3.31745672876403 8.45955161150886 5.0000414332784 6.06784220471489 -4.09757582242781 12.9147227587245 0.391959319358823 4.11556889566328 3.15198093839723 3.06930608053776 -0.977746637606357 3.97350457369069 2.39658747976073 5.26495886244388 6.77383875367493 -0.965563770394672
6.59711809045524 6.88901578727425 6.90430293989735 -2.0380343460625 -0.184467018630807 9.61776526173159 2.65351810876182 0.53325541075827 -3.27929356831475 -2.17102568608311 3.09542185310179 2.27492660432372 2.44653187073123 2.02715404976612 -6.69118779013106 4.53863165121424 1.51065274740097 4.74579149146487 4.83706280494489 2.66032311079185
8.64947623725854 -6.88098166708762 0.950331405534025 0.921693236639155 -2.3426751242476 -10.4925827584055 -5.63323195551544 5.78277688045844 -1.51469202856891 4.04196350831587 -0.633599669994717 -0.624743146285993 -11.2722603012787 -6.30947475455493 -2.14831695378594 0.131275776819078 14.7039566248493 -4.33117356243915 5.64908746107125 -0.793380020468116
-1.14836949596662 3.21730507065741 -6.29042500853582 0.370776207659429 6.3167215929474 -4.08280079427523 -1.78666795751379 2.31466246547115 5.63916758151988 12.0325707596092 -3.88972162889288 -15.3405578587923 -0.225355893316838 2.24359739551576 -2.91578467170665 -6.13731870629408 5.32574913675536 3.45870492528865 5.47142876811842 7.08578241447968
5.21495586932697 -1.32978438921229 8.57611354064748 -0.775734200019642 5.53546493439644 4.93834387224071 3.20966122196305 11.852914936432 -1.62493402932419 -8.04335308206604 6.18616254153186 4.33891099654755 5.66265724235918 5.13373935218642 -2.99686768888517 0.548454676137539 1.79918649356176 6.21416732230874 5.54696184805369 11.5484217624155
-2.84869713924852 2.81363689478747 4.85394067742036 2.71832258487004 10.1105051261974 -0.512615723623111 0.439231318532223 -2.25616849809305 8.05299610885958 8.67216751443197 -3.15535239154787 1.11097158938696 1.13089243084788 -6.18984173291958 7.27860079118486 -18.9053757016872 4.07082348303804 -1.87907332465744 9.0363738801852 -3.99627318850274
9.5999940365507 -2.15979500474468 -5.15681610858209 2.66318571961361 6.23226157410607 2.95695891282193 3.1601268343929 -1.7044990369329 3.31669360836311 8.95432054046409 4.49081077483411 1.87043960746947 0.49939336746371 0.605452237059739 1.4254321162043 -17.2366032894082 5.32590746931521 1.75203927018934 4.01823957810583 10.1155983245389
-0.163829111510771 2.50879166867954 8.05293177439949 -3.66468384653833 1.04860950662943 7.04916207266322 4.69994131474696 6.8303817251086 3.12060551615376 -3.40476501333412 7.27026447001225 1.66760126506685 3.97618975666799 -3.83168863224237 2.86154707950387 -15.6480044992783 0.0670791502942629 -1.02745866437752 4.55549860234838 2.58098500763321
-0.697684289520887 -4.32175060791575 4.66069501905864 1.57670603644784 0.884749569955679 -3.08383052469991 3.6114201685373 6.34781268543852 2.10969523577009 -1.86964469595375 -3.50730086344202 -3.05920533827327 -0.278632819244826 -2.06235007342598 -4.39774245447916 -1.82394860478941 2.04066013006152 -2.44225040505883 12.6959970066288 -2.21572886505141
3.64199877953275 9.44267921067017 0.416524337380837 -1.30981070033281 2.97324509898209 -9.0795745761846 -3.24716414339153 0.684781923655472 1.44993000170549 11.5711108099916 -4.82731842034771 -2.92470032273769 -2.59672081810215 -4.28503357840969 9.63026588109157 -7.20498609500694 8.53239232779026 -4.57641057295344 5.95892597547612 -8.34480215840177
3.54970697283449 2.92671001920289 1.69468653331585 -4.92230622340577 2.6322745305648 -11.3931953068036 -0.761808946892898 2.29623874734439 -4.67195805040864 -0.990182663383233 -3.69947410388947 -3.97107176792024 -11.1481593356525 -1.49670149318051 11.6318337371849 -4.37926279812473 4.68513848666177 -5.22532204459509 6.74534139659441 10.0362561817745
4.99374965060475 -1.59400622782 9.68532726852542 -5.65188402373035 -5.50621458457359 -4.52499193877091 -2.57008211682233 -1.72574046780015 -3.90248955893649 -1.29879827612803 -1.59498454498661 -2.28344771228922 -2.33414893170338 -4.4509282400785 -6.36620326104734 -4.23242355453081 0.757929344561189 -3.70998501901694 4.34878011151974 1.48934582888442
7.78342900759266 -2.02237164887481 6.10082590081455 -0.840017559968074 0.532871147631877 3.57737290232272 5.79125238706531 -3.38771295154468 -2.11615826633414 7.28813795441203 -4.85105010587638 -2.66180222414562 2.32730802735752 6.80572412838114 -2.36839893699017 -17.5592213701403 9.75856986841945 -2.18620144269357 8.50506932861997 1.39339008566391
-5.93162386115545 9.82856867722071 4.57491352188884 4.86137941291025 2.63342555791605 -2.58805611470828 1.22310304834046 6.7328369798955 -2.75758347323831 4.08132061604889 -13.0175006168306 -0.900030971885554 4.4891579265285 1.30821862926494 -1.4030845776384 -5.07617048894002 2.13761586555311 0.951109703013324 4.62841893483351 -5.65512230752974
0.0836441828337344 5.29037174709481 5.14952546468668 0.509259741711413 4.73273713032543 3.70725501924206 1.20351041805155 5.39716565199164 3.39017440770219 -6.08836802348122 -14.3440362046723 -1.36431856187927 1.98422371835598 2.20148998931284 0.133879685670376 -5.46421244153101 11.6207761029247 -0.129718729256041 6.62697004570076 -1.38276365119893
1.32549682902583 3.01801002523007 2.30130776675277 -1.60149238836234 3.19434158616444 -0.275200089017988 3.37840054206715 0.713953323942113 -6.30997861447106 3.96721168089916 -20.9285907457163 3.26288015769345 1.25636479256852 2.84863807203237 -4.94699634540415 -10.1190116643708 8.25495235847979 0.0567796041788327 7.16746773716361 2.24307273976769
8.54372378543938 11.8959691940776 -0.291628402432377 5.89927728697229 0.91741057164758 3.65326595883416 2.12143801279214 1.94675207235614 2.33674036655566 3.17875300610345 -4.02194650497816 1.54002826156668 4.88475360632345 4.55940365161052 -9.46563422061439 0.532198193321327 9.4180347267239 2.48897294842566 0.495793945718747 4.16371621018384
8.323061557026 -5.4370945631093 2.45370372446752 -2.59120606172827 5.47879554665171 2.67556012537158 1.15637491934488 5.84108221542083 -6.19433731812388 2.61255443444623 -6.38943556983991 -3.16298269802423 -0.57442649389909 3.41177893176084 -0.689810906690912 -17.5985276293905 2.68283605890185 1.55169656039765 11.3784054286565 -2.18568947820611
2.95483473834601 0.417725500223456 3.30714774149195 1.9009831403036 11.8442489199414 4.18714696485943 0.203791569165834 -4.95671106730208 3.34603068168082 6.16173115123788 -6.4619444406189 -4.22555301678577 1.02623196089664 -0.0814310614256113 1.96407003761617 -14.7753873948123 2.5133243563663 2.38503897797027 5.32426090121943 1.34828892514802
9.31241383594343 0.85111511824456 9.70921855269152 5.04107550524448 8.56808191780566 0.440393154207165 -6.4681157697185 6.8213710298408 1.8791618202766 0.0555344821390169 -6.96552319860843 0.893267287192994 -0.381925978174991 5.81249192469489 1.85056137892977 -17.1703238858138 -0.37241794474359 -4.40376746402101 8.21355226115387 1.26830939325303
2.54140510419835 -3.49205598637159 14.2566339798801 -2.3352065654109 -6.50442641366967 -0.114285923593414 -0.878350950881292 -1.85868840093286 2.71897684088487 5.84605923777543 -1.74793436188055 -5.5810209974111 1.61554066370249 -0.317325052265992 -7.82128682532572 -15.589263478479 3.87663210712688 12.8946978288274 5.14758461791282 -1.62669458624237
1.66968701820477 -6.91030660785571 -2.94985204660483 0.623630442726667 9.45094296370524 2.94371782358863 2.52726648240456 -0.055180430128555 -8.51764854974062 3.69356163012177 -6.16102587864905 -17.5628306293103 6.09266401297156 2.32945088075369 1.35522631597718 -6.50119235641188 15.5016042115776 6.30099134580388 -1.85176500823374 -1.4209049609744
9.11660867961385 -2.26029687709255 3.02014030596133 0.474179660144999 -3.36339811373466 -4.5225427454306 -4.40312481824897 17.5176071048448 2.36019472384917 6.1469700371944 -3.4944419454438 0.415319683936167 -3.47158544361564 -1.82904760897495 -1.9181121875082 -3.8450077010042 10.0526372506014 -2.69299638551941 4.2652310235002 7.25258539152128
2.69451064333479 -9.4342647993638 7.3445137358963 0.747921587073246 3.15583989259172 1.19778134562463 7.12044135321435 2.50366426422952 -1.99736567812409 0.566439235614639 -19.3013634670735 -4.18043972109987 2.35045463888081 2.96132262969734 -4.70080116008709 -6.90011181731786 6.28443562568748 3.0585631936966 11.7092400993071 -4.88581030328393
19.5983832556344 -4.86949101159605 -0.950100842175162 2.19011934438437 2.45947419053004 6.14568686737776 5.21383558498287 -1.24268689961585 -3.82418702001946 3.59958642409146 0.358607523586157 -18.8268054408627 -0.484795764035584 1.53074554920292 -0.569257099780854 -3.75309957986746 4.28817003121619 -0.878416319437138 3.28630271944426 2.31080160861101
-0.632704510260483 2.18430450611392 5.31461692158792 -1.65330504526803 4.12331004375132 3.30132831337987 0.969559184423249 0.163057972636884 -2.84883822500154 7.66556433124748 -14.3199624165626 -3.3401548661676 -0.843049423200465 -0.885377289600167 -4.54483980720319 -3.82936880614644 7.05317441697026 2.33357320574686 9.24982201657065 -3.9943843048241
3.43590734149744 3.39372739952444 14.9688743727839 0.598024246790606 6.65448991992294 1.64963143009786 3.09140585292509 2.01854984956207 4.00782878221682 8.63305455366907 -3.07322353928402 -18.0824281530089 -0.93708104060687 2.59849700946266 1.61690059808927 -6.55109714476941 -3.93535389272406 2.71945130700442 7.52823204387792 0.0920668966094967
5.5640727871585 5.40488040186565 5.62175743471879 -0.0910318659484071 -6.66133983211186 -10.2626787461151 -3.35010163107808 14.2379019657279 -1.75403539554527 2.6278268090094 0.0365013465469175 -0.0139391640327875 -1.74962920362219 -2.8465098392678 -6.70210741178352 -3.70372109287475 6.48729521462715 -5.40137029749719 2.87253786763673 -4.20764863691017
3.28692334629844 -0.834751910864996 10.2988466437187 -2.65849274696418 5.97189831702501 8.39772833387746 -1.26723864935994 -2.41691764045536 -1.26029607888729 -1.60073606524473 -1.1378000607408 1.03839305022989 5.99063309801697 5.10461215968845 6.01324107987485 4.41117074564173 0.37946184977781 3.83523313222 4.96283024510178 1.01697571657484
8.28621869097929 1.77360346073556 11.2049045423569 -1.44593544200221 0.225873806965985 0.723632479430476 1.81269944607883 2.35805911298287 -2.0819308494938 8.23633241862489 -0.375760109881577 0.896770807667931 -1.23343656230217 1.54888837579726 -0.92424373665766 -17.9736101345699 3.46800102083814 4.73534008224271 6.94319537124514 2.30235863702136
10.3437003256882 -2.6401679717701 8.58120902962967 -0.402885076613182 1.0748616778528 2.51099460141313 1.13083211017063 1.57235154054302 -5.82952707887228 4.79640302873212 -13.2579693683934 6.50287723215475 0.0511670415449225 -0.435607006745309 12.8350308540108 -2.09381660249902 -0.434748837464303 0.772314504958241 2.45163440994766 1.42576377599557
5.49103091363505 11.2369256954366 8.64574329183232 -0.998602515744092 4.56443260074434 1.2149044066313 0.726525033016942 -3.25750671121566 -9.33140234724194 9.91524466614378 -5.06460663979117 -23.4107727908253 -4.02612810435726 1.13480421078482 1.09534737930294 -6.32220070009531 2.5787100659745 6.26377819543016 8.35742077719176 0.553797251233247
-8.07937394749952 -1.89484820786985 10.906463032288 -9.93921980348602 1.46294658922053 4.08186732379679 -3.36605569736715 -0.383119357618185 -1.32416309022659 -1.84742118896261 -0.698852352139812 7.03934097861443 0.637525519390885 -2.58510871112988 13.8818693471206 -19.4304655687883 1.84291372210478 0.849389672932949 2.06971036787056 -4.49224188646245
-0.45630870372755 3.31807109868827 4.23213015163935 0.959717818597714 5.17194422664766 -0.358294147270504 3.46808539652078 -1.31979067359119 4.84114016543914 2.79338291458108 -4.00975869393794 -19.7201642793653 2.26152216490172 0.79825458530455 -6.80854668747105 -3.79466888602572 3.45794157153535 -1.84929993198486 3.57467744601772 -0.929595451549831
-4.80478922039801 -3.52127243077795 4.90319577724747 -2.11729458971453 3.9260971330585 4.5204342542922 0.399997422817373 -3.86823317268672 10.0902185759436 -5.48315596781725 2.3073261734057 3.28946163607115 4.46163804052801 0.784270574665406 7.43301091226164 2.18698849404906 1.78599727941045 4.22867923235226 2.82850211229316 -8.53870846889179
1.02262596850115 4.13729087006462 9.35827588701026 -0.459840672737232 -2.55697352823709 -11.8291965173127 -0.77396187536868 7.91183350868545 -5.2600715195652 0.901009421042549 1.93884888889931 -2.39923203910225 -8.93026601544376 -4.61399032012613 -1.39034748009062 -4.70277097903693 5.09685669774062 -2.99145937593646 4.6328804909863 -4.6688188886132
3.24040189435156 -7.30818248016131 0.681763126106286 -0.145556826209373 -3.45250161176369 -2.67534147223488 -6.7639753798558 6.3786401277032 -10.1080076359367 3.64260548133918 3.56996328342882 -0.275891584703547 -4.6392587603105 -6.19569811587839 4.52207278704739 0.239853166295815 6.29137005801199 -3.85211970932084 6.78742926771535 1.56662025767567
6.64739682837395 -1.53588496493599 1.94585978016762 0.815258441677485 -3.95171452550987 -7.09580272610209 -2.82635578225936 -4.86331648007342 -9.16439618691889 3.53245697504271 -2.82950359660821 -2.17972265628511 -7.11506818950526 -2.75660784019697 5.11153509217878 -6.51328579322708 3.80451670637678 -3.85283475497329 7.52944928595342 5.9643558442959
-1.20477814466813 2.41062270914129 6.63865408341431 4.9506101241496 6.43827987233902 -0.0380697562531664 5.93967667681874 4.44736192663434 1.69574382887543 6.77309728036036 -0.61233200538077 3.47573065417888 -0.671296254720194 1.87166953354794 -4.31571509299744 -14.19479260035 7.93094400003934 7.97666264687427 6.66779211560943 -3.56077867591702
2.80344815186076 -5.60675077035946 0.176303241504832 -2.14136234633266 -0.318967029725759 1.91410246575364 7.5845840455541 -3.77746987111582 1.27947689433934 -2.26739262827374 -1.17488236894422 7.04661024345837 7.45079253549654 6.47367077881283 1.18564515825545 0.928506460247487 12.9943690647291 4.19931079752156 3.63481750994364 1.57907576071777
-5.1314244434342 10.1222611420584 8.09358226262057 6.2219225982892 2.33796070363207 1.44522985878263 0.125511819060836 -2.86428857422121 3.10133161287954 2.03284495134073 6.34683720683522 7.70176307424059 5.08879746000217 1.01156377257133 -2.30341845800302 -20.0802765618611 5.29077592779882 0.050494351757336 4.78223490730318 2.7623816651767
-5.38622187424119 -2.20506135185735 -1.52946930089914 1.987762311812 5.18450332179936 3.76525341951873 -0.00721631571679193 5.00320393312494 2.41003631802807 -0.154936533944907 -0.982708254083242 -17.5589655570738 4.24629918799083 1.83460727095862 2.03439524381784 -6.06208541102496 2.98168649125526 3.62198202769852 3.7369862242457 5.98849753725633
2.29107640032457 2.06469745760592 6.21985683329581 -8.73778000241334 8.95418124049865 2.78079945777348 -6.06197846711846 -6.31967532193701 11.5330896941732 -0.201996783650844 5.44213612900223 3.07353829525691 2.57421136274515 2.86487490922488 2.6656724135639 -13.3265963441222 -1.98782289218741 2.41365096869903 8.75424065444328 -6.97115951166762
2.77982173810154 -2.97075409584255 1.48159904414579 -1.97625592900717 -6.03665951987591 -3.70340518998739 -5.25386233869117 9.92691490091138 4.19178672790287 7.79090006690799 -5.80684387480428 -3.08968729337489 -0.490165335093433 -3.80057050534432 -6.34959011143249 -4.68964675459344 3.94690150538719 -8.07024639274568 5.35105549231116 -5.93559499365548
-3.56027127294518 7.99593147325861 3.94967811213959 0.159460930205328 1.3619662419838 7.01434771810883 3.24444829347743 0.992651642941951 -14.2671731400414 7.14473499941544 3.15375935818134 4.69146935160558 4.74908399777927 3.68223367168599 3.77804983816332 -0.60715271390015 4.95124437082791 3.10453043521736 9.29717859512937 2.13310892266275
1.51594906739881 7.17467883855782 -0.72257457488531 -0.935173416850598 7.9365740118411 4.72872160244559 6.83967481230992 2.88286630637536 -8.7825064260377 -4.19549373569134 -5.52068889753012 -16.7725690271453 4.41682009601891 1.05122279156811 0.138766277439454 -5.34325361606144 7.23731224285742 2.88140941221997 3.88943443833626 2.13207614353929
10.7206999173959 -2.03446153335232 0.811573896174467 2.25222853012716 4.05424693588739 1.36308031686325 2.98357473862061 -4.81522182094495 -2.9629612805711 -2.04582334342163 -17.5935190933554 -1.10310204466756 2.34081138349508 2.57428346985378 -2.25385697660313 -7.42461200544904 3.41867219399081 -0.00386523750245948 8.53879091797925 2.00937666264683
5.14921655057317 11.3436770271294 -0.155141029655916 5.24045157314644 -6.14958255518817 -0.718151331930884 -3.91997420105921 0.482844366208814 -0.503628598970262 2.25301903378161 -0.376125400121169 -1.77527790596347 -3.79197369536162 -3.37031634337789 4.04672905161487 -2.89021727313912 9.45291968962979 -3.7733965047452 8.90892377823451 -12.1226511619975
-3.14120741124885 12.1363187426704 0.455544932178891 1.21134757007587 4.50203153152711 -3.75883851825437 4.83527408321974 -7.32467898893741 6.56911303248433 -7.4953963946095 0.418028733911652 -16.2331965114503 -4.60425466008227 1.78537719236023 6.79400530954959 -6.51756321042676 9.74969146377694 -4.81164455947692 8.04342765650882 2.7287483949213
-11.1474805228662 0.127214849619192 3.85412543949695 -0.188646911673661 4.05844550575863 6.91639643065725 2.45179406274591 4.65303523588144 -10.0116503835113 -8.13984317269678 -3.41587265258259 -1.32646823056243 4.0911970268341 4.76409569063415 -5.00381221222983 3.38557006786974 1.22956920287267 5.18326376343168 5.06490901117843 -2.94441070152757
19.054573108285 -13.0435405558876 7.23883616057808 1.09245304718676 4.60650027667213 5.42936647046768 9.39741714976586 1.98445994870945 4.75674861870399 3.08082175226685 -4.27456876169224 10.464028007019 4.7821463170381 6.87529582403606 -1.31969650813643 -0.141949029508635 11.519632374085 4.8294523374958 3.81520010449981 1.16309585763451
11.8254277394323 0.958784527356507 7.14452432097293 0.669973330072028 6.40401811107967 1.85220512140715 -1.00730589724077 4.33214121220646 4.71629312723056 -0.782478694117769 -16.8182537402335 -2.90429070327025 0.0755658163781238 1.99046373112129 -3.29962473229963 -5.66729774983322 8.93226523856146 1.49979771251086 6.84607216900216 -2.6981905549406
1.04058968703403 -6.54401804221448 -6.91313105961409 -0.369148667570754 2.39731252478371 5.26119942089204 0.117786311935389 12.3246647727879 7.49813121961537 8.12665971615931 -2.56238459417626 -16.0862027230076 -1.56538616753442 3.23658335248448 9.00203210331167 -4.68026815772212 -9.71422901436627 -0.0347665092353888 -0.537012005571442 -5.55319076529723
4.62266266942364 -0.174051552041766 2.76070637012227 1.2140078480216 12.7527830121516 2.95211596128261 1.49093120931761 0.132924747097529 8.46846298927229 -0.22317366654592 -10.4563805675996 -15.4111958040623 0.961650708552285 0.494853042563115 -3.806870824999 -5.8431510919576 5.08487782942979 1.99042046094438 4.97304217067965 -1.59153276936964
7.34038077368543 -5.52637251232582 -0.250167103912148 0.65071286954224 2.83788674730736 -1.74236008224858 2.04657330308132 4.3674872930322 -4.62761164670169 3.00779250245626 -0.823052080714892 -0.906529759713782 2.57315842045786 2.15792896344404 6.74670985708579 -21.1975454121261 8.2921650305989 4.06157683030603 7.07234694978809 1.40372492264811
4.18151977574891 4.78475847488671 -1.01262313392337 -0.788140388683804 2.01192884394961 1.25843062998632 0.679461005935191 4.68370651977156 5.01400764003773 5.28842724886939 -19.8977263831758 -1.60451817633368 0.98102572788783 3.61331967745223 -5.25445323822052 -2.92707496984671 2.38970744996828 2.66191559795354 9.46860981456239 0.621569621558658
14.5777906310681 17.4573131013002 -8.81155140675445 -3.60732005171703 3.66443406897879 2.72120483060912 6.04379410685204 -0.585003822378166 3.21443026541501 3.26038061126916 -2.12826077856269 -16.9566724998622 5.49430137412475 0.418701617659012 8.39503487550084 -5.51250307466287 2.35209414125863 2.71007482774788 6.79892098008723 -2.81496314550255
0.707031294681636 6.70091919343913 18.6033350713005 -0.716587818020095 4.69407846873912 -2.21141132409194 2.22127089479641 12.1072418944406 -6.80334543372786 -0.967163292611249 0.486498783253593 -1.52878011563793 -5.81488374602417 -3.31654660944314 -6.5126310945403 -1.69083793096018 5.43229801112152 -5.07538783367742 11.5594881899041 0.830857921346111
4.39618904001041 1.13868318497427 9.7853853426146 -0.636297350682645 1.91117064632027 1.79443405600818 3.54269232951496 6.98921977412238 -4.55953713614641 4.04717214753534 -18.633591261633 2.58116166767805 -0.563221620252934 0.151231011994316 0.201342034729645 -3.94885132145824 3.64656000356735 3.6398077791796 9.07124918227848 -2.97205531546138
-6.27205899457749 6.05574478767181 6.28528633475411 0.895807468921818 3.8600726751852 0.793021260272885 1.53475915122103 4.99262661894615 3.41613448011038 3.14300378374274 1.89052141941287 4.24093862204558 3.76934006566189 4.44491427516947 -3.65194562148839 -17.7935118368512 -0.579672035888653 -3.19622433545495 5.08913598603339 4.35569240711905
4.32246097551987 6.470004029896 5.2999714485628 -0.156206911596463 4.55222686382687 0.956461834502855 1.61206335237196 2.7050973111742 -7.31384352467973 8.22401038533431 -18.8977329265675 2.35457096455222 3.84878388170573 1.23371911505721 -0.234836621525766 -7.5608842822343 5.13700047528991 0.724992168358029 3.6056327314273 -4.20286067226584
8.66020601022345 -0.158010029295088 -2.41122234951179 -1.68939146263758 -1.01905973336196 4.49561829588012 4.698834229337 9.44609856022331 -3.88026064241183 9.05759344217133 -1.95231612361963 -1.25189203831104 1.21931551274516 -0.052280458382576 9.92329677694172 0.905052857131629 5.52544200987812 5.01369004091131 4.93736786420081 0.70221818433976
3.03164292043363 -3.96180099441485 4.08682017552713 0.894860439725612 4.01416373380824 4.25092972327325 -0.179334783865472 8.64906130507135 -6.20395742286247 0.90264050097805 -6.45937634630373 -14.6897143905401 1.17247405439927 2.05340921986658 -8.45015903602772 -3.40517224064861 2.80025721266491 -0.505121154821051 8.15974902317667 -2.00013467688238
-0.226243645920641 4.70912194187241 14.3231438840768 2.10917013819304 -1.35234823076668 3.10445550862024 3.69320091705637 0.488121851547132 -1.44339721160257 1.40301090583921 0.958121851894593 1.8334953047403 4.32081657992715 2.88603372430124 5.23006006544382 2.64533427019577 4.84118830416853 5.89172147915458 7.03001816877194 3.60365712672657
2.2444020548606 -1.01802636854854 6.37118143416146 1.74354762253048 7.23717189154912 1.29711373186686 1.64078809874673 3.57026559012297 1.95943781021974 5.91315512550866 -6.52255897430804 -17.350793680482 1.80054091020319 1.53301981529447 1.01436287658014 -4.7156333164995 -1.4045725673816 0.999328030206576 3.46077038575238 -2.77832860676045
8.1692729758738 2.47897400652763 5.85794215552965 0.444981314378095 -6.90063893588116 -1.95928379319342 -8.88379788708774 4.91999400688687 1.51557215394286 0.948758556049377 5.44665442449335 -3.93909036335102 -7.41377573172923 -3.6462837704025 1.76020711132766 -3.66679912023985 5.05515580089904 -4.85291591869727 7.07957245120658 0.85372178180341
4.38650629976608 9.14319651603459 15.0839796979034 1.24777112805724 7.13799640098237 9.50088107478709 7.96758975688753 -9.61562515839236 -2.21144079505565 1.36177569826936 2.94349104001596 2.48051368567361 5.91072896055211 4.50832106638518 -5.03628691430179 3.04875808298525 1.31281684160752 4.52150055051518 8.22397271955333 -0.706135122056525
-0.114607775830871 -5.76995593054042 8.04863392101925 1.80138181962999 4.22592025274958 6.23140398643167 0.182346128582885 8.81452204663744 -2.12921931335159 9.90034791210417 -0.75088677963542 -9.86724186898321 1.24489669017169 -0.348780189546834 10.2799885306597 -4.98942056515392 4.48005768186526 1.98276442994813 4.00629176484619 2.0763021235761
3.15757268405043 -3.32427939160973 1.07237048481363 -3.47645015080823 0.48494268203158 6.8171019350699 4.26169822027208 7.50797127705692 4.09391722991335 -9.0543079507547 -2.46108531060919 7.60525306079247 6.2928781014709 2.36424959301817 -0.72706571126961 -1.08614867211702 0.0997349159182486 3.67786524332332 8.34874032145627 -5.89045614697578
2.17567917002157 7.0672290223851 -4.23752023405005 -0.51295617383437 3.55680709817995 4.89360084685332 3.63941127675132 5.1118926072668 9.27618720163873 -5.00081196162366 6.47988554658155 5.45164193636531 5.93913374107221 3.18839105609258 5.45371465959562 3.35615068109835 -0.585034233882911 3.14063147458665 5.221965279441 1.58467776012307
6.88351053690155 1.08130445884064 0.304381108379953 0.376269091658496 4.60974316204987 -9.88120013803238 -2.40221322223454 -0.730085786747756 5.5367072146353 4.43333878854764 1.90077745263795 -0.359748031545211 -1.47024599764041 -3.50229376180236 2.58732950679547 -7.47400461737321 -4.03896613259967 -0.744068516867934 11.6053917911543 -5.65978918494247
6.55755886254281 5.61855251191285 7.68391944524667 2.11612680456711 -1.68551548487823 -1.88870620285996 7.24038074075935 2.77966952542746 9.76296781751861 5.0548979193152 -2.94945618942859 7.23512203586036 2.76164637427292 -1.66415958472431 -0.0663218442153265 -21.077957107998 -2.60789684843156 -6.00109683528217 10.4763492460912 -3.00980861292325
5.69131504829176 4.94815008268263 -0.421730134576538 0.135531648903745 5.32140444918647 4.17129240031439 -6.94390146570401 1.40279126243426 5.84603378567948 -1.46558447131275 -16.4306298469098 0.644337139275426 -2.75404460350708 0.646972272894611 -3.2933279991133 -3.61963139729031 4.6849356174755 -1.75057472305635 3.97260178384367 3.31306535879325
6.34291478062765 9.44758149471718 5.69955990756437 -4.05087573671397 1.12544008561839 4.41189579056411 1.00890298548134 7.15646897737342 -0.734625947304929 1.67384911800209 -3.43758726673071 0.356821944160203 3.9216008749802 4.99378794387624 -1.44920001509854 4.04209810332238 -0.322276425037321 4.79020479181852 5.57790131336444 9.89500384572131
1.1133019007523 1.48864491265149 4.8961362725022 1.56553259742775 3.63703345394125 9.37894846943577 4.28309264923091 -1.95007577697454 -7.97826789538504 6.82689517446901 0.9530413369992 -0.368816988688249 3.07249077086497 5.56707820623821 -2.37177612481467 5.7343623119841 3.32658682596093 2.80929194196131 4.62473785211454 -4.78924869534318
12.0954544520878 0.784973017057675 2.30325580660643 -3.46936751445578 -0.481758030964521 -10.9359673541045 -2.10647646056771 6.558856167124 -3.5284681418583 3.15684155620886 -1.05588824065779 -3.10688930797762 -2.13131188040554 -1.25654926921805 -5.14221430099625 -2.08559801320708 3.39433835292804 -2.95221143412721 7.12688047912696 -8.91308595397478
5.46705384331241 0.827668443744534 6.31685778170835 4.62366757809574 -4.91301773516196 -13.7548234094931 -8.95765131457748 -1.83880283938508 0.633040013593081 4.04532088209186 -7.40303351004779 1.80135244608933 -4.55467327833344 -3.44371920452495 -2.33951064098469 1.78147428089046 6.67094633734405 -5.24089923067348 1.85768753563379 3.93573650983232
10.0404434681365 12.3744734688821 1.70553136110495 -1.49609754808901 2.31262713819426 -0.0793532963699608 2.93618532104417 4.54592076403505 -6.19618720690329 -0.844575566827169 -19.7194853963701 2.4575847042717 -0.742887601565529 -2.29307745035866 2.56254265614444 -3.12214810078761 2.53829828430759 0.451347522715399 4.96282728833549 2.90716561759663
18.4928106855425 5.33587175182354 -12.4539526032804 1.14394079931835 5.38669328922031 7.21523627114392 1.10978767276413 -2.68209082517778 7.70136319429894 3.98525161853279 -3.61724320141018 -15.0756016139254 1.52212493307592 1.64079050052652 4.7743196145106 -5.27068449414138 2.46613264135398 1.41133732327295 6.08846393521388 -5.83353158257807
0.869194161666181 -2.71936479253309 14.2794665569731 -4.39576556177129 0.59272341576254 1.51950520615338 0.0696700085198556 4.27055079702768 3.59609464160812 6.14417343688879 0.678472455450977 -5.92660097681367 2.00728364840911 -3.11062978604287 -3.44561642992535 -19.3641092869138 6.56439615233756 2.78191256037575 9.43040770315578 -9.08131050385173
-6.37116598700779 -7.84235763818649 3.46219976778611 1.4353048002164 0.354348730098616 -1.34502341357886 0.500578788893383 0.166007573217635 -5.24045542620903 4.00604312164545 -15.4331130382921 -0.0113085061966002 -1.53737075049554 3.62898852435874 6.54519868971197 -6.12487217340997 9.07450011397323 -1.87895450612427 8.26718094825908 5.25286716821912
4.8277782911025 4.19890659632754 9.94231188177717 -8.00736092347307 9.14765002846734 3.7823079680649 6.11356583338839 2.62432676470281 6.91639557873833 8.04844960916223 -3.690044373487 -14.1678723765649 -0.625725573786518 -1.30037260399853 1.05242279732587 -18.3148571809792 2.85116098247265 -0.779629626804017 5.00567067342025 -0.836967788275357
7.9543652124714 0.67222419999813 1.98264649351382 0.817719755470285 3.61196976505222 2.65027291324736 0.798077490642373 0.94684407427403 -0.84031735392204 8.26232786192082 -5.32827863983011 -15.0669312026518 2.87682785134803 -0.0498558822594208 11.9970273982325 -3.76575167575787 -1.13015834151008 5.48861204221487 8.09449704554846 -0.862334513785371
4.06928398395931 -8.21790067723015 -0.935274516500984 0.793091063440987 2.46859906570086 4.09179433929806 3.28839671645231 0.513593873367279 3.25786582342374 8.37303627241813 -2.52929808220324 -1.09302424880308 4.62179418599074 4.53355554897804 8.54422968510396 -1.18766791435506 4.38282840928364 3.63199264477534 11.9304223491506 0.958639749666603
-0.370858408032686 11.6170723544396 5.88768635795653 1.62386660282493 3.48427519669526 7.22279851210357 3.97952454136904 -3.47958893107384 -1.20094491698857 -2.98435659405075 -0.372027094906043 -0.78312704712496 4.64641849935489 1.4461691874211 8.35489656581107 2.30827455555043 -5.0996275327204 2.74929131634521 4.74057447573839 1.94550677517322
3.15679385418009 1.50925462639109 5.34735948151089 4.55572939978889 -6.58717652648097 -7.19826364631088 -3.99837159947949 5.71271958770447 -0.755773632241805 12.8654273191531 0.84660997000949 0.482693336065011 -4.23995953682219 -2.8258590518948 -1.80213798245725 -2.06148532693475 11.0103259740395 -0.451410974010075 9.09352621390953 -3.0176541158569
5.50232598411011 8.81341972984589 3.83771002549207 1.8060304126478 2.36642611635809 5.74767527957641 1.39944644719085 -1.53592039492691 10.7669187597424 11.5836874606416 -2.72614578049149 2.85846632736681 -1.09055679320099 2.20231606405001 -11.8193417732335 -15.5231202556131 -0.164194083500806 9.80324711289313 1.61884066489736 -1.45242606904797
-5.53742129198597 12.3878553494091 5.63477960814497 3.51640464509493 7.08525038225376 2.86558903249077 -0.506182452343711 6.73166717295579 3.00809726380398 -5.07325303193529 -4.99074619421599 -12.6754831037497 3.36171965027838 2.70781959266712 -6.43116442570081 -5.2543520611057 1.17274493727313 -2.07866140095957 5.01225629396429 7.96894377766641
11.6146160454082 6.2125963039203 5.06815736579611 3.2688476844892 0.0359795445351141 4.70010742820506 3.75114456072584 -0.93567596791841 3.39539110650021 -5.50505559294167 -18.9819504230579 1.36310161081127 4.41338888973694 -1.06190586741617 -4.30611242428019 -7.57985404350881 2.79083939539865 2.29149899652986 6.21245718446239 -7.91188357749037
10.3420055290037 -5.57949274486522 -1.50299613957311 1.23882725372343 -2.31688210655208 1.33909123836728 0.987340912894158 8.43879504423218 -1.45612205589723 5.19534336653146 -1.05132031449703 4.10788717582322 1.97778258900995 1.83578567528732 7.67433889029489 0.754651207643727 2.54435452337112 1.62928432882004 4.57912288773687 9.71706045599038
19.0859526506677 6.26201520831535 4.17778741525624 1.35702203329788 4.31955916677884 6.59692851084695 1.9639707947836 -3.58354400042135 5.97115142314038 -1.8808592962486 -5.57014744454951 -20.1808483053928 7.45455783889413 -0.483548646002167 -5.16310707140545 -6.14593665461932 5.03528327216414 2.48680112769282 7.28081101567282 4.90409078284172
-4.03646908971018 -0.161779141798247 6.40024487253284 -0.923089253794128 -10.3608136797253 -3.67659119898778 -7.35009088706447 5.98115911553516 0.397260778380044 2.51288632028015 1.25801626528636 -4.53329503769989 -3.46158098414591 -8.62024296098554 0.806073064195029 -0.489628542945544 5.19586070695422 -6.31038343306131 5.48360512533758 0.777694914422978
1.77467764207932 6.52727432016021 6.72354394343999 0.26022651381379 -1.52837641435486 -7.63468053545476 -1.27719962562581 0.464109717375631 -8.46254326754315 6.3502830506707 0.951551782692601 0.979035275387277 -8.54923098852153 -3.92355094007455 4.50500941720955 -3.75022301150339 6.39842555652134 -8.92062354699344 8.56960406756306 0.0969356999242321
4.54393652057672 0.728858398728074 9.61271746026358 2.25852269400389 7.32027709574318 7.29012709861297 0.232457521246151 2.23124914391737 -3.44607640885 -5.84671289748306 0.088907760139218 -3.95352813120417 2.48658121786182 8.28334642659782 7.30197873429352 -16.0866852710137 -1.92465803701557 -2.74202073812799 1.40933734638722 -4.73871003544448
