x1 x2 x3 x4 x5 x6 x7 x8 x9 x10
-4.78249879107125 -0.565366692473739 -3.25532508702627 -1.7840554854033 -7.78944760411496 1.13567905278979 -6.27595999471391 -0.737029127884524 -4.91653099345678 0.340960846045641
-12.7711710193818 -1.38141349404853 -2.66661287434893 1.60135815740915 2.74516937303211 -0.125583788712132 1.33612052804638 3.71115716222021 1.27553753254203 -0.0217573133107918
-8.33559808061448 3.32196406289279 2.89900230304047 4.38447266419195 -7.57386680212377 1.53450491928984 0.0751060491154945 2.84382646363513 2.34461646558214 3.4099214418916
-12.1291221910212 -0.284082788197481 0.708021554630655 1.70578188820262 0.361477152098632 1.20336564762652 -0.696387899030518 -1.87776569636361 -2.42667861653854 -0.384242764169349
-0.0126151363521212 0.0636108220335341 4.53874623924645 0.13857460260419 -1.54713941847286 2.02108905977938 -5.82966333881234 -4.34110633407599 4.55526585860861 1.83278941735985
2.31586605969491 -1.82023789943015 0.636050270265283 3.40048779642394 1.09108928309372 3.92686504680095 2.6483314590355 1.66226665187422 -0.547175609347371 2.17613460783425
-0.877496870685746 5.30174960686787 -2.79908868765513 4.90975651146856 2.56347402474125 -0.806687874824601 -6.55967173596262 -0.329336417894746 -3.12230000430001 0.0107119132760207
-2.9393430260797 -2.35223705426639 -1.19508528003156 1.22976267464132 -2.61673759546669 -0.236525564921362 -6.23033050627004 -2.95207623848738 -3.94325690415345 -0.803499947703685
-5.36559458868308 -1.31923803472293 -0.659072630494163 3.15012737241122 -9.68856344636565 -0.425964946649028 -0.225544060842582 1.57322488510848 1.4139231150718 2.00898029066811
1.20542139982628 0.0827357706452425 -1.92548201293378 -0.649542870436099 2.37432262698685 -1.46041470547883 3.69558803571194 0.00552347695228139 -1.72624913533796 1.40992915095012
3.6310689250187 -3.40106130532412 1.22473000404035 -1.3909188457105 3.29828321745267 -0.227003761487472 1.15790665955 3.21513625119504 1.6876585798067 0.607651051188862
-4.82471415673485 8.97340554432573 -5.29985974081666 5.99438607004782 2.46102270551057 -1.43148448611166 -7.77349887394218 2.28185944116287 5.33431145094625 7.57143009045141
-3.77682197291596 -3.12506178485232 2.0898378380536 -0.323915626936401 -0.778005854949789 0.487955501729736 -2.01842696860611 1.52740222542204 1.33857582516172 -6.04740835387758
-5.40530506390793 1.19435552331598 -1.55293556209488 5.3878663498413 -1.12034941171642 -0.686150743024751 -4.86778349034487 0.70854203025873 -1.83243967768522 -3.83564578292883
0.553623057004524 2.16949400651903 -5.17957049930945 5.65929365624295 1.62083695031168 0.0244938959549897 -3.53247527782075 -1.01331072835091 1.22104656565924 0.0381464113675309
-1.2216236422166 0.665349503839184 -0.424132409925123 4.85509921061182 -6.55986735418356 2.91117312332272 1.22133180002773 12.8323098873067 -0.662393976120853 0.223744933884065
-4.92738195813107 -3.05973336957177 2.80107669050612 -2.12246219866976 -5.42110793465509 -2.23900800159316 2.48874452607587 -7.95331396489671 -2.88856253131341 1.7599251145128
-1.91158140152737 -3.32728721299351 -2.22066743541939 -6.47018938708123 -4.90300753447366 1.51201006483464 -5.00383936659718 -2.6350152128437 -7.17138760648842 -3.5430619271008
1.50477804205363 -2.82989664333021 -0.343182794270083 1.08687948770677 -2.91552295559735 -1.96779156907237 -1.91070959339287 -1.59624021469232 -7.21381015917431 -0.9327403964864
-4.80134771058277 3.9107591101011 1.7901338476894 -0.530261520988588 0.857334513845303 -2.30814625366601 6.97282675396601 4.40974926094572 -2.66321664052055 -0.164974268344179
-4.78284641983606 -3.34098316711886 -0.0840361345597199 -1.80745346446242 -2.18147424567225 -3.76872726861067 1.00427385789455 -3.76780549261601 0.992583222127233 2.55064105651226
-7.19914861598934 0.684848551724891 0.383821543447453 7.54645807013106 -7.43678446144609 3.97233486292262 -3.47575671379088 6.06573722699642 -0.516211352235046 0.376187315846343
-3.46324994536234 -1.94387294517246 0.642811625935052 3.30133966975371 -11.3843544719274 6.07460590522514 -2.5566388162484 -0.380942977464337 1.60952856954309 -3.25589510076566
-1.97601014972739 -1.8490226704508 -3.33441513376565 0.723320788273794 3.03397722430168 -0.950615595737634 -2.28708977869773 -2.23906599782809 2.99534979036829 -4.79079556332275
-1.23551601929144 -1.32078823727599 4.21079160316386 7.04371555851766 -6.62199231722658 -3.43610265728659 1.41013099848127 -3.01363663942816 3.01622835526372 4.79078521825439
-7.85295123988665 2.9767311317455 -0.413614850163513 0.95287521043717 -7.36742850429797 4.08926301047929 1.84014969014899 1.36404146021262 -1.11258997395189 -0.722718190274553
-8.20063494011899 2.36269200121565 1.93135289146346 9.73995209310842 -5.00220915668859 1.34146914913642 4.0478601656027 4.49753760914757 -0.37225729505503 1.19336806226752
-10.7877085100637 1.83844261098633 -0.752625339229035 3.91805772462687 1.96901531750533 1.14518778662518 3.27339476343799 -2.90687800285755 0.93373634873463 2.52688440269375
0.986594267511232 -2.62322504554532 0.0516028139562069 -1.75566299578272 -1.72290933115846 0.491661885323638 -5.53789928353466 -5.64221111682759 3.43184885627969 -0.668285925814606
-2.20815646849729 -0.402846147578924 4.56970156363677 6.66241257026847 -6.16117132291195 -0.336470018981069 -1.70704819285868 -4.79504178978702 6.3629545781546 -1.59328025378927
-5.31161496205818 1.45012761957956 -2.88023758796533 2.50820058011537 0.415223683896312 -3.33952359414016 4.50610463258219 -2.16279538908991 -2.56381163700716 -2.7680454363008
2.69423709011138 -3.29876541298254 8.19779127805333 8.97727485936164 -1.96677371624066 1.04405652506464 -10.2070304923773 -2.08023053334785 0.0846307894405224 1.53258078054479
-5.92479092061073 -1.96813158047227 -2.29936078579433 -4.88368050399898 4.73254886985876 2.57555033870891 -3.16243292927993 -3.76086219882748 -2.69967335680443 -2.20202723090161
-1.09017644782815 0.213297585084131 2.5496554241755 -0.165897697649148 5.23427881608772 -0.322328650331266 3.12946207568417 2.01350735080029 0.296896016209157 2.19042197535289
-6.19277137543268 1.78192435683511 -1.46770354010257 2.83104279352932 -9.49289839786015 4.58767382288249 3.29124958988008 -3.19520902258883 -0.255188254400568 -3.36561853845513
-0.976312609378137 -2.48994754651295 2.85487673941255 2.20544721179372 -2.83069494105278 0.382158534636358 -0.612230631873271 -3.36148926244036 -1.90454650989112 -0.592873374976476
1.3474570600977 -2.49490835690026 3.88580893047911 0.0675359894052725 -0.526329508697748 -0.472537612032386 0.743203617716919 -2.41181081080944 1.91364218030055 -3.56801226120471
-9.81472482630029 1.53045319550734 1.42970593027971 0.190161274366395 -0.310418415538945 -0.107984306772311 3.94103401115976 -1.70660199347032 -3.76906629654446 -3.03529217822902
6.12440716081689 -1.22688448916934 -0.0590544393352669 2.17932347293619 -8.82600881077584 -4.1600144772565 2.73876330720502 0.985215558801207 3.15292217046477 -5.57179202324055
-13.317375164554 2.3823043983409 2.21332883053905 0.927798581855414 1.66041191423259 2.62109604526526 -0.0758139327225646 3.26056969599072 -4.13291688505733 1.46203211202631
1.36321165880301 5.96929257569209 1.36338964335789 2.21315352270616 -4.75127145601135 -7.672472109511 4.18169895704453 4.17821482961304 -1.47660113498167 0.357996454358558
2.46185082908452 8.8366262787587 -1.27603376347222 0.101041557425156 -1.79477912344417 2.82974247644009 6.01070488058184 0.449160677196281 -1.60812624341343 1.39808497353851
0.165730778914451 6.7765620141001 3.72051980715783 10.4972805703155 6.82637801758914 -1.83328951116369 -3.8440719402208 1.74387702361397 0.650529396904711 1.70037099990848
-3.60798699082302 -1.83128574288888 -0.771089671459632 0.521139368446648 -4.78225098905186 -2.93405423049412 3.23812181389589 -2.65966935206547 0.524943008900942 7.02755184918149
-5.64430732630032 1.11160426723819 -3.44912640301923 5.19544560835648 1.47419820400153 2.25677132332546 0.38104864061457 -0.352242532807936 3.57858992134743 -0.905614068392508
-4.45088671445117 0.44667783950343 3.99176553845694 5.22342160800967 -0.455355359010446 -0.271212728035617 4.83069289010793 3.9215105844447 1.61938671438927 4.1455845075677
-0.97508684868823 -0.978039117799818 -3.03297615638348 -4.6216045926362 -1.58712002184997 -2.00331342186047 -3.1767744657946 -0.366437445678115 -0.802836053219028 -1.17298866375509
3.3025640601994 9.65194824240742 0.465946684635919 5.00788712057049 7.0702733977893 -0.946654717094049 2.64760241224743 2.87244560487493 1.54768856894654 2.29248023706375
-6.71685704980999 0.803958852667284 -3.7827025035376 3.08291859702659 -1.92696605866749 4.43295647634809 0.308020911622759 -0.552960038053286 5.06872797963028 -0.223198364121048
0.178991826480367 4.59962610700392 2.54953225390337 2.9318244107432 -5.69830876354878 1.62213879383477 -4.77177605361347 7.46947098468601 5.48930624854744 -2.0231873221431
-3.88412163747511 -4.32824875361371 -0.111322803480956 11.8079753040564 -4.37802337655089 -1.35959390928417 -6.47584752256146 2.23121193958442 0.961962198973342 -1.23784609852099
-1.69781306156516 -8.27054208918934 -3.52177243842652 -1.88008767415194 3.99675646143842 0.187068165382983 -3.80527529180612 -2.49408604192526 -6.22077658553831 -0.158472683830376
0.923549241572483 2.60563881351313 -1.63680953112938 4.15819889335087 -5.72103106898646 -0.349354169090075 1.51098176698884 2.82327600004415 -1.23944806659611 5.47252137804217
2.1430312886684 2.76145118220683 -1.40645982888068 6.93717362835993 -4.39633222360434 -1.19236725093898 -9.07589409344764 -0.907882414312289 4.18177311611673 3.99433566899648
-11.7722460540134 2.15158531398745 -1.75646840534509 11.2646406603111 1.10884051194482 1.75262520268591 1.49510894322035 2.91209325356064 1.25615863035301 2.75975878627227
0.46442238111792 10.5905015468654 -6.97236654061949 1.4267041006552 6.08820811520429 0.264888011065736 -7.26495361506633 -0.155005908628525 -1.46306542872889 6.61875331290958
-5.95063070194749 0.25449614497139 -1.62172632734567 1.34875243611247 1.44039863964245 1.27242988412789 -2.81734113899669 2.91522818461824 1.34937767828083 1.97257222071418
3.28949345982173 -2.61194670477676 0.830615297003348 7.84542200164115 -7.00507771394796 -3.90298580662918 2.86674854864981 1.20997558828857 2.43135431855939 5.11907296191861
-6.20978880126472 3.95477185621051 -1.62536574961982 6.12805441633118 -8.74662873758516 2.03161038925477 1.72543169271335 3.91341984042896 4.59523698518916 4.36930324007498
3.65772033804719 3.82528335554287 1.57316852231372 5.01724018869391 1.83756922793702 0.551494586569341 2.92698281864861 0.0637829276061952 -1.14808565105768 2.22285030970272
-6.66420874672074 1.27948681306887 -1.53650375230782 0.455373534421565 -1.43438904898495 -0.449077710517971 -0.265864200443666 8.61966320519842 -0.483355924993192 0.720751198563348
-0.343636490431585 -0.529329695642318 1.2805614251542 1.21582070904604 1.34716855747493 -0.904015678473518 3.64089476018565 2.92073521120908 1.79415237517122 1.60241444837812
-5.90300612534313 2.1155819470819 1.61858298152942 1.13267064776088 -6.40970687782591 8.23509911298235 -0.893225533240803 5.18394726252271 3.80555493076762 6.76070167215129
0.0405843931033956 -0.0438871113714674 2.70125145394554 0.711723226580387 1.59220858998513 -0.365967265930068 1.79343766937329 1.92780354035117 -0.756947916157723 0.769312378433418
6.65141857093982 2.06853646575201 1.29144688657321 1.66719383939378 -2.51345567478228 0.342468174282754 0.894759191880033 1.14967037146575 -0.872759540999896 2.57498553764808
1.64632992924718 0.385687909737451 0.687741822061008 1.082169238836 4.6328569180588 0.503726773655193 0.475719621483238 1.7726322846905 1.80236368767135 2.54007610242335
-6.22821367023709 -4.50526898219096 -7.30789100355622 -2.91593733612262 -0.522283645780927 -0.0831539653675827 3.20356856163094 -6.80837282042948 1.39065371483545 -1.88292729307434
-1.29698262983965 3.26816117134528 0.53938274604711 2.22715494643382 3.47090080498707 2.09956146533297 0.977292859244228 1.39220358596442 -1.0516508023389 0.587526912973611
3.45960084046383 0.0726717552527734 1.66867647844945 -1.03302203871792 3.4133722695859 1.57725896943294 2.26974432372649 3.5931202990517 -1.95715491910396 1.75765705307388
-1.93488977253959 0.738815191028879 -2.20910669665598 -0.589695573107589 0.999425011116705 1.3769153228328 2.04223369859022 1.09886119049283 -0.0109719103480569 1.58925708218017
-0.709898730614353 -0.11621974878176 -5.64181764746856 11.5771730462519 -8.09638655741341 -4.12824378634321 -5.68152085240328 2.13189890480028 2.85712768769291 7.33572109900809
-1.43185486242964 6.80594775493311 -1.58133792224908 3.66954972622499 -0.415973820248773 -1.95110351917725 6.67937299583041 1.96128501403688 0.172657108981697 3.00984463287322
0.441692536460231 5.20227202109601 3.48381565897256 0.63659643300623 2.04174293858365 1.29007206759762 2.20562682601644 0.705017109868409 -5.367300891141 -1.38726168359274
-1.13296158452475 -2.93355225666142 -0.142188484941958 6.32642421202481 -1.61874596701963 1.77131720957514 -5.52166752579782 2.08591895209829 -2.65164081186999 11.3204500749636
-1.23289181492554 2.81896184276238 -0.30810350249695 3.00909733120415 0.934729361539508 1.84309428731291 -6.42200918602296 -1.37471894593577 1.76970663601931 7.77443720744233
-1.23922101196828 -1.86624479032044 6.57135105795713 1.30729417935473 0.460272041763398 -1.08688602116375 -2.03672381167965 0.535667408202553 -1.78506083644016 -3.86107172314696
-8.34455652182537 1.98612638988497 -5.51632859315148 2.90514142173992 1.64977041698993 -1.1947746824429 -0.670031720538446 4.01164900870679 -0.574118799907386 2.06830631416807
4.87441996973218 0.0169786205016864 0.735709078247419 -0.256279176397928 0.74716576821787 0.807770732900051 1.73487866216078 2.88430467104082 -6.618927686509 1.8567518998909
-3.3466808663747 -1.20515674193652 3.30057141206498 5.53367746725559 -0.0983324746889346 3.73037628317028 -6.2069348038806 6.23502376768253 -5.64162039698173 -3.19926375388531
-1.41390735651903 -0.368734334612099 -1.84993717553879 -2.71927786328734 -7.41464398208626 0.18203771729739 -1.08438021485907 -1.7323752697601 0.974654435309221 1.16074101305869
-1.63532332049428 5.65798472817729 11.3935012230513 7.1951293347691 2.93755252764671 -2.25402086234177 -3.01193060970027 -1.75049650769402 -1.67789724902192 1.38145297197321
-0.104959401223302 -1.8012749987543 -0.780371739077688 -2.11522403055885 0.160210510068015 -1.64936135941676 -0.859839421290255 3.7611498166015 -2.71513295208943 -2.5873619965366
-1.65942303280185 2.74477607547988 -0.00969937095244919 5.42909065129323 -8.8223380511556 7.74699466203762 -0.669068242484681 -6.18226052822591 1.44052422748224 5.60657841012403
-8.75836944903582 3.21392363126708 -0.190863204334958 5.78816028877015 -0.0655082824033195 2.20585510799353 -2.23222148031722 0.388669729140898 1.7154237248228 -0.69328878453132
-8.80332075670313 4.51415530522536 0.023355734672032 5.69672179067218 0.411938124093262 -2.45221665851336 3.87315561819475 3.09115443023554 -2.73173389972653 4.90442807596769
-0.583937861500122 1.54564338648831 1.92063900104504 7.60411286317426 -11.45058479567 -1.09870926610952 0.546075341099205 2.77908983431901 5.47472246080557 4.47458862194048
2.5955868245618 -0.860774862599355 -1.59413714924188 0.355547694878854 -3.29920684684582 -0.323900401873762 -2.42556147105711 -3.08715812457358 -4.1598873418369 -6.05773675066057
-4.68721176557854 0.27757621811271 1.98915552829375 3.20637042441016 0.564179570895724 -0.831653087027966 -4.92266265031422 -4.01786106132464 -0.143121951822345 -4.120677523266
-0.203165613063161 5.98836871788695 3.3028823097245 12.2232048794449 0.451760632781598 -1.71113135444437 -7.08849225802958 -2.07673779385886 -1.61132877636652 -3.64340430874379
-0.0725649154076946 -1.55838636045005 0.808730110743729 9.19617712020127 3.64421894731077 1.75995192019593 -6.94089188339049 4.78412199828816 3.73550806292884 2.97316479882243
1.63560571149319 0.548547344281636 -0.238696602119126 0.589218352068651 1.49518076169763 -0.0897616202493019 4.60400346422473 3.62819747392472 2.9105196195953 1.23595460456232
-4.24433891979383 -1.26824209944008 0.438961374687096 3.96366944917714 -10.6012282044358 5.58187440327352 1.0637714020487 1.63804367205477 0.263915464055847 2.52448418205456
-3.13663938735888 -0.550626819631062 -0.858077571359301 2.49983318907498 -8.83545200998545 -2.04472960329972 1.30550398146969 -0.660118319155646 -0.462288462908236 5.76547760791087
-6.25810025063174 -1.83426087109774 1.88038294018991 4.4722065439904 -5.73510346694964 2.71664950195166 0.133284651923701 3.48736295692716 3.09851834229161 1.99841191804041
-2.99140789794362 6.13522834394442 -4.30838450698293 9.21695694858902 0.972642429631001 -2.56951710784765 -9.60312856905309 0.886069228923433 -5.5645101126992 5.59110208645527
2.56498726780005 2.76280773194247 3.49850160524146 2.47640714661165 3.6620646704506 2.27926452777196 -2.83631422791801 3.53385236279048 -0.068094939297403 2.97113307591386
-4.80187966512757 1.4194373304768 2.17018737735147 6.82936886007426 -7.31770760940705 0.230601773245059 1.00742242659941 -0.961074164062405 -0.187831618085947 3.02932244185139
1.61099051606807 5.95675424543914 -1.43908345033157 4.98293207574605 -7.51593181706422 0.269802167259247 -6.72231772605544 1.49973980607217 2.82575796636008 1.56155458707842
7.76325623584821 -2.14589186999555 1.78824573462082 -1.525483133482 1.80298268391643 -0.184268650582505 2.29927182142883 1.88797455998631 0.259419152707873 2.28502565826454
-5.88385689280349 -0.278681934366647 3.5382863012355 0.733444630298339 -3.13970653409649 -2.75684701097995 1.48741156866517 3.30278185234791 -3.17333367582063 -1.22782673905826
-8.77558864335214 1.56694456755769 -1.06414311320096 3.35889806549531 1.32495644806475 1.31970176950197 1.92376037855995 -0.496023225988393 1.48540899683182 2.58857082492155
-0.0359981200447745 -6.61030030595733 1.11720262230359 6.29484530077166 2.60831877354701 3.58000424829208 -5.92084179797507 -0.651116402234751 3.66070509004489 4.23072813136502
-3.09025535434282 0.814483726960601 -4.26470889519296 4.68698549509314 0.214132158131157 4.0015714538571 -3.08362147499826 0.481310083104737 0.989321893726938 0.342681465718539
-9.61319572794577 0.207032040970022 4.7112635177216 5.19358312919644 4.45987215442799 -2.11549212388469 0.478907283642219 -0.68021050573816 7.19914708959773 0.804421237116727
-6.93659357807409 -2.58326053323591 -2.93632072000012 3.16414892961793 -5.76656200483857 0.845658211088768 2.99390415604463 9.1640534912479 -1.06810580938525 1.05493693654898
1.46868916226966 -5.65080896310346 2.39725811574495 2.25995237270884 -1.05097670051215 -1.30539950894912 -4.61798893539643 1.60672253417251 -0.394647774009445 0.933141143123774
6.31710599946429 -6.45044703638581 0.523411282905477 1.67630801550933 1.79138021204709 1.08045237460925 4.23895286131556 2.97073422816584 -2.2639406538348 1.97702418160852
2.18781791041239 -4.49269969705044 -3.73410625631493 -1.02851594566451 -1.96456668320065 -1.44076689626495 4.71166140490341 4.58802861816294 -0.727337378625646 -5.49551995053155
-1.4997327555941 2.65695688038716 7.48566359983326 6.78930184003404 -8.80258509166361 6.87678182628314 -0.800333349080467 -6.56915395033484 -1.22712722930283 7.95425835570751
-2.139346136191 4.13866248001821 1.60923089092663 4.39308558290828 -4.44700961445059 4.25347399556394 -0.467284260770081 -1.4004659357131 0.391149275589362 -1.63501755778912
0.58953516968201 6.51317698271522 4.45345894255108 2.04584209757179 3.8365890256234 1.05219550684407 4.6132221013275 0.687304432291548 -1.77249768474996 3.12506608620989
0.339850595552708 2.9142535030197 -6.09708850612398 4.80114315906504 0.670513032753727 -1.16241237901676 -8.44182215502037 -1.12531927103054 -1.12198704216633 -2.05233272157407
2.16922793015042 -0.643726556186222 1.29616137189437 9.2995822103004 0.31832662612824 3.05398458427639 -8.00138643132674 2.25105060186824 2.18783852487974 0.615353276332735
-9.75647159815306 -1.0146358810114 5.35767028792606 0.511242072733219 -0.942422054139501 2.32711905869322 1.62227070410307 -1.03945327799353 -6.57679732190134 -0.711929494472501
-9.72948332635205 0.694154365627061 3.07572334513869 0.0792496351140572 3.60417784668505 0.413973935599161 1.69328621376795 0.758976266918529 1.83478479194033 1.35363324000617
-4.21017630186005 4.06270409838402 6.29699144744682 1.88529420990177 1.71391499086873 2.41493304859705 -7.22795764947875 3.42845264749118 2.86654346796984 9.65902339596365
-0.363205198809423 2.77676091311923 2.32259996336058 1.42686214480952 2.45877816157504 -1.48490673615407 3.09617261685003 1.561496554337 4.22147800854873 2.91980920168643
-13.6441813334746 2.10208510391725 5.1504344132978 7.08638178319727 1.12695031271405 2.10437218709182 2.39049124420051 0.609477415465666 7.39564178186563 2.20777045746485
-7.47243532798009 0.02147619727714 1.26232241698075 6.45069114282709 1.55198505568379 2.56187235593625 -1.85883966396391 -0.154590036466395 -1.65279639269787 1.84226718269183
2.30464256754448 3.08049200017927 1.11506347982807 6.21394380368871 1.01457973735203 0.362040000601253 -8.08190867927506 -0.241606436634312 2.55657005147321 2.39599539733374
-9.40576297647651 0.95482428677031 -1.43232328498357 3.02830268638157 0.446441177445408 2.46912128615856 1.99642972482845 1.12674380750467 6.01824727638396 1.50703620381889
4.98709900282915 0.891257211293606 -0.124979349686235 3.82288822758579 2.3171906758374 -2.78490735177825 6.12872182591159 3.94163284690874 3.26670916255868 4.12001341834821
-9.81443241490066 2.08736676785857 0.31932948610226 3.07242840070224 -2.19431613785917 0.375282575609712 0.999892410632973 4.27765009535011 4.8545522576833 -0.12010584158236
-10.0616582513962 2.52514952875533 6.3134668963338 2.76666249553104 1.87292768912165 0.634590025560407 2.95152289200773 -0.865848923466001 1.71680378266853 0.968218896571336
-1.60098978661806 -2.43158711443456 0.823906643954831 -2.05151593972046 -0.363281930718587 -3.2367038596928 0.946970187750222 -2.42092124744862 -1.19068259857115 -0.600652421155484
7.33597988698817 1.51251207711053 -0.00841141457032751 4.72952654197733 -3.3829285334754 -0.856314826829835 0.367954937513552 4.13455062562847 0.502615679496511 4.75272234224506
1.31701968843415 -2.00989228149924 2.01279190199375 4.48153718831279 -7.49788383242656 2.275079510988 -0.899063149443239 7.93733815899543 -0.355030345923135 1.23080467631233
1.57034530483925 7.29214464831371 -2.6433544226468 4.96561437964435 -9.00105018432114 0.967599995403578 5.52858982645163 -1.34661437590055 2.46116546898127 2.77385497672738
-8.79067781958554 3.41553636409531 5.28679643250775 9.21325096329867 -6.63320954443021 -1.28750118124947 6.17453709412734 -7.76193520421182 0.445184419682973 6.84901915974346
0.235310094082605 -0.0959433230848437 2.03279874653185 -1.98345963830934 -7.4680026124869 0.236532307308888 -6.78082754036765 -3.87149266428 -3.08749279285898 -2.53564917428951
-9.74653303620433 2.00331317796594 -1.23688570705098 3.42353807296148 0.615030074005067 1.90870306478712 1.19486515399166 0.672597308967379 5.51456741494685 0.940537279463014
-4.19892605615339 0.301101996023245 1.89569498871238 0.681527236412234 -7.89622615084249 -3.88548912816809 -0.09740073628948 5.0333485826304 3.10472095709766 1.92901805490577
-1.94209370308152 -3.83511886075458 -0.442179016600313 -1.31330154368997 2.36483120208675 -2.34542253228515 1.64263707723098 -4.4771898934725 1.16744691599159 -3.77698927939215
-5.05873496535029 -3.14024353135444 1.44343460105121 0.17236310655432 -1.82267628965571 -1.0401148374242 -2.01790394331441 -6.21029451928665 -3.83942911084104 -0.191462918887882
-9.06979311216052 1.52110257267665 3.4596340264092 5.17337271555194 0.86418231703276 0.633027960131623 -2.83092044329748 0.569316665872438 0.617806374551746 1.89486187946843
-2.88877068271082 -2.18551745716155 0.362916793534406 1.18129055379842 -1.12014405074411 2.87136665627809 -1.76147681984553 3.59326594494973 -3.18199775626585 -0.554443449425768
7.02736461034016 4.91981199140212 1.07527760681226 0.44218670176457 0.841866080646991 1.7004991933299 3.44202485448635 2.27480237956842 -3.62341425509134 2.2501754776592
-5.42911161086636 -0.450980483684663 0.269295741892512 0.714717402147267 -3.75293659727476 -1.9735136931524 0.39186487391733 1.76329328460469 -0.586315532969396 -2.71462450703465
-1.38749460634759 -5.85422737771933 -0.676259602083109 -0.644820984970611 0.716680735856611 2.75096447790829 -4.34820959929534 -0.274185366968725 0.833696164839014 -5.5170012190017
-4.70242980459513 2.517608257797 -1.01536078946792 -1.54829476869444 -6.57706519117837 2.97944797735809 -1.55623308303712 0.258481432864739 0.997686361313698 -3.62535274451836
-5.49309150824514 5.54218969567765 2.34790269820888 3.91669078823952 -3.82329069934889 1.97302917716381 -6.83564650818609 -0.168996978985405 -1.66032582830622 4.16973609328125
-16.3683016820894 0.981422592271268 -1.24056539348393 5.11178065186494 0.774006297060009 1.48870875318408 -2.26458792728442 2.377266421164 3.12203436239355 -0.194626960222324
-5.84583523418317 1.50337554756073 -4.25035296239414 1.99357361674517 -5.90442294046141 1.08374229693931 1.83743109135762 0.976756750062345 4.40441585971483 1.85721641204933
-3.16111082212163 4.32466484820181 -3.43829032145374 3.76512339136155 -7.21346137310297 5.48762515037518 -7.6132612522614 0.0588794044525072 -1.88973373299858 0.770439022646319
-1.15976546337819 -3.73401912347214 -1.69939082294782 -3.09744019840395 -1.53436848496965 0.993840451344926 -2.36033076811586 -5.72313883414803 -5.1930101672135 -3.62016746294209
0.032986262961721 2.84267856168615 0.51195142206889 1.20601836566498 -8.0423934264465 -3.72280958384165 -0.0761032807871516 2.88353880840945 -1.25452978719309 1.648995674621
2.9218734870776 1.32562800724603 -0.869785129685188 0.342095828194676 2.0978311174828 -1.84832080788318 3.06156640420571 1.1013920710432 -2.40983011710296 1.27962563969066
-10.4547972927067 2.44264850782807 3.35187723622972 4.46859518995005 3.72460808185034 3.24376051485607 5.45454402665514 3.79743174275341 -0.330713378456781 1.13222265320376
-2.13776671229682 0.738919734988628 2.45927096156881 0.35040137554928 -1.40692010471323 5.11328175408395 -5.27346750410022 2.79374180103836 4.34852938228864 3.36201225168993
0.206427829670123 3.66872724833757 7.6894479382739 1.60252756780805 -7.5799795174873 2.37329443902065 -6.46687627662289 4.82594510201748 3.69379571716198 5.76914307470994
3.04453992174545 3.91773595845595 -0.746679659923253 -1.51637244072555 2.60865031024164 -0.198711707711069 8.18049193098051 -1.73590404087353 -2.20846754400319 2.30587087450184
-3.27733355728902 6.87245646419444 2.33574925022953 -1.33770856183574 -0.625024885040867 1.59146314549227 -0.71354273790875 3.34369829150114 -0.938443982232566 0.110561151648595
-1.61586678685897 0.16813280166556 -6.54070950469159 6.17636447586916 -0.866352070973284 1.6424339560171 -5.36080148795744 -1.23919266497868 6.31807925182012 11.1077229109658
-2.63846114128038 2.51612063814578 -4.41158927686368 -2.83069950135595 1.8077857549583 -0.854628749435047 -6.02396010974859 1.18122569257774 4.63990635764007 -6.22312952281504
-8.81800493061185 0.433922790414347 -0.686794061300385 3.78315660798252 3.2450214261978 2.92731473383558 1.71593086393855 -0.351943098317922 -0.0380882526412433 0.0923069901026623
0.61540655326683 5.54649265143567 -3.6402930380433 -1.94262537539416 4.5765392364046 1.35301650987808 4.54823718501697 1.18880108070049 -1.88950149726422 2.40359983204515
-0.83059412363965 0.15460742255264 -6.43743469484241 8.00027680557896 -0.908959583340279 0.258230407748559 -5.83044194489185 3.53656476923034 0.776307895448509 3.04397426324693
-8.12502333528667 0.176614991934232 2.14612680129526 1.69123858501692 7.1751939270474 2.62436442683549 0.075761657503177 1.94713190013412 1.1843541540541 -0.294477002650288
0.911815898567417 5.92008438183963 -1.10767612120974 -0.490144098491901 2.02315373448749 0.984004695226805 2.50852982402716 1.19595028955546 1.62009387025404 3.98707956058106
-2.35502568714771 2.76781524730974 2.54576524559647 3.16506060593474 -3.73249831515258 7.76876270558133 -8.4106833773676 1.01803398081727 -2.15678911818613 -1.88034796256939
2.12461663117509 -4.57402359572767 2.66791186319008 13.2322527407502 -0.505155827411919 -1.40843195360249 -5.914482246796 3.2432654987523 5.39203207160948 2.60590727027488
-0.502800962451881 3.03243789971749 -2.31742524767698 6.8442829040888 -8.15288609496693 8.21339948194576 2.38042219042103 2.64593035820257 1.77066863699854 10.2665405864369
-8.44108204145036 0.625737029936901 -3.73953578939197 0.106717774788886 1.81335482973598 0.682568762858595 2.75282011921175 0.325477358601553 2.20773465791313 -0.676053065561343
0.146736848212948 -0.362272335367482 3.35164567400785 -0.316997949446184 -3.31305494528326 -1.50328062440371 -5.74203531828787 -3.01394174744565 1.22629233188944 -4.24548436133094
-6.59610770970571 1.42814010947199 -1.08348729144461 1.44859214817738 3.55447834384542 1.6521600452352 1.12312482805343 2.7375733748976 -1.37855949827978 -0.115523468679895
-2.45170658095004 -2.50585662163599 -1.16561591049883 -3.12477416238825 -3.23007467620708 -0.708587082137815 -1.29691605805051 -3.79265363697456 -0.617448018121628 -4.68278989576582
-1.75995205984168 3.09321549496883 3.76289484318162 1.72827142430642 0.997060390566025 -0.60040339575205 3.26430796150978 2.31487266436294 0.335484214848085 1.56025904021748
-9.58503500381454 1.73243153822807 2.54879970862622 5.91837702966345 1.58180841758047 2.30522983832292 4.77931138593079 5.84772629344467 0.249652716380023 1.53485943956352
-7.72229513935237 1.79949653680842 1.35678856118848 0.724755171201414 1.81825493074455 3.52993612725341 1.4846812709822 0.598107347762674 2.14270389349986 1.16306641738465
-5.6829558592563 3.76180150786573 1.58692065724205 -3.3930396380383 0.752305220727906 -0.679929038743126 -4.32409023133847 -7.91332312677538 -2.96994871663921 -3.56597523589263
-2.44838747319713 10.5288540896659 -3.02356431136656 5.48456009908431 6.33399997633437 0.0621742255270763 -9.13058588647375 2.34913073859399 -3.51347027346709 6.48944196785882
0.106314972477968 2.56927085823051 1.77621504222629 9.74930788140161 -8.6998162403582 2.66286512572055 3.71336894876551 3.97175973767471 0.433474836545033 1.57833976995479
-0.69504462450233 0.400273669384174 4.2341135752413 4.72377054557974 1.29430385058829 0.819643137809888 3.92584317421213 2.74463124079717 4.52079600804676 2.04241841611338
-1.97706328039503 1.87052470674959 4.93345547094836 8.11743469780719 -6.52315524845482 3.07840062337958 3.00219463955548 -1.92351281168373 0.467530626408615 -5.44056963084517
-2.56905040137543 -1.46514080101583 2.14674363377614 5.99146442314835 -3.1030333018586 0.0463064761855407 -6.08494388439038 -0.779615985017464 2.19606836230816 0.357197615802882
-1.19756249135926 0.677838053352765 2.06198186412389 0.951741188002829 -3.17133474497953 -0.163651277156189 -4.41788647454962 -6.27807831115474 -0.350354120400772 0.825788669942648
-1.58089115908242 -0.830549155052847 2.37421627066051 4.2393845130242 1.71191728314719 0.674979673464483 1.70596397195588 0.689694880811842 6.2318885225742 2.8367692182387
-9.42526672624489 -0.928716473764768 4.5415530013505 2.86320970705017 -0.139476043131551 -3.20826950821063 3.2651588567525 4.65452341047038 6.61846023272239 1.86525633227053
-0.727757218527279 0.848047052579728 0.262064476694055 -0.545254390205005 -3.90746047110699 2.08396703964937 2.03786629908409 -0.12042913545172 -0.938698112464566 -1.5122676501698
2.86542049521697 0.799784118325977 1.52056415885007 -0.477826446621528 5.42489740971825 -1.72105243141174 -1.60599901926075 -0.454288613078576 2.82529812853781 -3.14638870016248
1.74520735685677 4.4921219774111 2.84772911105797 11.4810509125992 -11.1261721152028 -0.727102528458111 1.67009551297303 4.21074391130359 -2.83080521437507 -0.401774483013996
1.21199865652887 -2.67697395045996 1.29069186287959 3.15474430143289 3.73827110182869 -0.617958959165808 -0.239504077497562 4.28238913326016 2.42856600757703 1.44769259871018
1.54573221437728 -2.82320735697434 -3.75158850236757 -4.23069948173635 4.46021219306748 -2.38977645554141 -5.26203082668134 -3.25728141775544 -0.701415577794195 -4.73464402263629
-9.34310982844977 4.70189017254879 5.81853008562115 7.02405179649236 -0.270676588979631 1.15204164451841 1.00708338762755 -2.15308826315829 4.14624590239517 1.86054967960203
-3.14304507579291 2.35987322755878 2.49752627504974 1.30601311902293 -6.72315993429337 8.77158086610612 3.48582661868481 0.619392459213492 1.89706045204182 1.33139926460929
-14.5766479110016 -1.43878014348547 -1.54813299397948 3.04998214623454 -0.120133348445665 0.341797971296864 1.21040007148257 1.70580082814723 -2.30775796268072 0.472987644314529
-1.55058997741038 -0.803143250770275 5.37278370808719 3.63066457327424 -10.0659824934868 -0.166010729860081 1.06498330253826 3.46309090774606 -0.510342902315687 -3.8712907534844
-0.130836127750683 0.0526290678776939 -2.29212363342878 -2.9532242104931 -3.28709607941437 -1.94461539421522 -3.43248271238062 -4.40237078674244 4.12962906712121 -4.71156211795967
2.05491130590811 2.97036848861355 0.755671185770351 4.58753536937598 2.09269774531909 1.62042246069644 4.39278083691969 3.6049193521546 5.14927076044648 4.81831965206204
-8.58999489338213 -0.998846769123195 -1.35812792780772 3.87101833292298 2.09856521692567 0.856699336270715 -1.05562717423057 -0.287009646473513 2.29647782529135 -0.847848157184063
-2.10858407873354 3.80408635058298 6.83941742955508 1.86789263797512 2.31412000108291 -5.09945879326966 -3.57050671710239 1.84655439219225 1.45924057459204 6.0918276057391
-1.03863932263032 4.54225221669485 2.1077428425395 3.97021437540924 -8.17234567318089 -4.32552486292562 2.49585252120003 1.26990042747489 0.745959127990127 0.10716671398439
-4.17979929100143 -2.61156193644519 3.82926362874653 11.3022472955398 -10.9985793885783 3.09348698400538 5.34674977830138 0.600693747004622 -3.49421286398227 1.59545820334018
-0.229965446973303 4.57525577276072 -5.36112194667854 5.65632764716409 -0.426616433815058 -1.94400320856444 -7.1774538233688 -1.35488145098378 0.14265514280763 3.25109208979239
-4.58906786741295 2.58102223667071 -1.82451612537688 6.45056838865932 1.65724049050081 -0.794371902569646 2.24458339605144 -1.81027872504185 -1.2191586332458 3.38688344054828
1.16294207550528 0.283303462258748 -2.36284301127624 6.66932182852688 -8.73902876785283 0.253115798474558 0.69389004017953 1.58929729958766 2.91781956712215 -2.69187780194909
-1.61265681345898 0.341736773847239 2.17021756404633 4.17689091388854 1.05008271403931 3.06982110195455 -0.341014596137759 -5.40722040278444 0.341640943420035 1.26683921186874
-4.08078161386135 2.78638157321738 0.186724210046795 6.59603574048021 3.40692371595717 1.34185209458102 1.60745074883412 -2.24378356428364 -2.85045582217313 2.34910867178631
-0.235896953256126 -1.0962024829393 0.112238182794428 -3.84513452959747 4.22856797641446 -2.57330152563041 -5.55984585955819 0.135879968398925 0.29797284234407 -2.49956379576861
6.50693792869192 -0.745504114926407 -4.30919378342249 5.437256471278 1.77599786073752 1.90778165325635 6.11288578909974 1.52181424119684 3.30222297354085 2.90934030005995
-0.0231959905720263 4.81595993921723 -6.55139269294109 11.1464943481159 2.16052378843079 -4.29423593937121 -9.66568478989323 0.534677932726733 -1.42005658080225 6.12750302053575
-4.46399370838916 -0.828960999620395 -2.35420936372101 -0.0105138477758413 -2.84620006726076 0.042166701784999 -6.44697164912028 -1.59475554882332 -2.8662091824655 1.09908804918492
-2.57290496741329 -0.129944876613473 2.3482658888965 0.589005562142931 -5.40668733734276 -1.2054971111036 2.31021954218009 -1.38906945798251 0.485199672761131 0.211109293165358
-2.9200972599702 3.92180087262303 -7.62933175510163 6.04635130843825 4.15729211372935 1.2737787638814 -8.04191357463818 2.6498466286761 1.27695081365715 -0.863368417010846
-2.2671918186959 -3.20880221022055 4.92401438387808 2.02861841059309 -0.367985404245321 -0.341284439658268 -2.73003425826947 -1.97501391643165 3.66607291148731 -1.75161041148785
-1.55284955415921 1.36215594022327 0.629512081183904 1.57903631869988 3.84329102386439 4.26657814409187 4.85096366962694 2.49259934544962 1.86426830009192 1.60333106362917
-6.29894753745437 0.661466807025427 -0.860094148038755 3.9241598558032 1.5426088388958 0.823142821248868 -1.6679597695723 1.68691234937385 -0.185813567188129 1.00162352491477
-1.86522915595387 -2.29701634120237 1.99232976607325 7.4923266650606 4.64032797916745 1.70132198329143 -7.07540540504188 -2.57511428564085 0.0545047538404388 -1.14292885365528
0.54687643705667 -1.80171788688505 0.286494085874793 4.11717457534805 -0.503545616890329 -0.869355432079303 8.75652987196446 1.35750619548421 3.05981660134443 1.24338082460845
7.75604463609742 -2.66531646984512 4.34930471055702 2.2851350724035 6.83522720030521 2.32055005912915 -2.66708195878542 3.73720876879823 1.11414027473606 2.41029768329648
1.50295758279358 -1.03330330405314 -0.551415786419216 3.72122582369899 3.5830292158976 3.18543443917176 1.89627796911584 1.49526631150774 0.335586138988378 3.35624026403424
-9.67612578984006 -1.16383180875861 3.82696313199387 3.30131534749146 1.21755010983211 2.84201088691277 1.38592600805151 -2.282931225025 4.54702276864339 0.82730607563003
-1.15922194385004 -2.3223167185533 5.41641867840074 5.74743837615392 2.80845349335034 0.847677498499848 -5.46791884402846 8.57101700601286 5.91127791615087 0.599850400428702
-1.89332912460145 -2.39471627110065 1.61895188148237 -0.55184022017062 -2.27527080468775 -0.384243101665139 -2.76341190764703 -10.3579430099079 0.644249649452958 -4.62299135029586
-0.776246880583433 -2.51714489290936 -3.56403615335138 8.49033818528758 -1.15260111938756 -1.50875073301954 -4.31262241220179 1.18990322451001 0.131061368275745 4.74528533330956
0.438939470337863 3.39425250577038 0.624355785841542 2.0324896143987 3.22891063963516 1.35101491633353 6.53479223874442 3.88703624752467 9.62917732181648 2.77057486997127
-2.48942253457556 1.88007321081867 -6.47654087889302 4.76077989663191 -0.610872437358837 -3.37350511180423 -7.42131215435853 3.58036188939577 -2.46413935688409 6.87098556415625
-2.5993768356914 -4.81761607072909 -2.07103638315276 -2.47986627310014 -1.7791258729663 -1.56062230247954 -2.84227928772665 -2.28752698273077 -4.18974058606654 -4.76710494115199
1.9216677873087 4.87876502473859 2.12108372728357 -1.91752879329589 6.57707468296183 2.03315806363612 1.86667200940449 3.18124919304501 1.46707437859451 2.78058738273361
2.52932551573323 0.473781781461459 0.408364874037663 4.2962603864044 5.21004032082351 4.36725651226848 2.25567386704569 2.47713213239903 1.40517843540122 4.5936593167116
-2.65043814745687 -1.53305730573842 -8.00889350216845 4.05025966683687 -3.33109643844594 5.99901982531559 -5.43588756496119 -0.228830013010197 3.41066311187609 -2.48926713808175
-0.164077308912724 3.63971036152052 0.793295474177758 6.09910416783506 -8.16700233637392 0.997644017472302 4.84318024546873 -1.15440998695546 1.62592518349137 0.93983090520896
-0.323403489648751 3.38729827960369 -0.889164425732083 11.7481286726134 -11.181822204188 -6.08967056641528 4.75513353221587 1.1980021090155 -1.46046585060364 1.00010835505728
-1.18393499624114 4.83515954813463 1.57518517172201 3.81423792450639 0.367632650414987 1.56851802665742 -2.10359613692842 0.51082700935762 1.44570753616197 1.08806691603373
-1.31627918962723 -3.92723543424316 -0.580756509945461 8.88338089791533 2.64188471609321 -0.542977057474122 -5.33974146616868 2.75809251934355 -0.283024397593102 6.87226410507401
-0.333746015046808 -5.11622773714874 -1.59203943996961 -3.7005339236393 -6.05321595008053 -0.0591592026247845 -0.450936219059323 -3.70480190456429 1.92841516999783 -0.867520269366825
-8.86345494073769 -0.909983553970904 1.27733610153812 1.24894428865078 2.23537204607728 2.46467734004383 2.01888930252024 1.79826454406168 -0.912974144710809 2.75601010110962
-2.80923265888657 3.37915121638673 -1.66206539137727 -4.08871981956567 -8.60110032825914 1.69377669250357 0.0811497661209506 -1.27305687646383 -2.16515341792204 5.86673366082378
-5.36781841341855 3.1117069008554 0.670268094935965 2.48581064623509 -3.03718677743238 0.874143922805894 -1.35903452046872 -3.82884780408743 -1.85633385773619 -1.51906804344728
-1.03400002145362 -0.322631397782162 0.522607054837545 3.19787560452054 -3.36141410740577 2.17743158046243 4.12901748188297 -2.04248976316989 -0.645408210454844 2.37482899588806
-7.93107237862625 -0.270985535756905 -2.00128291222219 3.15475008278976 2.95548399185281 2.58528963710699 2.58473908781439 3.08353218068796 1.41105706275394 2.35079004373919
-1.18431148831938 1.07824345664411 -4.57962408408794 -2.71604559714192 0.357531752141025 0.372561153012755 2.02768352021969 0.627524849597026 0.807743421563025 1.55971095674146
-3.53741329138736 3.29341045740873 4.05294955751124 8.01674409461993 1.94124712018459 -4.69616215783297 -7.58466165346842 -0.681470421086864 -0.503974709661767 2.31155404346861
-1.34363376453122 1.67454783860002 -0.135226384004546 -1.69268961123155 -2.39774331950863 -3.84032934515924 -4.49571012883286 -1.21553995154254 -5.57910459712597 -1.19563271797435
-5.19730979996991 2.33088751838726 0.653424470170598 5.38305161997516 -9.13948838009991 -3.60895130107704 1.25053914792277 7.24450366110329 0.453414367727158 -2.25995330217133
-6.79684305216941 -7.54934957074003 -4.96201096093158 0.517871424117267 -0.16255100991572 3.59334457480198 -8.29482995204915 3.22812376533045 -1.82295684658578 0.0920671621127225
3.42173839634399 3.44773106122245 0.124305282300497 1.20656677946414 0.47909425928871 1.86241568052663 5.0201792149669 1.65397259009984 0.566617925760953 2.63290720075348
-5.72131705850518 4.16967871085625 -0.141306777411439 4.23310180214689 0.553541882348111 1.36496361799404 4.07635743554727 1.42248974028407 -3.1897177940736 3.85934996851763
-0.0542800154270473 1.04279883421088 -1.40147826354255 7.33907742519494 -7.38592919707064 5.59600163302093 3.57317105427398 2.82649552259551 1.40407239067724 1.67595428393575
-2.04041866822474 -10.16223781916 -4.9871729245307 7.92741377788583 -5.73205282429417 0.911632990143665 -2.576800850218 2.41168382745091 -0.386245522720014 4.1806518474158
-7.03643228990253 -0.888891462078371 -0.581696466933274 -0.764482646843587 -4.39939722897109 -0.826565356813867 -5.45371022051894 -5.50859982452119 -4.9162750680569 -1.97135657784949
1.14648413942115 2.20757081132654 0.0133214973532442 -0.161958327005093 0.755668182526326 1.09845056099138 5.64488367181221 5.91753225123201 3.88318360834426 1.0851681527113
-4.15406373253833 -0.819464726057043 3.88806303308465 12.6750885283239 -6.54968097217102 -1.91836925265698 3.20742300694282 3.20534385917771 -0.589359050257944 5.22608339414453
-6.1178752183835 0.0596157005550556 -1.23603077969052 2.65425210734928 -0.941332100501848 -0.64138366786685 2.4693276748189 0.917816739750438 0.361567895543543 1.61207901828816
1.09175242892639 -2.05840687726763 5.73238059841764 1.06313618984651 -0.965971240806509 2.68940381357618 0.31571543047008 1.78429663713993 -1.60658923642075 1.80520467532918
1.01161361985341 -2.08869251076089 0.663604005451315 -6.61319131754588 -6.78305255044372 0.00301629442303375 0.927477277448061 -0.233251271066031 -6.11156882739127 -5.23978014038515
-1.40312498154651 -3.19272539415417 -2.2120167442549 -3.14432691868107 -6.01605990901179 2.21856232692362 -6.23585164489807 -0.331750703268136 -4.12874433002005 1.86208954787093
2.66642313169231 3.65136956234134 0.681335824188197 0.727631192193933 1.48462036232854 2.73638378430758 2.63555961072824 3.73598116269188 -1.17402545596906 1.15576617162383
-4.52857565945013 3.05558195195213 1.09681611137466 2.02001352654224 -5.38304666377498 2.91192917945577 4.35484207713185 5.40334740491138 2.61056667290519 2.62493923511042
-0.698540755481635 5.8463622357063 -2.11663126918938 7.63520844041832 1.30087478822639 -2.18079104597723 -8.1552488719634 3.78931886537281 4.96868828660119 1.57375559000722
