x1 x2 x3 x4 x5 x6 x7 x8 x9 x10 x11 x12 x13 x14 x15 x16 x17 x18 x19 x20
5.18979622204545 -1.50010621791741 5.57519846044221 -0.691681038941207 1.22761288480151 2.00026086931247 4.65493717451314 5.39452432665042 3.08116493868995 2.09589781501997 9.338420097431 -5.88627081148617 4.64650354303272 -0.701802873166267 3.58352090300211 2.07836735558801 -5.4107820712021 1.55060920804104 11.3288422125153 3.90505395262407
8.52034286853614 -1.60587922249721 -4.49146256514638 -2.66080211576605 1.24717324915349 -14.8691431817301 17.3483442718267 -9.00292687910481 -1.44163986487886 -2.17053295768639 -1.52602816809799 -4.52838926194378 8.07793769138147 4.91747898440755 0.656579929240086 7.45632111881517 -2.36421551354556 7.89029681556857 -9.00426996557263 -0.767816654165616
-3.43688611715946 2.75737966449672 3.50302614369477 -2.91253367067402 -0.589060432444064 1.04968195923931 11.7416466161024 9.07198250478931 4.66499843297857 -0.745908737931207 6.8207938813273 -5.07583551308057 -1.2810813323281 -2.45788447194348 -4.13555722399871 -1.62289168439736 -2.07130811761127 1.73762745906322 -5.28207843712063 5.62974194470049
9.28691013990008 0.0919856360110402 -2.12644425996629 4.34127913922713 -0.28954582917898 -13.4247876411186 -4.9174108137704 10.7776585313216 -2.88080732750518 0.381002367960114 3.21734991243972 -2.12498791133882 0.129201884140016 4.45980090377854 -0.389227742985644 1.86383806653719 -0.954954359565193 2.2014212409095 -0.465751164040658 -0.47272991899771
3.84932432806931 -2.78080594369721 -5.09189260984203 -2.96326434435367 -4.57257315375125 2.26737529943165 18.8651266354996 -0.768680832257296 -4.38104943116363 0.730914898048253 8.62742771089649 4.85622420135377 2.05334774887393 -1.46623397805547 0.0274574543518198 -4.07411582159188 -4.5621986855494 2.13701233830507 -3.32267253933559 -8.0201068027859
8.16265288454978 0.926646894701968 -8.3886040863083 0.192826159783355 -5.71859399599782 -2.30393744368917 5.72783559182812 -7.56196123471763 -4.55283016394728 1.48189860648547 -2.19223451590291 4.14426493336889 5.43393179114065 -1.19937918319724 0.396415267800083 0.317804825391989 1.41961048224606 1.32365873957381 17.618797906915 -5.07295760799446
7.9663975912834 -4.91114500522524 -7.2608883193893 -2.85345562943343 -3.27774917968228 2.55324397626588 -1.40970755936154 8.64566170323511 1.02268617913264 -0.433693660346866 7.59861804121082 5.94758449316351 -1.70301450190666 7.79785710814455 -1.59572150643436 -0.91298691578113 5.152318742568 3.20672894799056 7.5202748921804 -4.32052021627115
-0.481695795730771 -6.66398130401766 -5.54418868968612 -2.31718506631905 -6.73389892740773 0.381095496862857 2.86963826602752 10.7922824776206 -0.817780243077316 1.18227652526196 3.55339586358017 2.50006157858873 9.25768393670185 4.84458526816568 -2.54461808925032 -2.24380462168333 -2.8109005745781 2.40105285904213 -4.20526658358053 -6.77503517452223
2.72702074902699 -3.1566786586343 -6.20558459114801 3.89029563409183 1.34408749356574 -5.18545183696373 -0.363173754744737 -2.79556904663409 -1.64234140163626 -1.84263152948533 1.97538964232221 -0.590276379278246 -6.57032076399389 0.821195195109065 -2.0816334944776 -0.208468382330578 -1.5026307680562 -0.57101036345939 4.88924931366824 -8.15420844947013
1.59197123339427 1.46771226144375 10.5614723084575 4.76172079962567 0.633237346928564 -0.0339147074787126 0.560650423241856 8.58507089194486 1.85008312230438 2.19085281131816 1.3609173223643 11.2860646807874 6.03850033850444 -2.39163592983436 0.408154892577793 2.15411405447394 -2.24768070982955 7.93630332522602 -8.39032070238174 2.58649750730291
6.83993229114464 1.3009155692885 6.16151275767815 0.801412353698169 1.71900277542865 0.160546388096561 3.29116521776345 -0.476976404426292 2.94496465058413 2.2296454384109 6.96030589401463 3.28340999035184 3.66539909116451 -2.21910124043459 2.02273471526745 5.15380277926886 1.65664434892273 4.62204242460702 -6.52315893850493 6.3336133027448
3.2605030299975 2.47536092357168 -0.668366582933317 -4.00354415595174 -2.20587042811217 -18.5223366233892 -0.748103405007251 6.37111535150356 -2.02817101000933 0.839528470703549 3.96255113878006 3.44326621474434 8.12538581236943 -1.81992925751052 1.72111324253261 2.74617539426143 8.7770567512241 -2.12228823916204 -13.8334346643551 -2.55019842255997
0.166331424715696 -1.12885939549545 -10.5198594887279 -0.339097255140006 -2.48665867941891 -2.64538912689991 -0.0888670757054131 10.3610008263734 -2.56618119002008 -1.40396906194064 -2.73969217800683 -0.0352123165396918 3.47401917756155 1.57004767484734 -1.21557136205738 0.396355472634942 11.6951796115923 0.0275977795178011 5.04699055947375 -4.69512830477446
-0.835858299381543 -2.33458761286215 -0.213694839432349 2.57649684480795 2.03458792239002 -15.6978625246956 12.537092322964 9.92721230672631 -0.751677678613339 -2.06198026146713 2.70980636202433 -4.12544202708762 -2.32038127472276 -0.369636210580346 1.65285724948579 2.46303342537493 -0.946338677695273 -4.45810337411877 1.8522410960215 -0.384539393602982
-0.569626313919104 4.67414127349624 1.01771474435316 -1.70383268987975 2.11470878799454 -16.6256794722711 1.69375054619811 -4.07766367011601 -0.206160057782943 7.94543567158111 4.72637035714273 1.25606116590835 13.1960887034653 -4.62572715776249 0.764724599983374 1.5134447604135 2.46146632951705 -3.24091123118086 -1.3670038653553 -0.95746680578511
1.51370149766143 2.57778126611661 7.16310715295982 2.30832884918877 4.95234768528807 -0.204619695217696 2.85709654704355 9.50343408570086 -0.0596674477191004 1.74043650816628 7.7455969124958 4.62819894436217 -1.29654943151366 -0.549851112940791 7.19757363273991 0.55687770237828 -4.69447893122049 -1.45897734848927 -0.624453886621887 5.58372787488616
5.76258641869362 4.34964097118391 4.76103728858861 4.73303383763737 2.82130207060629 -0.224617348682893 7.56837884428573 1.85441058970087 -0.417453761973168 1.62406340698669 6.37173159801232 -0.99860727641259 -2.26169036418219 6.71811304675829 -1.9460641121502 -2.1891197630359 -1.27452807466163 2.70182648736637 -4.59140878820025 9.13116542290553
3.2770442053792 -0.209250501511583 -0.331386920035012 -1.4739407204254 -1.93613110890714 -16.3448466658236 9.23542491571943 14.3853979707721 -0.680403744786014 -1.04537962527308 5.24065509394111 7.04353824395834 4.4118033053143 7.71487194141815 -1.07221125720891 -2.66586182019566 -0.272122902824564 0.939870699903471 -5.40924042509649 -3.89634937618127
0.766812360392227 -2.85402590495244 -4.778355633206 -5.35284663551145 3.43320878640995 1.54994766378728 7.52835900304945 -0.851088980219636 -3.45878454645773 -1.09595374023343 10.1092227750789 5.8169563630201 5.38445992372271 10.6770159817433 -0.301659529626091 -4.45402514883804 10.8071454589558 7.85728802620196 -7.60021895643481 -6.31789499615883
-0.736872367499743 -6.21355592907235 -4.2834462875104 -6.06772011789929 -5.34306928303167 -3.70325225037521 10.041208735459 2.56099843255409 -1.73247453991684 0.339885677824804 0.988973910431795 0.408529000455045 5.00080784842116 6.82932523100484 -1.63113602381194 -4.35300017916268 -12.4088743835467 4.60373360471642 3.27679426042003 -1.85373232069843
1.59427186494753 1.71818982208822 2.89021309717992 3.68762102035407 7.00779209172401 1.48998964196129 9.73895756945601 2.65245019301139 6.96144200683056 1.05881400219686 4.13101721442744 -0.222299477462524 2.89351226159714 -3.2143994693339 3.60899852098598 6.14199806382799 -2.31148624992405 -5.44276906125669 -0.735422121530485 -3.12031254145076
0.297459381883996 1.10484138271136 -2.94495663761809 -1.50039984574898 -2.74752198544931 -16.3363950629857 16.0857415836073 5.31346837278684 -2.357512325734 -0.866038600744167 4.22227894325585 -2.29526484458169 -3.55149513212281 -0.523107243056937 3.44441408847456 -0.0708540236214906 7.79938222587391 -8.03707487682323 5.39317197907997 -2.41471270128956
11.9293036367665 -0.0910093611221585 1.11322808792548 1.04525198685493 1.29541239198675 1.61982876922009 -2.59392899785307 5.0451103876279 -0.317973098305422 3.00122600028665 6.14509764420744 1.05209026511332 1.88514368192221 -4.10549240409851 -1.62046618843168 1.95756621452095 4.16658384351063 8.19537074941657 -1.36683807726092 10.7007087247616
-0.208114656798394 -6.27502337026014 -9.03133633391228 -3.8600677192782 -5.64178959264505 -2.70813200533927 12.6186070361815 18.364582412163 -1.28191360943945 2.85410645075958 9.38601518502384 4.68746176485611 0.658249625770847 -5.65848197996346 -2.74056013785445 -3.02599013313291 0.105374355103557 2.37514800203068 -7.02499874490111 -4.12952410503102
11.2491714619862 -2.26430812721412 -5.26550604293772 -4.73236018673988 1.18067704036726 1.48757572733452 4.69361873531583 10.6983195678429 -4.8058690427278 -0.137771594375153 3.87017173079778 4.75889254581979 1.38710405853582 3.48894620510527 -1.55849220415424 -3.57515415059974 2.87352398206413 2.91131517104445 -2.88526440991607 -4.30762043349047
-6.43206945033764 4.04509941745568 -0.550673463772261 -0.30437635445466 0.289642445878273 -15.7805560687491 5.76373085253188 17.7086926400978 0.40279558791921 -3.55007194610502 0.664049503034617 2.74176280154091 6.10666259326528 7.76863169503242 0.19721793293589 0.230903260202247 -0.630312510091203 2.2550350970146 -7.06468857348183 0.00259737970249257
8.80745207093408 -4.23645428075382 -10.2300535315067 0.577663349061544 -4.71837742063378 -3.16946355729842 2.47063053967164 15.488779945221 -2.47613656091572 -3.63870628653232 3.41118098040075 2.59681015285492 1.67573097840924 2.46768164713932 -1.54428238474093 -2.66359379588533 -0.421160707185757 0.906184510017811 -5.66508013997916 -3.60396804703885
5.6196388701333 -0.602451453709774 -0.707522591426602 0.937773135325881 -1.97308013044427 -15.7832164180809 -5.28353610669061 -2.90100787245381 -1.98331930751955 -2.59075367081626 -2.86036498206623 -2.23148608148124 5.6554543827357 3.68664494777498 0.131191264018132 -3.74421840857753 -6.82501267364885 3.73554089143667 0.580769394203911 -1.65839705187181
1.02280767493521 -4.89346628271068 -2.34924931333276 -1.61175928691618 -2.1829639734604 0.837701309468067 10.0759044238735 0.419758452519093 -3.27124856384197 0.788683647716362 4.80910974787463 -2.58521360020832 -2.31721325003466 -6.79670728431725 -1.10335292086866 -0.774725053001616 6.14026121851656 0.0998523917796577 2.83453154736091 -2.75481955494272
10.9360409352716 0.346534847705176 7.28286570233139 -1.39498824113522 2.98734361286995 0.678986351575067 14.2223382271688 -4.90426517021777 0.984934061593966 2.37647023492145 14.2535531915745 4.22028885118804 2.63686213860665 0.994295811436044 0.679111101957554 1.3623608722338 5.71722954027483 5.11340274574612 5.04865652709537 7.80741700140556
2.54565823017509 -1.96733540943065 -4.57815907892687 -2.32472402791568 -4.07840878200801 -0.538343022961241 9.39294241809752 20.934518029959 -1.54863529457744 -1.00907422526261 -2.63637377664399 -1.41536168340062 7.43739631061756 -6.34313691011175 0.116200201248035 -4.84304166434664 -4.11215396979467 0.191240246411101 -0.365991033715601 -4.22159765264123
6.28338713563834 5.50117023230807 9.87049162273249 3.14553845118631 -0.850817045539325 -1.0114578859485 5.17834706019911 14.2231049854709 1.18715683056235 2.08665689283354 4.50459270436153 0.534496630211107 7.3119535038984 4.37904737480104 -0.76430269692136 3.10043026744872 -3.3529081378334 5.18346260803326 -17.2866578611969 5.60883417856302
3.51557876589362 3.77066103235886 1.08297850366013 -3.07033063185833 -0.71068731621879 1.84794381770142 9.74804270597425 5.2563135762955 2.79797984713945 1.78083863229519 2.15364788076556 0.0612885766650597 3.31993041141037 -6.57481454263817 2.90207211812609 -2.30465559565918 2.36470825288398 5.80888933493382 -5.8161034564672 3.32579795166186
-8.07560391511967 3.95064599164766 5.44358962378203 -1.70216793747977 -2.2091188753359 -10.6943864100652 10.8439569709602 -0.187503967855438 3.78917834395688 -3.61616983106665 -7.20902792539232 0.132556905201167 5.21870376815532 4.56866072743339 0.0697179889818262 -3.64242559827732 -0.84275139474342 -0.455918196955899 2.99572781344265 2.98055121372555
5.86437955755453 -1.01256663527503 -6.06940136667355 -4.77989329983395 3.33642506029922 3.15259121580285 1.48705482791147 4.91233560370225 -4.59832661382676 2.79235543068937 3.44008559146997 2.37604358414062 7.8758721192169 15.3368856586856 -2.95964313470657 -1.52024622885784 -3.96763940513226 -8.89806176317314 -0.921707932014899 -6.66902087022979
4.6920124343762 0.528762030327197 8.96315258141496 2.55938560150797 -1.84055433966941 0.620736465678234 6.90940261024554 1.80934949694761 1.04822463903461 2.56593753574405 -3.43176532437193 0.814479855561203 7.9501702422578 1.04772533238124 2.22137153723686 2.2520227651296 1.7797639425794 12.5147687890807 4.15270999686899 5.28237674762904
1.06001790701659 0.985655923851187 3.26784094063989 -2.10019720871478 0.459346171843698 -19.2298779193669 0.922693128674333 -9.95895085363596 -2.09205043517779 1.16237349594371 1.38811391778147 3.81135191617096 6.8286373681486 5.21583501630608 1.20686841011324 -0.164427465173511 6.95010160426036 2.63168211800149 -0.0690321084501571 0.456668304769822
9.72704503617679 -0.654121909473886 5.17664312056732 2.87947641766124 4.31488087312301 0.957594516195721 7.23090852513321 -3.96088375539152 -0.365417929597313 1.46968164187738 -6.04898165919112 0.183712959311719 3.10313415616346 0.993607403528928 6.18443304489798 2.70275402423063 -2.56535377111245 3.64358007763192 -0.339805528309516 4.32879382613775
5.14915954158606 -1.83682775792352 5.80244806629338 1.55886731893125 3.98547911594312 -0.150398252210099 7.22885103264478 -0.404054354011197 -1.71802278764396 -0.730457663881433 7.13648800206261 10.3126033443897 2.2480260923789 -3.88501230544625 -0.748013248880472 0.409460326731567 1.34536427940054 -2.09942494029924 -1.88329366184727 9.77492439717627
3.53990485649479 -4.12191678481501 -3.64193365636773 -0.838282271660554 -0.385667621118759 0.00637726100608799 1.73712882473109 4.92813536062448 -2.32225852784838 -1.4500994195104 4.69994680570704 -2.82999383793324 -5.88555433370642 4.47176502095671 -1.56710211370884 -2.0217361172802 4.31227075999663 -0.741302657428613 -1.59231355421003 -4.38516041499547
13.1473922872925 1.1344907687178 -2.42218342607177 2.19149183482541 1.21790217140638 -13.0445947101668 -4.72216606040461 10.6311612025301 1.52269987449792 5.22456824741366 -6.69064377854807 5.6801620586792 0.759262813304559 0.122460941774368 0.803556855089851 2.92717065375274 -5.00934677604685 -7.12426008721413 3.09496809946337 2.03105828583455
-6.97231396173538 -8.71297101633146 -4.69073151208228 -3.74387282558376 -5.36276675868498 0.177208013143357 8.4392858418461 17.8743377054259 -1.22673731442335 -0.0505275530998079 -3.01249433429674 3.54697992149687 1.66450641943065 0.568984471236896 -1.36773758611109 3.78838242979151 6.0060218032515 -7.57753740656773 -0.121996628014603 -5.42901511060548
6.67975141255687 6.03122074324997 1.97663609256372 3.5580533158402 1.3546515630366 -0.707691839986139 -6.3900363421284 -3.18512099650014 -0.00247991294452299 0.705218990950077 -1.04317562139279 1.07037093199028 6.18197079382525 -5.70792268096314 1.44280064830572 -2.65491540536901 1.37072514115454 3.14864109594559 -2.28333687234674 3.61032171453556
7.28076869989702 -3.90559418546475 -7.1529660525911 -2.74387322920457 -1.49135388227632 -0.203965716002745 15.475569333685 0.550454540254495 -8.71738717673364 -5.22590100409649 0.606745993087703 1.90330245182112 -0.695767671502638 9.92581650450461 -0.857569482532126 -3.87076396558842 6.24686400093023 3.23569700882972 -4.47239778975288 -6.60132337399915
2.39666596877635 2.11137359838562 4.72672477438936 2.7943906811669 3.32321332081953 1.11317030263151 0.993820842980451 2.58958374908979 1.44914696365734 0.61475868375153 4.48109963957871 3.60779826222545 0.564484827952314 1.90438332190218 -0.482535015038219 1.8479363032541 2.55221050021028 -3.87132457496818 10.8480949828233 5.51205384945886
-1.12788700800409 -2.83799067415343 -8.82051292468974 -5.12743769090905 -3.76206367274611 -2.82468120787666 1.39319891494789 -15.3846334584761 -4.53553266591185 -1.21387510604253 0.893817415424026 4.92476069656675 -1.5605627667762 1.2444653119204 -2.19773942174031 -3.32513326224099 0.229703967008437 1.64749474854661 -2.04222376275131 -12.305978930667
4.26103485881978 3.97198984447094 6.58320690228567 2.32434716041262 3.45064144942132 0.0673582869972927 7.78895648303003 -5.97383389503899 2.36544919077012 1.50422360411989 7.01291359227336 -3.24532186432012 5.94759113377686 4.9909653295168 -0.207422149132632 1.39884898525523 -6.7696065171377 4.70933533919964 7.89872689725012 3.12463754848586
6.02437481650423 4.52860376681726 7.86339786497431 4.86528383034849 4.78606915750992 0.452357365888785 -4.78623499428209 3.96569809582995 1.80199082537532 1.44235374189719 7.60014072461282 9.17414454967969 2.71803061825086 -1.18211435711812 -0.99411119615246 5.12919272133886 -4.54102481317303 0.395403612729857 9.1229015232852 3.14321698454555
1.16449034272005 0.984370228541603 1.10954174446723 0.353556016378816 2.59533186877377 -11.0431310033925 3.77810276773685 7.66426969096139 1.2728911785259 -1.99159477238866 2.09171593081091 -5.04760184202815 -1.28229657772001 4.4395659204954 -0.897343008450474 1.71428933448646 -5.00739377026356 5.15435601494046 11.9315747192427 0.627074708779413
1.93398903995973 0.405770571555828 0.597335927594928 0.182346774375514 -1.76723862899854 -17.9918442566316 5.62772150905848 -2.33749973419249 1.468181697731 4.0722528934225 0.533890886983932 -2.918955962183 -0.27032039645752 0.258268647464058 -1.25020074713768 3.72291215131536 6.05558279759882 0.704465396844032 -8.26231177722135 0.0339528103309981
0.713381652810698 -3.88711799233344 -4.38586914204632 0.903978627423212 -7.40286925629162 3.56860279949221 -3.46344194941372 0.494679189810266 -0.298640262648427 -4.05664988553975 1.75495216152338 -8.67185675390779 0.876723303631479 13.9458414183687 -4.25026213029234 0.71598710004985 -1.06732840033957 7.47450998347255 1.9108391690993 -5.52788869065919
13.6519411813499 0.866134091104118 -1.21977785646075 -3.70261960633634 -2.49597709591649 -1.10418461165244 11.0209069283863 1.34043723642975 -3.74946392215214 1.87700034185911 4.4753713799186 -7.51433754395134 2.7611669424914 14.1537304269603 -0.713474820531934 -3.04865996147114 4.42420097122229 10.3252390008051 -14.9533672196415 -3.21251188930803
3.37172174775379 -1.49983136493242 -2.53158638321757 1.77631373198359 3.14638015204281 -14.3138607251902 -6.23469081802144 -6.02376720057206 -0.853573642024077 1.51575775720998 10.6285254311208 -1.86213077132679 -6.17199059826376 2.79099705622805 0.139327957795799 -1.42355778793754 7.53661169214135 8.96147021952395 -25.8672254178607 -1.63402133026479
5.61955507218973 3.52937061070357 -0.22135534454331 -1.13831347822254 5.58055548532676 -14.1830799067462 6.91908345011959 9.45378444245019 -0.210591484698267 -5.225491677136 3.87894019585795 -0.90354408995702 -1.97206871009771 8.13876637186889 -1.60772391614909 2.41042672030243 -5.67214756488912 12.2078096706741 -0.5923453763202 0.368246787612315
4.26998109195048 -2.65134559736794 -3.32827496373184 0.789628702683749 -6.25213470197565 -3.31708068008183 6.48829977252646 -2.58101978156144 1.19399434943132 -3.52519115020236 8.61455899444555 -1.48443045019068 9.43981316843779 12.7733795606513 -3.26074227566578 -1.30809520042077 -1.78058958598084 2.72515067058207 -10.4877771870355 -3.29095453239817
7.56999518995113 -0.101926879423031 2.00504687516347 3.01982251813492 0.026560140624196 -18.7496730881742 -2.2818300273935 9.74268889898992 2.74232507620702 5.21303874294943 -3.14003328300771 -5.67443099926157 3.43453044352549 6.51057906087835 3.74531929112979 0.668719283138584 6.43014043004474 -3.29022820259741 1.41208912955964 1.90415135575366
-4.17075794456244 -4.12354896328588 -9.71889872368601 0.319911445009107 -2.27791124704766 0.136201735458845 0.342577735916548 0.0138238692434498 5.73000849840364 -2.92462606384613 8.5116990835885 -4.59996184398179 1.29068216969865 3.82421878322533 -2.04673862104817 -1.75303079013321 2.48293159290683 7.54574742983589 -3.69803277790671 -4.87980686719227
-3.91006486508964 2.93351568545887 3.78922950349655 4.31660155997115 4.65193407240963 2.75378867337768 -12.9070326287855 4.18557783057339 4.30171205808914 2.30384808431997 10.189806558898 6.425413258819 0.537693215936404 -1.77315744444367 -1.04455243290411 2.52551537677152 -2.01884205030828 0.712791994763011 8.71731580917343 4.63593223649172
0.434140893058202 -1.92296503808436 1.347780569747 -0.297402168450567 1.47655088156694 -14.2520159471213 -4.77009927014821 -2.93984281169113 -0.598435675731785 -0.164666144641652 4.61216424832698 10.7263689869942 14.1543896863589 12.6371962018482 0.313327764716973 4.97784209567426 6.43124998544943 -1.26360436171746 3.16608556001249 -0.536262279430428
7.62448672242014 -3.32625615349185 -8.13729244619735 -6.30644798301289 -1.50899995396823 0.76359852546304 5.39480715221159 0.59528301927016 -1.14929537809599 0.716497410899361 7.47141594259899 -5.78446977189795 1.30444442023411 0.0972152727153275 -1.55399617667319 -1.78383626814635 4.31216071452736 5.76180774519937 -2.79054218947013 -3.31300376538109
1.76324194065044 -2.84381207106574 -8.58827624015968 -4.20790662639608 1.81832464427935 1.03974704706098 9.67817131156499 -14.7585951075232 -2.19881488695042 4.22587691919163 0.834150199544641 6.56201089448325 3.52729367260906 4.61758634125212 -2.00939238170741 -2.35118959378968 -1.53139502368554 0.457399350986716 -5.24174557508075 -4.61361551338019
10.0147839535421 9.01798579051907 1.4712536290831 3.31590241923045 3.13788003363217 2.15796728837264 7.56784734795147 -6.08513123662333 0.240266333200861 3.24541069945587 -3.32973251120105 2.8862635196156 5.07853287498091 3.03798071988472 -0.504720880862637 3.68188768850445 -2.20631087451381 0.753967731355376 -9.7603358526145 5.33911183521696
6.99515355899639 2.23501324838233 2.42716915800095 2.21026701419542 2.65072195163967 -0.812629702737346 2.43046278621855 -3.33584034333485 -0.0225572863795462 3.4457922129287 1.86621333749614 -5.84539393537352 8.91984308133076 5.03785748385768 5.72619367646275 5.41675584514705 10.5549624367807 0.434844834654051 11.8716436794395 10.8830431865965
5.63811705202836 -2.35621245887912 -4.84051595514731 -1.86270952540121 -1.55383877501748 0.740792093463047 -5.1650259542925 -10.7409031647724 -3.13416469041519 -4.10301457901301 7.2866672234939 -1.20767231270931 -4.15961302768079 8.85122167467021 -0.635391243470168 -1.90537836051942 -4.29737256964755 7.67350767534897 5.07107050186645 -7.8118636196623
8.09795676466678 1.72565488684351 5.7501793043357 1.53742327086025 5.76618097731166 -1.41328241477318 5.72774539925477 -8.03248075883921 3.55110267870625 2.13563093754153 3.16276627777089 3.01669364263042 11.1083054959137 9.47078887112649 3.42585900594245 1.17061012676081 4.52320373280906 -0.116036466911228 -5.94379419919351 3.26991432111112
0.557193783800864 0.671837186081675 4.08194826086282 1.22260653081733 6.44862240850359 0.893082744019342 -1.80315124957335 -6.59007122156801 -0.818890667499794 1.75456137335648 10.5101789354551 4.51093952726927 4.36366197866494 4.70121426290009 -4.43689029048991 0.0273146312571388 -2.84732085604173 0.470994237362151 4.27061523006638 4.30587708576862
3.12416944043086 6.43852612320398 8.34986315274 -0.340596519105186 1.86856720392068 -2.42854259885742 1.13784849776561 11.0537568016003 1.16446557401121 1.96790497763768 -0.0233967689174248 -3.7890723129513 4.55497715845482 -5.40375884479683 2.28960267723932 0.91729184399246 -0.615231962303399 4.9036476045925 5.90101835738604 6.59046268425098
-4.82894152173194 0.734305541096522 -5.99469247129442 -1.84689004205366 -3.03436399464722 -4.14387858479112 5.20705926001177 -4.25165263201018 2.75087885103098 -0.314292919563805 8.74137019842442 9.32699637846484 -2.31819725130675 -0.641341383050512 -4.11158812007302 -3.36414716673802 3.14666023541151 -3.89804193300039 0.874105105228574 -4.24205987768415
6.53801495765685 -8.60773856772473 -8.91847072845925 -0.73443562755229 -1.51481322386982 -2.84608149188762 18.485699416476 -11.6976749294374 3.08461415297676 -1.90352415754245 -3.22585155798356 4.71278251028118 3.12404788312378 -1.81550247203413 0.027031443489705 0.288153399389173 -2.70086570748936 -0.551593997681197 3.88384916158342 -4.21109044630449
0.77124295967977 1.61279776673925 7.73085185127378 -0.398834162133655 3.17619063538674 -1.74985269954783 3.24014737080307 7.04323156440809 2.40791695665319 3.61918209664527 9.15805148585632 4.04599236876797 1.60601626296957 1.22967615777708 5.41342988577859 0.038959000511126 1.31896546060592 -2.26365305287238 -4.04183530691996 9.91280721438842
-2.12207195215183 3.77050119116728 0.333684587424922 5.08731040707714 0.575719382047714 -10.7432340257832 4.32466283904199 -0.0335488531179013 2.45913065752789 -3.04580525953489 5.24477727642297 18.9806299631353 -7.64291068619273 0.580818788228057 -1.3527051577562 -0.4081218994406 -5.0271725462185 -0.194040000114932 1.82305477242537 2.06647937014062
3.39011217588507 -2.76811445356751 -4.40945535118323 2.04773562427129 -4.02529873809921 -1.31077681702181 1.92276992969142 -5.9504793822347 -2.86665597003539 -2.27015897557224 0.938737343752942 -2.57799522091965 0.288097919423252 -3.13093325308649 0.633904564914762 -2.61030998020834 10.0237567445352 -2.16054660182835 5.96443109360378 -3.94926482887001
1.56868105441704 -0.877114453831357 -1.93590427681037 -1.62015371721533 1.03147263721469 -16.2627526066867 5.52038135965481 4.57725163444556 2.45324653588864 -3.0932937428098 3.9272100233483 17.2428173299166 2.91029526211793 -4.54147767120985 1.27056274588192 0.369754652603173 -0.774852082896578 -6.52625522246098 -1.2890651198964 -1.21179344942654
5.49505888097218 5.5574450639177 5.26759355128051 1.88523518184994 3.4815444012136 3.02836947593038 4.51194052538574 5.47815727397003 2.42394613768453 1.32067084249486 4.75149626530609 5.73187466635576 1.847658533079 1.11826958601863 -5.355647221036 3.02201972006168 13.7247338232918 3.97017259023211 -3.64414839539383 2.48841485243831
-5.01989769542861 0.528399405444063 -1.87321246091819 3.29188053270447 -1.52474272631752 -16.6649027834736 11.5823417676285 -1.53983853976487 2.44238823014122 -5.87361452216707 -0.860049359166163 0.852715805850591 4.83157947324672 -1.64739240232678 -2.02657840810222 0.0885352629289534 -5.94100507976476 -9.79385709174339 7.78279221715762 1.08282826616725
-6.18621698354784 -6.64271887605315 -3.54148925572705 -0.219570031982183 -3.36082701078864 -0.368237688431768 23.3451149745444 15.8054469303523 -1.06420579531884 -1.24393436355001 4.06544574002109 -4.78553036926004 6.72503291839658 10.4007189125384 -1.49125827890732 -3.50921994893463 9.09756336448368 2.18436022012408 2.8119123773104 -5.12921941108271
7.70336014927824 -4.02930634362492 -1.00019199558473 -11.3570830611358 -3.46626222096887 -0.805054940573105 14.0205858868488 1.48475780691791 -3.37110862804801 -1.76771345195175 2.45918747053368 4.95466836301079 1.10865336132934 -2.87809895460547 -2.37915027248412 -3.61615394739548 -1.38735549776909 3.74387727064796 3.31997404377076 -3.71079021829646
-2.83094763073674 -1.16584970018012 -0.0116941265278436 -2.56652907284243 1.35234490413354 -15.2156041860812 7.86675705153847 4.776083893672 -4.77461366143482 -4.50970440370979 -1.74696634786912 -1.6094674557921 -5.05999758270996 -2.6447978552519 2.87730476813847 0.0916051692718785 4.20364438846182 -1.37949466789495 -0.609542844086622 -0.55813456718071
-1.85613822123726 3.77201438738673 0.643162595764776 2.23701651668386 0.429281184021627 -13.4368658473521 5.4512943123927 7.78593986582183 -2.11127183808282 -0.268720969193678 2.48426218529805 6.1416366183418 7.7856464827454 7.98273915871831 0.778295099307738 2.25076305518659 5.49461157749022 7.31569500437404 -4.99083553440509 0.78208123774347
3.83610863917085 -6.77521829015966 -3.77409905394296 1.78244219246943 -3.52763468608245 -0.504367837329222 -7.99882958727192 0.72377899339542 -2.56102180504516 -2.75342505501334 5.51626217372734 7.20084554818895 0.911333792748804 4.78072534948698 -1.53726435990916 -3.00957940272331 -2.46388485996604 4.63317506725463 11.3624212296654 -7.56251125304014
-0.560067548808501 2.50528391675254 3.84432454812035 2.9744067861447 6.12577296831104 0.832818035100053 3.08686497151742 4.94380792357583 0.0331448536428154 1.80344897730083 1.43302624357906 4.77767887247636 4.5452004682708 3.08564541280279 1.61564455511978 1.79151230171941 6.75878326178616 -2.72658868329824 1.52581366755356 4.25125792372458
9.29545557950149 -0.313227043943119 -2.25517199063454 -0.028976393784835 0.607181241967576 -19.6163208407273 -21.7659451291815 6.09209851112926 3.48960386317892 1.64623481488092 8.62336741819765 -4.48304807269017 6.73787863710767 8.20425787715828 0.291185156576014 1.36084259132377 3.61911257328558 6.06935804909257 7.88344735136613 -1.32948382834395
3.52097696242777 0.525783464234729 6.68996533861646 4.46307965718291 8.35827555767949 1.36524234082884 -13.1569348712068 -2.45229067911761 -0.293772435812661 2.97402835019643 0.0574259226057201 -4.91067613322851 4.74751994336741 1.02687531950494 -0.586049275984143 1.66476746973317 1.76404279585779 2.90646600320963 -14.2432351764432 1.00033069821738
0.0746707398970492 1.34350272417127 0.580801445277641 1.92383036120631 -1.81383659042663 -21.7796544327915 -9.3359946787494 0.31088693128695 0.0389677218745857 1.09092607887545 9.96492526090234 0.371724322517853 6.84832187076363 3.66763552650139 -0.749730575931707 -0.534258526081722 -1.50464948392737 6.5461154723578 -0.460956080292079 2.22517174041798
7.88161381393394 3.27582796345467 1.75612701035277 -1.34353838083822 0.332921702773902 -18.3712844967373 10.1821504914219 0.203649181163971 3.20364246221369 -1.66338529886703 1.56726590142127 3.8229235859409 4.01902660726367 -4.35729131178203 1.27968733277355 1.03424737878723 -0.290855543333366 1.99609445566696 -3.21018889274299 -0.62708821402646
-2.93876432955712 1.62761500121909 2.56580926937628 1.46407841433866 0.407203276427986 -16.6068862493074 -12.2634152264491 -2.35645675707119 -0.345657726178973 -2.76378108009079 4.52189776903919 2.45774821915191 3.2880267361643 0.68492258724338 0.843517913346271 -0.321629541192494 2.43004184648763 4.87919796159954 -7.5343760029025 2.67466160280998
5.01881387466025 -1.13759807871712 -2.33668875235392 -3.49677090867467 -0.628806933795878 -14.2755943534849 19.57635182709 13.6570138700114 2.75471309223348 3.43799990423127 9.11723311271963 11.635804242677 3.40609453062176 0.111041506189588 1.17433851367374 1.11122219426115 -0.618399198270187 1.87683827091989 0.0250134265723255 -1.84988885393561
-1.76433212344665 3.86465635356123 7.5466772025135 2.32736475507676 4.89323759901707 1.28505591588277 11.1029489104251 -4.24583834113509 4.46385534589711 1.13767660993277 6.0246293961396 3.24829674927161 -1.55472015148371 5.39593845066023 0.795766385139201 1.72258958862646 3.97596412030197 10.7191455225049 -6.18931895826761 6.01907828880025
6.61304726769383 0.127860719803214 -5.40082077945779 -2.89194745947495 -1.15081315830413 -0.735992283513882 14.4008326175483 3.43191828917465 -3.67810305074402 -6.28394665767691 0.55387354057633 -0.540290703996523 5.29551856578836 8.85690356378992 -0.0657192183036781 -2.58824463820758 2.68621843210332 3.43901785719843 -3.66512331213577 -1.2770726128224
0.742628647438432 3.24774777721825 -0.839691351367764 1.40079380854038 5.4055667724142 -0.573288833094967 0.498602176339888 -0.407201584556573 5.09781042955424 3.34120529576859 4.39916327727787 2.02972567860802 4.76444493665268 8.39134831952131 5.15603126773604 -1.35313334045743 5.37676698028001 0.33318400566442 2.17752275221028 1.96767752785323
-4.50133193133814 5.9275405341863 -0.803111924556684 0.115827191987733 0.960406509683718 -15.8525345297046 12.5872957248091 3.77668316531251 3.11525009162088 5.56474874158165 0.0800758885721278 -1.9350141415677 8.08755626694871 -0.581011296455328 3.26971446419282 -3.93649581845689 6.53495778760324 2.66948999371117 8.00800343217316 3.30332333937215
3.70107144016863 0.979777953070688 -3.00394860498211 -9.51970607741431 -2.69150691640204 -0.183138575833132 0.774048067472851 10.0383930007922 1.46141032172607 3.01897592910146 12.5295421824814 6.56579067211311 0.72788227933427 -0.944974569238102 -1.1103237490518 -1.46712419165687 9.50784051546521 -0.828165128628626 -6.25626346835898 -6.06900235740131
3.44510699341667 2.37242629781325 7.47122856147107 2.0530346234547 -0.161003883690479 2.46072013254236 11.2135424430584 1.99594737827714 0.171773121540325 2.10454402772164 6.29524242887952 -2.84252215810737 -0.517873033429758 4.57338409181549 2.65702064534662 -2.00968139334544 6.71288064969864 2.93988835517129 -8.69557960347034 3.18797561483582
5.70145015262156 2.9239237373515 -0.458512191900875 2.2572664257188 1.21857429946317 0.419822652682364 14.0406476408164 -4.17860214655256 1.64864475673554 3.18881313867662 2.60400011185415 -2.52032473291179 -7.40524112121561 3.60450965283267 -1.86898538285695 1.39422016833135 2.28561431789294 1.40889100648737 -1.39350139777676 7.66342811712652
2.43010779301598 -7.36434461088802 -2.87907056417057 -1.87330217765983 -5.75186669871476 1.92553457369386 14.3811397560163 -1.64466409658692 -1.02508718721376 -1.48955638194049 4.94731092496597 5.26822074961018 2.58881208478971 -2.70380707991153 -0.893366826524934 -2.00722411512762 -3.76137396236207 -0.236547047312465 3.45503199170492 -5.4100734885285
-0.0650780019163997 1.85825800288382 2.92849672260775 2.766937276917 0.224461826732724 -16.1436213960839 -7.26885548185137 0.998173394870581 -0.362228150439753 5.25305720290043 9.47362869235087 0.628906538100758 8.54815349138872 -1.92717341081285 1.38745874466795 0.892115853791626 10.1007044333949 8.19573604550092 -19.1354718189472 4.65493530814028
-2.29906294802021 -3.2487510316693 -4.06033694496809 1.04269032874179 -3.82176844644006 -1.05121232318409 -7.24482102233567 5.37786652405948 -1.14772281107354 -0.187746881300693 0.0206166545328834 3.74020897278887 1.56186799798732 -1.56146208511754 -0.304318364936726 -2.7570119889411 3.24104313101306 -6.85603361826155 6.35660345436944 -5.25802550790074
9.25842904104396 0.346435277310413 3.1017421740702 -1.58950186625373 -2.94445405323907 -20.2043275080383 5.54856503783767 7.22777198185168 -0.538868033835923 1.86557169040548 0.695683232749908 2.64055012762611 7.53841125452804 8.88850838439323 -0.944742376993768 0.143916557276774 5.67817010489665 9.32271799916079 -9.29800595289926 -1.16922432564722
7.19806525550543 -2.23064471531616 -4.65327608166797 1.50301238861905 -1.33292307688937 -1.66370304650696 14.1544698718359 -1.94756066222891 0.889030028070066 -2.6534265779518 2.10509053117943 1.83826656099444 5.96981437794945 5.25473859919354 -2.80691023754873 2.46251257373917 3.59810879414799 -1.46337219180822 -6.93314547029765 -2.90413487578657
0.898610890304139 -2.88602826523611 -5.99109922106526 0.592736238336932 -4.25684861550046 0.491986080318097 4.93671448280823 12.824221731648 -2.93647199165239 -2.44801221914427 -1.64099348312832 -0.652590127540823 9.36173464244897 3.09542604094133 -0.565114485015623 -1.98544330835117 1.72297420426575 -7.48400933691886 0.584412463979448 -4.31711782083419
6.09055970468632 -6.82242791486796 -8.36985925659884 -11.2642970439191 -5.78590090361913 1.34484472566359 12.9978316127102 0.510097131045437 -3.14493484258373 1.30073715661847 -0.0896270580519625 5.20445644043162 -10.0986937502933 4.14422198996984 -2.91897486728722 -1.2272732709378 6.34561994882795 -4.32359537451981 2.22707747577564 -4.02509366370135
5.63350182544168 -7.97408186872849 -6.52254868040465 2.22213173152757 3.30290872031645 -1.34549742234785 3.70507282483016 11.0116636563553 -1.62032402356636 -4.53430970994151 5.28642883956811 -1.96439353732992 -2.98137943063639 -2.63143112323223 -1.84825279356187 -1.11995196563009 1.63040318295325 6.91866686542045 -14.2986152530139 -7.77508907775172
3.52755508300724 -0.192100620998635 -2.16518205626266 3.75940695919814 -1.80272488453973 -18.0127943754623 6.22363715418058 -1.21801881222466 -3.34318078570012 -0.0719012740883736 -2.48380205359751 -0.0877968265420406 0.893285609870164 1.19640343094315 3.14208107827683 -1.21499467414772 4.54259611855958 -1.18839275307032 9.63616912312511 0.691738026079312
-2.53490544031767 0.525130869708484 3.80501861784126 0.499907084030648 -1.38847356619095 -13.3771950701037 9.84313766681263 4.67409068109351 -1.22678362926605 0.433953309417111 2.48965703849416 3.96944035097458 10.6812268404745 -2.0680767704879 -2.38637345326596 1.96428546842736 2.02945749188165 -0.958338834429432 -0.852203173940727 3.22198524298716
3.16831020559393 2.19372168645281 4.85832380041747 7.01114970953889 4.5473750613641 0.85610363608281 2.55152945993671 -5.86476265348688 4.57120549731903 3.60501544176418 6.52731585874805 -12.4283000059089 -0.0610769018268811 8.62994812694686 0.599219791347436 4.4240335459835 3.18226040039861 0.966962565464479 2.71413694087009 2.23042999212395
7.41827790688386 3.15694720976432 3.57385683366856 4.2571085756251 7.17427022587749 1.95169011977499 6.08022738396043 -12.8060837838635 2.33207296339475 1.02058840554553 7.412396152558 -2.3341046458174 11.0172700888666 -1.34384792739608 0.738494610000792 4.58799463264528 -2.3084016750288 3.86473609617634 0.511485854166478 -0.99542661803215
-3.5521978113436 -2.16136793178361 -0.35446473297744 0.519472269177371 -0.475128235323812 -14.9316562151905 1.86687567778123 0.732602580697338 0.641467878498054 1.12153840950045 6.6387449014181 -1.23385829131349 1.15561812589465 3.85500928559873 -1.61699285517932 3.65271304535513 -1.39304876815487 5.40074329612471 -2.05131129952914 2.63234366632991
1.66672732141772 7.26120308214778 7.01277366270842 4.98314523631071 0.650848122441321 -0.198570769664532 10.4473662202602 -1.11296829207471 3.34850791387348 3.67404911552902 0.213422213027849 19.0140916618546 -0.108779493806551 2.6285521304279 1.25174638092335 4.79242439422549 10.0229843829963 -1.65735668729431 0.592381448804663 1.37324860849547
6.27415387421362 -4.6775405947272 -3.05350307962544 0.543043659887987 3.93164205857288 -17.7097071068406 2.50312102615128 9.16944585002227 3.5475585397654 -2.97226848529307 1.68234777262978 3.91427552974478 -4.68317753119672 7.55367491794568 1.95399874630746 -3.20088794638622 3.07481062588422 0.857002845028741 1.69779547817242 -0.508479376160387
1.54590838769578 -3.12280241574306 -4.48536531884618 1.08101300634205 -4.57495298339567 -1.76870694267628 -2.32891222655502 0.103657274436214 0.7572619317289 2.31022766781796 0.948398872658842 0.0923675881846315 2.92100451589917 9.4757648053839 0.0372716123789711 -5.07313988476637 1.75533794994316 -0.680604562163196 4.12490511172102 -5.02928308857838
1.02558766203817 -0.636039138344489 -1.96023897195055 -1.02480151334267 -0.417849233834218 -15.43595845917 -19.6302713848345 -4.56911673425422 2.0766867339856 5.40266379144044 3.33927308139493 5.85818018779027 7.64302272566997 -0.617838820091313 1.37394137851575 -2.4638390969857 12.0879227665232 1.33403722915906 -5.91527544142291 -0.396536038551413
-2.6075506186558 5.90194119159787 5.73795288346377 5.66715057504391 -0.0850540317436228 0.923447272512497 -4.54265719431927 8.30878009098946 -1.0361234103742 2.10452365145292 9.61136239068424 -1.46108467484663 8.80816805231663 0.882401582114549 -2.97436960725476 0.469047932638162 9.14708603152102 4.56629925743872 -0.311008521481534 5.46397771925413
-0.702855339701267 6.79696501964572 10.0193052896719 1.99196299300625 7.7648218986189 -0.790615833188687 6.56181082934819 -2.93404058079747 1.42523819002744 4.56399987760878 -1.94996548215139 0.519728413417636 1.38099109575786 -2.96327010056254 1.51605801662944 0.0406484326610026 1.25171040482767 0.729099243769095 13.5223651856938 1.49247596031424
-3.6631316397978 0.428568215505333 2.91495795704001 -2.96899865499289 4.59332611025586 1.95356109644373 -6.63337332156865 -6.06302785110338 2.10381528570969 1.52857296464358 1.3085922890844 10.2893225314847 -0.435013384520429 5.87004601767774 3.28757957701874 0.60279765821848 -3.81478350738096 6.37820019691293 5.11685603319729 5.24431628308111
1.64653095244362 4.10092137431276 2.39402398274855 6.21066108922412 4.22054761157167 1.20993998816982 7.21152944368834 -7.92938048700501 2.50815794202757 2.04707857794425 7.92486641150206 -0.806389586372145 4.36185512444412 8.20164098693049 3.83511500782874 3.013905009171 5.50322461456563 -0.00339494034249266 8.24716448262824 1.96588749776595
4.98918254115574 0.930322030352627 3.50944904569602 -1.98475972723186 2.98444727451877 -13.1585629617875 11.3387627266469 3.35930630111505 1.2714498261035 3.04339333894042 3.4354724488658 0.94118471748244 0.785929062638211 4.55224410710174 -2.98932143913012 0.889922480879505 -5.02771328950137 5.84477179025848 7.47736583331198 1.95347184858765
8.91092617031429 -1.15035501569073 4.34057001038847 2.7093495982871 -1.86309121716855 3.79159207573614 10.4027007966174 10.8619815376802 1.63304003863811 1.33717450058236 1.95957398049274 -1.23651118244461 12.4047973896494 10.8901202879671 6.39169708396745 3.89426614863276 -2.24263081483865 -6.01155462132562 6.86788433179738 4.25133124336072
4.64300921635613 -0.644273295449936 0.800136934804925 4.95411102106574 -2.38356746809984 -14.8030575923182 5.77073801608196 7.4433367404322 0.903172074048365 -3.48061954869674 2.52358166013332 4.94997208401505 -1.98179741854047 2.08313750089009 0.926174747590385 1.17443141202295 9.54545109748854 -4.75040197765364 -10.2571855180336 3.22367196568428
-5.58858631502349 -1.69498511899163 1.91487984097415 5.12059918768205 3.84604277254339 -14.6838885391906 6.9425742228597 8.16690160121835 -4.67165168895393 1.79997839283307 -2.11514087500178 5.55907453171588 -7.4280757600123 6.95761987907136 0.756593775065796 -4.28261569490883 -8.84836322627515 -5.89187583649832 8.95353035721509 -1.04560685378178
4.48928033818013 -2.44599867166212 -2.65371477276601 -1.6013897444124 -2.24346178381272 0.718062931352966 3.87916683740061 15.8418597029099 0.54856711500845 2.59251599954819 -1.92412877049915 7.7377875213561 -0.100993459335838 -1.17415517644701 -1.5455814762931 -2.03392502411744 -6.0430632482896 -3.53706980987785 0.316727605841832 -5.06451923226964
7.55150702332019 -1.29467855686988 5.4252646745621 5.72334057225479 0.584023827484971 0.61528097429 6.98380642938844 -1.55667963881729 -1.91999152577802 2.28548676394204 8.32143035120903 -0.0970036246084647 1.58116773640861 3.02865242358155 -0.294440463873742 4.88722993648943 -0.568125731557702 -2.33519230779952 0.597445669745221 0.183496291517125
5.74215764627391 -0.405887959746158 -5.11052707993283 -0.374600712972556 -1.89549234458481 -3.62062199661146 15.314464002507 10.2241336558437 -3.23139938382069 -1.03223418697687 3.82420680291529 -0.6726990607564 -1.77927725876781 -0.952676300989205 0.0508528607960923 0.876875119029482 -3.64821592424235 6.80318734861286 -4.0393631375309 -6.18138210608575
3.3756766496118 2.99709743067095 4.63239100006256 2.41131473448183 1.64351326590565 0.823040668342778 -4.76960431331654 -5.90663893687279 4.00402476782218 2.14038461122894 3.04110426989796 3.1022110317234 9.52192095227655 9.1354405251382 -2.90732135699619 -1.10499211242629 -9.05203625952108 -1.31273445047108 16.5640717802485 5.47018110008451
5.5354732784766 2.9504487614682 0.463498807650597 -0.50236303390123 -0.910460118952012 -20.4292511661015 11.3899681608149 4.95242237523448 2.1753863179391 2.39055264622535 6.68625145425321 7.58497938537115 1.06742945168521 -4.0491448115979 -0.95490668163245 -1.30437479221034 -2.67395869275094 -2.11387217639708 -4.33646772913737 0.803625126222587
4.36352617694346 4.51243519121127 9.71753113355015 1.12208980795534 6.73694078741285 -0.508279351535872 0.696255962679007 15.0180469360668 0.904415533570642 3.47874083748838 3.03693991062052 3.74027575933724 -1.50390350583198 1.33807039374731 -0.792568417418752 0.382856108284672 5.06024525122277 0.459544133977228 -3.96500974702571 5.79608565836882
3.23565384904406 -6.10763711232942 -7.0318833247995 2.45375216754196 -2.81004747018772 2.55030988813185 8.03068226637145 3.45656469173796 -1.6224721917087 -0.8448538718848 11.1306808905631 2.47380560024914 -2.17938789517157 9.92746335322889 1.06482975753917 0.0576610150631327 1.42917383953991 8.24994293942733 1.90612687677317 -7.93749748584727
6.23847629409734 1.78520103988881 0.880595363677626 -4.49287627831685 -5.11796017180741 -20.3108982672732 0.0210241416715471 0.408805029405759 1.43701176994413 0.60848877308282 4.36465752406185 -0.688648405185454 -1.04374832980604 5.24181596421953 -0.668500452231569 0.0953189192003121 -3.07132426901116 12.4587833644619 12.4463645103399 1.41975488675721
0.527622391942737 -2.76207738313659 -4.09425749694485 -1.15708268869814 -9.47301261962176 0.459239563185819 8.62834350834489 18.3316336616397 -4.10817534330917 -1.8738489340192 -1.5185037714135 3.05554826283113 -0.0183476933971392 0.310766868584064 -2.43932164415057 3.08892341415112 4.15344612068162 5.68112990990244 -9.39068354982876 -4.61908699698458
5.15477501736545 -5.14397184737985 -8.17704107150835 2.03811646831657 -6.58454162867523 4.46328866083159 12.5754811645145 3.24177668790875 -2.56225303670001 3.47230163668776 6.1740517998275 -2.2766798649938 5.42289895813881 15.7512721969574 -2.9510905277224 -1.79933261912691 4.28669737343952 3.91197937583894 -5.35148231860965 -8.17550704134234
2.5917256360959 4.50752368186169 4.56168335593471 0.107214464486867 3.42281873476215 -0.889405478755236 6.84539468993483 -1.38944985030627 3.96585857825927 0.788469488957677 2.17919390057275 0.876010869278464 -0.0544088475631277 -0.809227909756146 6.91369135065362 1.32487952774343 5.06393660291369 9.06705786849848 -7.23713469037722 4.00380249014637
-1.34318206931851 0.78139318824483 9.7251151784342 1.10004831743869 5.60286535216795 -1.30738544151161 -2.52827927334744 -6.61890332141601 -0.577555003903988 3.39092492062292 1.6169602964502 4.75155050778978 6.47092337218459 7.05066884848942 2.00094743258947 2.89654963153704 7.97467648011201 1.25565884966754 -13.4107913259054 2.54430985354005
-0.780791428619513 -0.215101815689018 0.577408962127014 3.40815326357402 0.216456808903761 -14.0558532281858 -3.5291298148812 1.02152278042228 3.34796882290033 0.928460498998808 8.3731864851091 3.67680179162452 12.2822635258628 9.0183656368362 -0.858231513590992 1.93270564642198 15.6838968791781 5.7090144139121 -17.3893608813165 -0.66819138816121
8.21929214221286 0.815910362264939 -2.34680729467886 2.10016973407671 0.58648492864655 -18.0061313267113 -12.257099456983 -0.272305090844741 2.13003074548038 -1.07294652955464 0.770874696986383 6.11750186309257 0.604576890694819 -5.60787321308902 0.310916852901933 -7.03913836838889 5.80547602628108 5.08685183215233 7.27269830834663 1.52656625131419
14.4649130795791 -4.41006810102988 -1.3977102254616 5.26205621614401 -0.0880930510556159 -1.59665326791505 -6.35901747835702 -4.65790210074292 -5.7767641355008 1.30374563676695 1.23686310342245 2.78603625661305 2.20105266785324 -3.41520606687099 0.722794905803276 -3.86836537670823 0.152323013472265 10.7438527891815 5.52981694759022 -5.91565124313198
3.12914827799596 1.92630346453511 -0.657483920535155 -0.16621653954322 -2.36968697497701 -14.124702206328 -8.46899711289354 -7.87735949390216 4.26762240953671 0.93042063365545 5.46766645544042 7.3932770295166 2.45575810362217 5.93185278295829 -0.48204582119029 2.16125358256394 6.61209387950274 6.35159018573348 -7.56799632452957 -0.214649418426494
4.47676588156106 0.433116278233912 -2.32211990649306 -0.48293727402194 0.932441994948445 -17.0546796722674 8.87696980616616 6.36847629076353 3.29171887757044 -1.54832432850258 5.87907752118498 -2.46299884190729 3.09248456470402 13.0843569904755 2.09923990745666 2.3527861442393 1.60613569890693 -4.34170911948932 0.792404916400108 -0.226626062785254
2.87635977619855 3.83811817583357 1.01002488652856 -0.547108962673868 0.787308753091337 -17.6695765643906 11.4753200048828 -5.40948625728516 -0.208963173326076 0.611383525701325 3.53740398748009 5.05068304859898 6.54554545149011 2.1348724062714 -0.897879608151689 0.627419193163455 0.919830440597839 1.19215409283982 10.0189460144037 2.98849214603154
-2.74920475686909 0.572078691750773 1.99193870705971 6.45996659577541 6.57588085874824 3.60396794566016 1.97447233812165 12.7381185351081 4.37068757759106 3.1996354003829 -2.50321233344711 10.0060367470715 2.97306723162843 3.1245014275375 -1.13857183268833 5.40870465363469 4.29310293943403 -3.66152734119076 -2.08390462782893 3.42904917800153
3.44129230525099 0.677095254774562 5.08237090744556 1.09951868687388 -2.11808895566614 0.858919168239779 -3.3660230598716 -0.113639269209291 1.86995696595543 1.52599068815191 5.70466446535049 4.21562447881855 2.3090341721398 3.09178961457568 5.33568887041932 4.68118548441639 4.75709180391418 2.86625204038064 -6.77316923447857 1.60505819675351
4.17384291013996 0.684810697609095 -2.74356441032346 -2.26142964726066 -6.25511588399777 -19.4063678943994 -2.5684776909419 -7.23967953530209 -1.70129857283304 -0.608617465551875 10.9137579039247 2.5489394627293 5.21779604829606 4.85435953629727 1.75510349236689 -6.09114906717978 -2.31633405623468 6.52590890737407 -8.31516441852774 1.02875334499558
-2.56707230453468 4.0357851378064 5.2129369739784 5.88589117633456 -2.65451509358544 2.00189567533755 5.06932914026811 2.57601985605318 5.01881661391711 2.05214547066445 -1.11193291913998 9.18306383155003 9.84207148201726 9.09045475591664 1.49169028884361 0.562144110790007 -1.2693884492944 -2.85555124224805 -6.13834095228289 5.68308933188328
-0.43466014746729 6.48847124409577 6.58755072129593 1.42413371852344 5.37580322846917 -1.12014560516664 1.21645962043631 1.44759672338404 8.26892339340778 1.8925396229076 -5.03338712563248 2.16298728347014 1.84551774272708 -0.11214095036606 -0.861328184650398 0.249053603581532 -2.97617723832841 -3.33831824193898 -5.21688452518613 2.0124749095679
3.62895679877723 1.13922334731713 -5.1126213119601 -3.32309178853889 -3.42379318369986 -1.68130488437432 15.0434692964706 -7.47933873324732 1.91378735895285 -0.079992646812354 -0.0307405839641608 5.22121584444019 -4.57903855742289 -5.00072022671682 -3.80391758493773 0.568242579976254 -1.25411541809034 4.71970196165255 9.35239376194937 -3.56483509056413
11.2167788295368 -2.47080011042894 -8.13467361325043 -4.7207783857987 -6.53961872476017 1.25521713873864 3.03653783784017 -3.11921775818719 -2.08265117991317 -4.25143413326643 -2.23699188176973 -3.6680217685802 3.92827494202889 8.01321015533372 -2.2503054953393 -1.51762571365942 4.06799276509085 2.92186524520507 6.3772537619992 -3.72012613405744
1.7254628693057 1.03606405964438 5.34720564455321 1.01893615475396 2.01456744780831 2.26981098102634 13.4470828139247 4.90358372704873 -2.05647353968658 2.62875558501412 -0.564217587346394 1.29682996434752 4.33300625888518 6.57761087273467 0.427770083975548 3.38717839882113 -0.708464907027794 -0.885776406496879 10.7729808717279 9.17765921617807
5.4659162991325 -7.68650533639848 -3.95007885676045 -1.58458981821035 -5.16089422753138 -1.41867529789209 8.55010989200107 -8.97857226535005 -7.16796702542934 -2.45477244768108 2.18054572110477 -2.45002397149865 -1.03702287888818 0.71127980222909 1.12734741933554 -1.3211809722796 8.16169960030084 3.51455351488998 -1.16889883551965 -8.61575037762838
-3.58578257312765 1.31412457369886 1.37425027520529 1.61384933074925 -0.576571613024305 -15.85256812146 3.56919422865358 6.60460585010401 0.741182034961582 -1.90600634466976 2.71212450444163 11.340746070323 4.33608776831193 8.10530971368063 -0.269611705807601 -2.71612972868817 1.62871315872169 0.237233967066914 11.7773102591938 1.86394715255476
-2.92319599678809 -1.68733739397879 -2.79236488028387 -0.32881499942512 0.351813599052385 -19.2583142424975 -6.19914561828219 10.2618631524006 -2.04754934411229 -0.112137764986373 6.80628414923637 0.492760962290029 7.3053762878608 4.21151053542853 1.972135833438 3.23135768664785 7.09702255010227 5.06181979538645 -10.8125700716481 1.65769639717852
2.28665482216377 0.0331275137135885 -3.16237459538851 -1.82530852245836 -5.71724282241018 -1.31978651167174 -4.64334831649439 10.935590614688 -3.19705285073668 0.159061649360009 7.76030279745126 0.594295939127034 -0.447534631736833 -2.48842163484229 -2.53756233921215 -0.96669319542354 2.53109161339594 -5.09070290516964 6.55608524206359 -4.91680109316362
3.00666276337296 5.58429205917363 -1.04721759767095 8.26879672568573 -0.862269167551058 -17.8711678415092 16.6474170981797 3.14518366114047 2.61828550645591 1.91316060983746 3.9273920908271 6.75660171722654 0.795802937979032 6.6052724706982 -1.63256342237227 4.7221232814286 -2.09167243237154 -1.91596330216985 -11.1971527993498 1.24375144087989
