x1 x2 x3 x4 x5 x6 x7 x8 x9 x10 x11 x12 x13 x14 x15 x16 x17 x18 x19 x20
15.5068784585015 -2.25096539262506 -10.146528751311 -2.51267162644212 2.52212933690027 -2.69066381617941 4.82759174006103 10.8324977342707 8.55892536634187 -2.13100232192016 -0.484960091079814 -0.683492157465866 1.43915020359513 -3.34832521704945 -5.39677000813602 -1.16128379290755 -0.728181210179607 -0.907995679331939 -2.49548163802096 12.7264790735033
3.53609202716959 -2.83456303130932 -7.81230183744774 -1.58600288049554 1.74648428292981 -6.01527453460637 6.69713616651335 -15.6466702754065 9.30136879563793 -1.73953852192956 5.69007313615499 -2.3230171364884 -2.32584197334426 -8.73553117741012 3.1163256173232 5.50744315059505 -4.63857691411824 0.576460117339867 0.903941560856127 11.3079674113012
-4.7464985381024 4.79134794320535 7.34060187945011 2.92003478570546 -0.976658683579362 -0.844013207432809 3.99158716783088 -0.449957341167241 -0.419329790594889 -0.0878797889783504 -3.43833382706619 0.751611565229637 -1.46488649027593 -3.44983929623038 -7.73031980139641 -1.76518693404561 2.14649440895357 -10.8255521784649 -8.17268838566074 -2.89313564234013
9.6935098166316 4.0810631548663 3.01035879516125 1.75359489836691 -1.30698163948852 1.04808757629536 -5.60810511320451 0.882036255865334 5.58523296233666 -7.43523825703219 -4.76974982784576 2.7506058682629 -1.38636309911081 4.93359236623767 1.78000281424142 -3.72448636397281 2.78865294658856 0.329096215079299 1.5798091886758 9.38999430751656
-0.247820402836644 4.87141451540719 -8.50564632592361 5.14480005148486 3.25059732663215 -0.60186248739936 7.47599742880748 -5.91030213169866 10.4091955449413 -4.00382498897842 1.03407779355668 2.53085863266815 1.71742897990094 0.821028886209361 -1.58866124405178 -0.921691457484056 -2.75762211728519 -13.1054911665781 -1.28850524403075 4.08901785495667
2.86611277821714 3.8767581598401 6.69867342592311 4.37500045786203 -2.81720718727319 6.28455104148636 1.4873386354529 -2.04172614751412 3.07137437023764 -4.95419950000818 1.67591210010611 1.03002975265625 -4.36100371475847 4.25371941075044 4.1022291763304 -10.0052819244677 2.47460663658818 0.47736922350046 -0.392842078010847 2.17704901477585
3.50968053190642 1.0918691596072 -4.31556328854358 4.05108613676467 1.44001979618459 3.20504042437142 5.33415456146441 -2.64255806786102 -3.981315601114 -0.690981932529523 0.910787576183961 2.60207377266743 -3.71524233867418 4.49614194365361 1.19356543369639 5.2508345237785 1.24591123750236 -2.6293334835376 -1.04730799994968 1.49588921118715
-0.14065447612103 4.53649997960572 0.619271585344872 1.6567487772381 1.68733001636683 0.671697555305127 -7.26148505216912 -9.61399488084006 8.18792770857032 3.5279269035398 -1.69194855137392 -1.3286858045467 0.373559558536435 2.5746884773115 6.55044777888738 13.9347064796655 0.755539030253254 -10.2137685666486 3.19099223327871 13.3487704580599
0.469082052778396 11.9292984102909 -1.63947090983502 1.71271949531891 -0.212878717318537 0.647155284179783 -10.02509870979 -1.48171460213018 -1.88257944814684 -0.919855857302657 1.54547046558107 -0.034580159865035 -1.40273250714898 2.73003472893388 -0.648868288682789 -2.09689903525056 4.50439288916049 0.737336459943483 -0.285602489904931 7.59031413963995
4.00763910893237 1.67006644382265 -9.68822787993208 0.460024089271977 0.557070439656514 4.84618483186174 2.93813873479656 1.42170281247692 3.34976626300417 -5.94706871906206 -0.00515670983252248 1.6858904868931 -1.5333940195841 3.92079746703128 2.25532728625644 6.71285171341145 0.404626468779576 -13.1283547864423 5.53090348988264 11.0925556545244
4.68697362835279 5.59275387416819 -4.667244242273 3.4824391192878 1.00014906640178 5.75498939047444 4.78093327672872 0.351287664410832 3.81374376244335 3.23633939094885 5.04779525168645 0.384072350326272 2.15231307009293 2.99588217092533 5.9413499917262 0.914171193722037 6.21768178534961 -2.04115315277485 -2.42676103783685 -4.08737613203534
11.7211345230955 9.698695091043 -1.88999988707564 1.86833154822775 0.172164374642374 2.53024859752397 3.98805813259418 -1.48187029560409 -0.573645669501469 -1.36105918579142 5.55328888019492 1.6628869470389 1.99912386462874 -1.69859721030245 1.13801688207368 -4.2737326487043 -1.80487758989985 -17.7108389261692 0.417165635103984 7.42089585281555
3.75212823640672 12.9552071190657 -1.71942099944599 -8.16159157671664 -0.703828974893297 -4.47880899650781 0.929976611258262 -4.5390855487175 -1.58828085432715 -2.62508272339317 5.09217797028267 -4.68666458482075 0.639678676567863 3.59881596132841 0.723946947380912 5.73573525568621 -3.51512623895395 -1.94075585845355 3.93752377420061 -1.32280688571144
5.08446438299591 3.05851372582338 3.53081431666203 -2.00985800296232 0.387407745975935 1.66512692492022 3.50522252848735 -0.256218763546382 0.961675859247788 0.903231259472699 1.37559096043973 -0.369751354811571 0.457519527973668 2.0899431689522 -0.190488539997232 -8.75861936841777 3.05049117174142 -13.7746567958276 0.0698855919103084 0.102998137530412
3.08307604301375 3.17018126146289 -1.23200415900259 2.12482540209062 0.662960739481011 3.84986137602845 0.0989137949874412 -2.98210789900638 -0.302454321511226 9.60585950115236 -1.6028231485473 1.94789251130681 -0.682288777190131 2.13466427002513 3.5003164298514 6.04631790730609 6.33952849008277 1.14906230152447 0.575736618076664 15.0056349710011
4.26683568668542 4.44275209576126 -1.12437268331177 0.910191116359964 -1.91718559309514 2.24534626789196 -5.14517520846479 9.39861985128761 0.295032104318633 4.99913983650231 3.60663736408265 0.722251233921043 1.25148426052689 -1.38523341591197 5.70859263570376 -4.66429752873744 5.94316260990831 -12.4026116893837 2.02071704156841 1.13547608365364
1.78930685584151 -1.33904211163682 15.3252628705501 -1.94522282447546 2.07571015574975 -2.77742443041439 -2.83346738654655 3.01588502658615 3.80429522951713 -10.3827175803253 -2.81554106941418 -3.80762339074281 -3.39020801130373 -3.05684971564536 0.367019916878426 4.77429063526559 -4.95652412529058 -4.25437120149068 -2.17608643442142 8.94201075367563
11.042321683758 6.29369236933433 -6.94702045384103 -5.29586777041339 -1.45854906948479 -5.65239677923496 4.53473869217172 -2.7037398094519 2.49396033831481 -3.27835899704187 2.24802948509004 -1.70132827858104 1.90012043362054 -7.62494058876044 -6.34209538037815 -3.19054310469136 -3.16829273274044 -1.95189548265749 -4.47280387277792 -3.07798654444983
4.71840619830991 3.76161099808226 4.1089223218872 1.10639040430955 1.83482402534024 -3.34325237261749 3.27122809566773 -0.359313304879167 -1.73952578036309 0.615366166710763 9.30545039237223 1.52708061769499 -0.678850600763549 -4.98855153489182 -0.401482645529754 -2.48553576284752 -3.19719735124957 -5.40924123387667 -3.6762518018423 1.02996688967863
6.50295934307491 3.54520783285483 -2.3415290301301 5.71640109268997 4.31288332706661 2.74750061804446 15.8281013909197 4.84794148133618 -0.737042888325537 -4.81866900310242 -0.11595703927262 0.473305180799963 3.64822092706441 10.2848813100966 1.54033633328521 -5.26346651752491 4.09477821402789 -0.825427985610139 -1.45369811552057 7.66166709716222
1.65070840765278 2.86490614930588 -5.30768185709149 2.41496033661239 4.70549171308738 3.51206458181382 -0.957861134409899 1.48432874981453 0.0454284760919996 -1.21695548616467 1.12721749749271 1.78081837279589 -0.744493545681227 1.84037014761065 -5.46386196462503 2.32279737497739 1.90004805717424 -13.7642970211421 3.45969430513384 7.15129918534709
4.76810735305626 5.29019393234266 0.956037651780119 -6.36314721879691 -0.905346881897494 0.787029208138617 7.53534679270186 -6.18626414248938 9.00420063203215 -2.02237911138788 10.9471545604123 -2.25548237490599 -1.90923559140839 -5.2233885205923 -5.02213749030126 6.10533724677601 -3.82716560142857 -0.631604605519349 -4.46222568819512 -0.702823110422101
-4.40877973865084 2.9092681201917 6.2374130797185 1.41500693937859 -0.820633915373236 3.49326676492698 -4.42420076325131 6.4735490504563 7.14961436904214 3.38058546997292 4.8874431262023 -0.207784480961504 -0.833355775437827 0.828251545724736 -1.93244315397074 -10.9482866495612 -0.269665443079538 -15.2070657213951 -0.256279717612388 0.377031003135189
6.42146100843279 -4.70101182029508 -5.46481197579254 -0.945684229225893 1.83475049025507 2.68488955089696 9.47361945258096 -0.80317919271 5.58116124531907 -0.069819215274633 5.67767133617629 0.493146440185671 -0.985304400297488 1.42013227914398 5.40458079294435 -1.01533867207753 1.44351216027899 -10.0117711509934 7.8680409984074 0.976966821874447
-0.685141470086446 10.1181496849617 -11.204241815412 0.694067019720629 6.36469771813446 2.77882541179741 1.7637273054683 -0.3769979449505 11.757879043551 5.65720113977194 5.38117526945112 2.4072471668526 1.15668208650199 -1.46962845046552 -4.88250380831779 0.382408008325455 3.46926215629776 -10.8608856618378 -8.3344835778605 0.983132504115251
-0.73194454468808 2.62153470866261 5.6191818910675 -0.0543676380589919 -4.47827515044134 2.01739603936167 3.61689030545304 -0.774565582312554 -3.1074393906483 -6.33084878601318 5.27959499251508 0.504192177708646 0.0822904223904157 0.0808303247093924 0.0673957616852845 -0.176927620396968 -0.130820082380593 3.83183946959922 0.934221785340351 -1.72637108551133
-0.88704443405273 8.90642381791288 2.07001717187376 1.62259957332156 -0.48714550165265 1.27615381043796 8.92400267854962 -0.704100055025391 0.0937330582697109 -4.59029007332812 7.35411778877437 1.4460395311055 -1.08904136453966 0.06510059668475 -1.18321560710673 3.88631071285682 3.18362463766229 -15.0829174705159 1.43741796300343 -6.10651762321443
-5.11558650630658 1.64606066653669 10.7893304230156 2.02472352525453 -2.06623312472021 4.01286076300225 6.56668351935935 -0.0400233804378383 5.51163628324834 -3.14726582501259 4.1728438765373 2.39965934646361 4.84661049477001 3.21173430416811 -0.625966233393283 -2.17831896150835 3.65800994864562 3.65358297229285 0.99473961243771 0.367540970850689
4.00766267871058 -2.28059757019946 -7.04974816102027 5.39517355289489 -2.25447735531313 -2.62803945911918 -0.039414494714932 6.28450714284425 5.71720208091627 -7.7520015454069 -5.19245519276607 0.723635475599959 1.47863336089038 -2.59848624358838 -1.86855259785758 -8.1658294130904 -1.88775807226449 -6.47577763466109 1.55484461425159 5.62500646240665
-4.4227805337983 13.8728287402824 2.76020761605979 2.45034512895136 -1.46126906797761 4.23135738626923 9.39636643966334 -1.39615307591794 2.07363216052908 -1.1732103244772 6.61779876644978 3.78815165913437 -0.842140449280833 4.61371082222959 1.54474418692521 8.18367834795731 3.55086856290347 -0.0478896550218257 0.194567012266085 2.0147926956983
13.3841861483089 6.79613500357712 -2.49661748510208 -3.43214853608818 -1.9555499328278 2.79391609783037 -2.180708201306 1.05643082930604 -1.08913961141218 -7.44631250174589 7.64848098308564 -4.43025003230771 -3.41150473736014 0.250055388483038 -5.74846949075012 9.97552027773575 -1.2022236464368 0.179241720601556 -2.24751017728758 10.0132034046276
2.76459821691966 -2.11446288694725 2.78279832462884 7.05665597797508 1.0898971479678 5.23895353668614 -6.68644967085451 12.5085502219328 0.486819301736249 0.0960287390719393 -0.840689103450953 2.10080781926373 -3.60213173819978 7.02995054262432 0.938925913106185 -7.43385538739093 4.18826653108735 3.82300390587504 1.32590589206831 2.67771956728603
8.61460849701225 5.76615377842263 2.13331915273088 -1.01820659568658 -2.95755342276535 -2.53986830364735 6.82688784879402 2.02612800794674 4.16846068300985 -2.15723659130277 7.83953208850022 0.9110734836478 -4.08059662415407 1.41331143830478 4.50353761763846 -4.66616533195582 -3.87544089300733 2.69617174357249 0.115913484228602 4.85841604837099
-2.79266251344721 6.93000142509798 7.8908731223417 -4.59227807155979 -1.87071816139444 -3.68881563525242 -0.654148253242222 2.72738343944359 1.2389349139777 10.9709596555967 2.48832966779203 -4.92519890255358 -2.54005536717442 0.629861098675609 -2.54450582680814 -0.864812688078628 -0.854278292120874 -0.104723063310481 1.3112351670082 2.08466941494335
3.38411928042111 12.6812487110636 1.09419181451658 2.68034878174724 3.68015907542037 6.84687075547501 -7.50694569531932 -0.651752012597506 -6.52028158333152 -6.15259508641794 -2.15378644094318 9.51208554653085 -0.219631861982648 2.07115948082608 -2.31158479464892 1.0807975811601 4.51099114916772 0.299527002675777 -0.714007450199796 5.43822678526493
8.90415320236236 4.5227754934017 5.20871915047562 2.40003906888143 -2.07352478785348 4.67137223265027 -0.367906327238798 4.71115858010242 0.478773926775439 8.17465268648018 8.68753545951807 1.81053688372934 5.34039766181095 1.86612921882462 -4.40430056604916 -2.3228593445305 4.77809193047845 3.75042949873509 -2.26711338256289 10.1037184175855
2.34223676357036 6.72417318261993 2.95530173820188 -2.68911182484859 1.95723506105076 -5.05115444092931 4.26277159664881 2.75219618568041 2.37527778967529 -0.523899796483662 5.96620502930262 -5.91206681137262 -0.193110053085128 -3.66324280208445 0.0231496262646111 0.30590910269222 -2.39772199738322 -1.35438277624061 -4.06723731295851 13.3870494439792
-5.68242021365648 2.26546709733084 -0.450400701898853 -6.39851825955207 0.990131393321904 -4.64294535530428 -2.12253673775553 -13.9869448944402 4.35423355756574 5.99220269753528 10.5832700787908 2.42070523296586 -2.77033221463868 1.66018952672874 -6.35682243396497 7.54698989700879 -2.29241878089715 -2.25736245128923 -1.39051282426479 0.0656026777698266
2.48074314555471 -6.37642201592606 -5.34261931482737 4.15067931733153 -1.29715228569829 1.17751794118879 1.18648664876879 0.15976321661678 -2.26614809513834 3.38262088335071 3.60651301972159 -2.24306336815637 -0.816469876531193 2.37319314492049 -2.06720743910441 5.75008020392423 4.39868253589549 -2.55531471809374 -0.554377247626754 6.04398012187347
-7.45149688952835 12.0275823983659 1.84037289111608 -1.28752623293275 2.19143570777633 1.01752510199334 3.1221934238923 2.15634917125087 7.13200823638541 -1.3998384966823 6.04111493396643 0.350932920323296 -1.72367028457619 6.65522662629946 1.85025321987992 -2.45761937497961 1.35803460802469 -14.6422873407693 1.97153598284774 1.50729875311263
7.94356535322144 5.87081240170496 0.200809715762316 1.1913719585725 -2.94014316513431 2.11661465830023 -11.2832014770297 4.22265865260495 7.24109472447825 -2.65757079237169 8.13886383411849 1.03117993034142 -0.269278902809723 3.29198326435307 2.52917625104911 5.34849156885233 1.82252742497301 -17.2063339245093 -1.70074624749207 -2.47297020739525
1.66770267790809 4.37866710627688 -0.330143712205122 2.72754953246771 -0.733696502791806 1.4119490217612 0.365284170160342 0.380493956435764 1.14156437067572 2.21018588098847 -1.56027231975351 0.73802972053821 0.844942040489395 1.62648094912315 -4.42851888895397 -4.62119571078353 1.08486982521208 -15.7062516960345 4.58753319484625 2.17283535458089
7.45741624074577 5.69222476062796 1.73019919504314 -0.173798353132136 -2.43738507130583 4.87416032170962 3.79617451025844 -2.03409026406806 6.16543645584072 -3.93566228516521 13.5964074456415 3.54725374350931 2.20403608353486 6.63032317892278 4.54256993441526 -12.3147715074344 6.30348832457903 0.0284898634143196 0.739310235526632 8.72118591871122
2.76285289801697 3.63308153427011 0.65451606378365 1.29467227516209 1.10020068559591 -0.824313200944593 5.05749632464218 5.19249068411456 7.60946543446277 3.39005159088207 5.26123166273379 2.40177581989699 -0.632515740562045 2.34142209700146 6.60429124541878 -5.65300694253537 4.0602464033205 -10.1180202767702 4.38931841958432 7.47441855790296
-0.429153801877835 4.67173415763671 -13.7330989301651 -6.2575273044554 1.42327066866727 -1.41407543494021 0.440260925637955 3.98381739531093 1.60063765567108 -4.08650206911784 2.84320592276462 -10.0740386934318 0.598494793078058 -1.8505356823161 8.68516538164833 0.508915261817484 -2.97763933429095 -6.49274852735929 2.06277657100331 10.6489672289081
-2.78172142252215 3.13938069058753 -1.89859404219635 3.99579906205772 -4.93292688881279 3.37543813767431 11.5010626969849 7.3198519295143 2.69467855226897 -2.58211657323287 1.45195442787089 1.04405376959629 -0.145897766650856 4.58242270093814 0.27418237299041 3.48180315235413 3.41309029552741 0.146894417462493 -1.33577176595008 2.64313194947408
-7.42115379572863 3.13624964275388 6.05919436973351 3.11316955863387 0.147248098417646 -1.66051374358361 4.19059183226488 -5.93249921320218 7.53777658521752 -1.32428812169662 1.93038784994198 -1.03993918099712 1.14588821995318 1.73543692937652 0.766204960192138 3.58731682317046 -1.71860206296908 -11.2105238504275 -4.14715485441844 11.3656671760514
7.03779815175634 6.84403677207398 0.0823928075750235 -1.36320395250562 1.27197628756646 0.16653670836959 2.51204779211486 -2.55084469262357 -1.12061667620257 3.63639976466255 6.81475405780641 0.817935007913928 -0.522755946348794 -3.10692516912667 -0.0596865209209822 -11.9291961596166 5.03857836998997 -10.4732956637391 1.03111404706007 3.32300227370664
4.05401105488285 2.64562959812227 -5.95133213764757 -4.62820337348121 0.242787425854655 -5.16665354875867 9.66110507975425 -4.08688031417209 4.3081350772247 -2.5667136098262 0.205485570159034 4.10766482275115 0.85517487066795 0.445435991826782 -4.15700218212524 4.03674935855251 -2.34106370358418 1.19208695833902 -3.87634197262121 -2.47027406135452
6.44680425149721 -5.49781392406828 5.4888189720055 5.06809998469808 1.42396060469251 4.01786692105376 -6.42981707187578 -8.46097303246835 -3.29867176044985 1.5420058307291 -3.74506962844242 -2.0875405878955 2.30079715801935 2.51939319508491 0.75727546491408 3.05718818719679 1.77849443398058 -0.905420443870919 -2.80151402653243 -2.62873128076156
7.64013816593164 4.46715796448122 -14.7023848276446 -0.145806346617277 -0.786739494397604 -6.63189206872542 6.77888482257044 -4.76809470432029 3.14185928348041 17.8291287827331 8.53875007097483 -6.45130643862192 -2.540359610494 -1.03333130890807 -3.12812611508673 8.7901536602337 0.596310604378085 5.92691764893481 0.964132392134198 -2.7079562541037
-10.4447411235141 10.7947562142259 -5.75540683793018 -7.15780811408668 -1.5478428897865 -1.75286466652763 -0.924629328217124 6.85382096837098 -2.24793487112849 6.27046287707957 -0.313266464830199 -1.58340223696893 -2.64440402418072 -5.03908237164 -4.3793606349092 -1.68818164043533 -3.80850399255985 -1.82474356898297 -0.121426319235904 1.21635519091918
3.44933400897173 1.90083426218517 3.17908881416076 5.19926766792624 1.70899594158957 -1.5089324759848 6.95146983349831 -1.9157434764134 -3.84231709264591 -1.62091130101619 0.474661949736002 -0.990531442094864 1.71153296888499 5.12163251738388 -6.52140137509078 4.57816106416457 1.0371789936222 -12.3236123799409 2.00724980829398 0.738708202485886
0.561214627246825 11.6508228679959 8.61358351401467 3.04662033055117 0.39558215725995 1.58434814184891 6.0127994691991 -3.81172354815799 -4.79639585691853 -4.18558962116285 6.65169954777883 5.54055964318346 1.91245665155063 -0.939889508146929 1.26262056130175 3.31534455226415 3.6985283081297 -1.22900344077028 -1.56159340382357 3.67283340481867
-1.18160818872995 5.15329424898616 8.09113454443748 2.66202573150837 1.49696806161028 -3.18950570107262 3.41217340803962 -3.83191350612284 4.63315679174907 4.68846198450132 0.891529793496951 -1.28727217617728 -0.0722550850369625 -1.19500331044438 -4.087587847216 6.37483766867014 -4.64021254126627 0.832995496612453 -4.19659055398636 12.51309434077
3.1971941062562 0.372424079208682 -8.67271142721222 3.11849515405382 1.3906309697277 2.6634726540416 12.0802697167566 5.58719428692825 -4.19491675549031 -3.74861874211397 6.27405218414682 -0.68321553695283 1.09840438113237 3.06809323820122 1.42682520315143 -5.09156655777366 5.6083764037287 -12.2152505423663 0.929473914270294 -3.06735047824722
3.94348994027719 2.85707480478034 3.51366717794785 5.86235317230598 3.94520218304509 4.50396746041869 -2.0605285366941 7.39210770234584 -7.89389989650398 -6.00679720985432 1.80499698038845 -5.19717644061349 -0.327470050822257 3.74200455880986 0.177221657326281 -5.76096433038378 3.36524191509318 3.5989163212298 0.851395091674877 6.36299128267138
7.48255044623147 4.54657481192654 6.70991381061552 -5.37139083529198 5.63946558275517 -4.11954498984435 3.29340549512137 -0.642741547839505 -5.53496971316891 1.47320924292111 5.91986759362595 -2.2348898170181 0.569075189337156 -1.15185543639201 1.60563811320445 -1.65633870780217 -2.81071923176794 -4.39270771974349 -0.0128060848424624 10.687273617558
-6.60008324284285 -3.24933707914797 7.0476617806515 -7.36649824744833 -0.828695931373417 -2.36582838656063 0.750745432704816 18.2727667606246 -3.63264253834107 2.15208780630229 1.35996181745616 6.88110783982366 -1.50926502336933 -0.611940572232469 -0.825790450971629 -3.87410884152595 -2.6122101534849 -0.331449204544616 1.13505604655056 -1.63643007005858
-5.32010552953901 5.81090150492012 -7.90697994306589 2.06411470156134 1.58238144634049 -0.16553398863543 -8.59810734587758 8.427563102857 6.37189963650927 0.587988344886036 10.2826845682187 -0.337614094182298 0.748327081697927 5.83285167426232 -5.10921031846251 3.05483312653107 -1.48640335394148 -14.9864057737433 -8.64167378430905 -2.26208329177391
3.21900494965904 3.53083890205814 1.48756577633257 6.36502133623481 3.32791469606825 3.50772158595964 0.189295439235959 -3.26424897174387 -6.19433223546911 -1.07573544852087 -2.87107997227654 2.07942029232871 0.461300705197266 2.13592098052471 0.365933740129534 2.86879620869569 0.0494063934721738 -0.400236659548875 -1.15213309487509 -5.10431409464643
2.28183944693854 2.05953022271774 -1.67785696450736 -1.71924315149471 -1.2964128278687 -3.15051919938512 1.06770777237975 4.61204167458274 4.92665454381632 1.37903931011664 9.70894970340754 0.737497070893519 -3.71752254390892 1.52431935618989 -2.10300341892378 -0.424561869222343 -3.16169920416157 0.862449242740559 -4.33901593461144 4.95446449400348
7.12337376436739 2.71910064539681 12.0958529327028 0.459163377194028 1.79324455143959 1.67056496145083 3.33235544953788 -2.43691239494099 7.24851279678664 -3.27254665593032 -1.69536963323609 1.45204705986425 -2.68061635588448 0.185722129281839 5.88360296147572 3.46781637377525 0.44725826093142 -11.0224731531425 2.68188999467151 -0.353898473068875
1.06152836404742 2.55214029143602 -4.6433619518393 -2.56313941930406 -2.6079983885142 -0.566672059679354 -3.13824046539196 1.09350977396852 7.47470880082365 0.58341728604165 0.36400549215614 5.29282517570762 -3.42354930170872 -1.97901813087337 1.92609615980949 7.12981905945729 -5.90227459524318 -1.35525001844287 0.905141114507272 5.66037749866916
-4.06557264155346 13.4263979851709 -6.49252532339968 3.12252507384527 -0.88774294122419 5.32431272250642 -0.911283116308335 -1.16015437286632 4.27386006529679 8.59051707340055 1.64889971375167 2.73662425041271 1.27218669675912 -3.31023355224679 4.47848930409273 -7.39370061638571 4.68306811766823 0.739622123750796 -2.76388511984944 4.56378291913924
8.73873307766784 10.2769807813196 -0.260864252074729 5.34049764469864 -0.496789828165096 1.4628581136595 3.84160519855042 -1.69408189981766 -2.31908314076336 -0.168215339390592 -2.35672874606369 1.05703257408771 1.24385665695836 1.67005714789 -0.593553567321811 11.6235820514184 2.77555046893756 1.75997285869505 -0.795514797672232 9.89581782473292
6.80381749035533 10.9674503374051 -1.54140158553009 -6.42069918519151 -1.40837682169351 -3.55188968541091 11.2175190594957 7.16541830618199 1.00731598167674 -1.71784541419524 4.41465598370042 -2.8372008198006 -1.55251220658036 4.09285112290213 -3.75173752761199 -0.0635988022127674 2.0391261928047 -2.79092732649049 1.61157897270181 9.20655657486693
1.94779993537174 6.48794205196885 4.21956421569334 4.08915363285238 3.97961199515922 4.6392541944583 5.47096819445789 -7.12819410402486 -2.30431935142468 -0.594829428593703 1.96977289380991 3.7028605592453 -2.34594171923688 3.40621403266131 -1.64254583831411 -4.26255853568779 5.48011961562974 3.9560418375518 -1.46522012127918 6.28591789588431
3.3522232825392 1.69958760102575 -3.25273947747496 1.92257435403528 -1.19860475065974 3.78782278353214 17.6855511718983 -5.19031506047006 4.36462458178341 -6.10246178680649 4.38549858751165 4.94696343106055 1.0734641432956 1.29665571095575 -0.0169996111055817 13.120482301837 1.31481386979051 4.46422007073427 0.00432696510240999 4.35261364317521
9.99026237309614 8.73205546830203 -1.78902699202263 7.27099628861661 -3.43929560947544 0.815681264098695 10.8168330588218 -1.69620053064551 8.452570040383 1.29951282916935 6.3119017281128 2.63589221930915 0.277893776744418 4.81601566139068 1.3734000153687 -6.49567989293751 1.8163178101782 2.4668663095931 0.810085175657306 3.02001208845404
1.92574971184003 10.9744304098266 -11.7123377613125 1.2133146809827 -4.3430112226619 -2.88814871904848 10.3696123094621 -0.298971094599002 0.554936327149612 4.23571982781831 3.93556811182195 0.897436428571129 1.65763948222587 0.854428992374067 -3.37890858764827 -4.13937408168429 1.08089339092082 -0.898926129475186 -1.28009813025635 11.5093613610066
7.9338660144764 5.18608449309564 0.984172869608213 -5.83273110678263 -1.94779969766985 -4.24848071242038 2.4552956152628 4.80693606590188 -4.21502490053945 -1.58819856829692 8.94174456049329 -5.23901266422178 3.04673223609489 -1.45047303262172 0.195901758293183 5.14789741580751 -5.68627728659996 -0.204172213290737 3.18927934619245 7.63109167242409
2.19288619494267 2.78274480737526 2.46524549096647 5.51512630518259 1.95329091069509 3.98133348405497 2.59448442296535 -3.05737630743489 6.54415638707573 3.50764236205526 7.38663355992563 1.22086552200068 4.96188825866187 0.273162036157934 -0.001334295685683 -0.359790105144551 5.69789151251784 -0.302839749687657 0.0725585852345289 -2.7380541222819
9.67962603336456 -2.74124170725261 -5.67596004613196 -3.95904277956656 -2.15093303234139 1.71446131529694 -1.48129764354002 -3.36771813110507 -3.44434896643779 10.4879133484995 3.87025467251805 -4.1044257950392 -2.72231504660831 -1.56348403341164 -3.7115842696937 3.27417812507134 -1.49949348204886 -0.563289479081712 -3.35945846756667 5.30143625308347
-1.23154136064023 -5.80688351993768 -1.83058739196191 -5.69983355201046 -1.9286205661794 -0.38984653471271 3.23430455058541 0.420630204257565 6.73000877326129 -1.57603816195074 0.267634181435074 3.68404350289752 -0.246673968796623 -2.60511601351525 -3.63584266570875 0.494165214050332 -4.86711657280971 0.799182803695694 -2.82638498947932 4.58837877820214
3.55485226375144 0.863705487932265 7.96167178866554 5.65473983864447 3.14513216603303 -0.822877983087819 1.09817864142598 10.2487826363403 -4.63740948382568 6.88047472151145 0.166334205753318 -0.662964713175608 0.877209586138772 -0.957735897565863 2.557432030435 5.30369149579953 -3.35816036697022 -14.9030960959442 -2.19630742680506 -0.305345738717957
-0.709494353610858 11.7163382442125 6.21309114890854 5.23507853544895 -1.0555881448164 -1.34246805861762 -1.78664763857721 4.45013721189837 -2.42153637791319 4.55584956780699 -2.51792652705288 -2.11474994940307 -0.650224306085697 -3.17334591602858 1.55745273616675 0.892196928756546 3.48437053463053 -15.6363357547242 5.91226310896069 2.98306691101404
5.92875439558662 11.7099832085603 -7.44554639883698 -7.48533819115456 -3.46896341059952 -2.91941017065337 -3.55763262891942 -2.86453518494508 -4.89530289264826 -4.64449684918216 6.41534707739115 -3.93778466069837 0.347998548676463 -5.67040726967447 -2.63955347195688 -3.81055826697884 -2.59153865402785 -0.867716457319048 2.55393478348442 3.57902503860116
1.2763200929586 0.701079144263892 -1.91740853687952 3.91326736869458 -1.8792967104401 6.29283818899345 11.2114515170841 -7.61986896807004 6.30992513615537 -0.805695998126883 -1.28039160343217 1.52186125502868 -1.00213742830896 -0.220030194049898 1.8039701429056 0.108706617171874 2.72067159282382 -1.37790692201621 0.723537241718816 4.9429460184092
-2.53820904660805 1.35800681970751 -10.0726133775743 -2.4620823232983 2.26684828200354 -3.52438134607126 0.625234875173351 7.08871194625939 2.6468563009655 4.00283736733028 1.61975580141041 0.729679085860439 -1.7788309255656 -7.26515437278485 -1.5774502835568 7.35054722471643 -2.90597745178362 -4.49391289514917 -0.0864336228686512 6.34559688250035
-3.85314128017273 0.0975957969926213 2.66635009227743 -6.17498218929816 -0.900569078855995 -0.188601056609489 -2.40334139653296 -4.10470482336565 -3.96654616386675 6.66237305504153 -0.0135144159772449 -3.80899185864849 -0.461000358271222 -2.17248897985668 1.18512522518817 6.48080193454837 -7.22762945606994 -2.19253018383506 -0.73541337483162 5.4841018415135
3.90131898652329 -5.85720441978446 -7.84450391574696 -2.66247727822411 -4.45477480415196 0.609479749316992 9.28663259142872 7.02991730713067 6.00363761964446 4.36920335594178 -3.90570359538149 -2.42409462791986 -0.0877067008896215 -6.94058805425319 -2.80440433861136 8.14411159024515 -10.208855315405 0.352414608894584 1.42975842768506 9.54518732212498
3.76917271046539 3.94754448161641 4.34427529742876 6.35722226461655 3.80248746790376 -0.371448439124914 -3.55984337133237 3.48867163486376 2.14413799532136 2.71472823689416 4.15700899043573 -0.318966627137716 3.26769897274675 2.3301840956891 -3.23873334090954 -2.28231649277997 5.09899492997914 -13.4374787447184 1.48224961797879 -5.92349484975024
3.39017107496003 8.73745416860645 -8.65268408254471 5.86218125072836 -0.68755094360649 -4.16458823851028 12.0207744235752 4.81071735872653 1.729944203897 5.20868314521716 10.6349467087102 1.66231747245453 1.64710257770681 0.548436928365101 7.89391012901902 -2.00239177606196 1.95442203888855 -15.3905475751721 -2.80798125888228 5.77859303168107
0.611988898136203 1.84359073715809 11.5171966264115 4.13339360412483 0.219154704940246 3.64127182226605 -6.06183398663846 -9.30237136651812 -1.06066691856146 -2.72048301392464 3.80674273500074 2.17007365298792 -3.45760669055821 3.50604555965835 2.76273907403149 5.34365660052035 2.05178545804619 2.26904729298994 0.303747668705516 -1.84654816851542
-9.50516270720251 3.96482521102782 5.7220240095639 6.14047444925733 1.7698747059837 4.56807239026668 5.29466534007567 5.93188112311828 5.34063756867889 5.75598785436299 -1.20764668298044 0.574162818892112 1.43377957079707 7.93058310271579 3.00138778623125 -0.347967778442089 2.61121549259636 3.27181771156552 0.335472479896092 9.72629907958185
-0.112627254878038 8.23704367813539 -5.84952887843871 3.59931397188502 3.82380452306311 4.50917188173141 -9.17825827572293 4.06586842341703 1.39031825429657 -2.45244151702288 1.27458730665 -0.295290407134196 -0.239424357790654 1.71030043779944 0.794665360981587 -1.61535496479998 0.419613790972977 -0.524539676592561 -1.64951193443519 0.167812660025312
3.80958507214023 4.7477014173308 4.11276816272465 2.50240082507575 3.59445282014906 1.01792320572397 3.67014253065668 10.3840533928587 -0.415756215172016 13.4582126342805 0.486660888199787 1.60142514939309 -2.18255764404158 7.40035459358673 -0.413699254311648 3.12697103671253 0.811595196537511 -15.4481007222696 2.90304375554747 -7.19339510372588
1.60554334666178 7.13361126764392 11.4276682798141 -1.35527055066125 -1.83518347795532 -8.24879077675884 -2.26325994240394 -15.9434346940713 0.288604673483672 2.10298124976803 -0.922376004726906 -1.25440762915833 1.7629012932176 0.198566515016053 -6.72379271927774 5.12638376138679 -4.65305876362733 -2.37336011276673 0.646011549925108 6.26593909577862
2.80639509868394 -2.38169809685837 4.46940661633444 -9.10080169709539 -1.5540872391795 -4.6460294797568 -2.51231882114116 7.93635251935971 9.0361571971105 -1.94124027419101 4.85048707924999 -2.4768507426702 -0.586637803906188 0.88653970577885 1.1515176441085 -3.96424043512444 -4.1347408061158 -1.79036086326119 3.84602115045557 1.11423920990997
-9.82576201754185 13.1579641320761 -0.321494729779719 3.02117582379515 -0.778411484238685 -4.41401968289245 6.25325585053707 5.47539778601586 0.251525551798569 0.819978953432545 5.32271015522141 5.12382550380142 -2.97237259337643 -4.23204723949208 -0.402468549129208 -5.69852582689905 -0.357549017111031 0.133528574765 -0.740359507807605 -2.87094009118724
0.0911063698505314 1.87103791655476 1.34751029253606 -0.784806967106062 1.26021019608412 2.61826133759837 6.82376758877403 -0.172540526503308 -6.56797580910869 1.69395139876167 6.20733384762588 -0.230777817642544 3.85687684047101 2.89937237892055 -1.07755327476166 6.25947773315233 0.935469195441955 -16.7180922559763 3.80399162885913 4.33203437013852
0.406146777226721 5.19425791197734 -1.38602498267908 -10.5774484887531 3.77919416826708 -0.173022982787002 0.669404540361535 -9.63635778624238 3.75951807428272 -0.974732191720935 7.95833935106917 -1.24651692126461 -0.703638988921077 1.50224991557349 -5.85238430310293 4.32034433470625 -6.34233017791666 -6.25433863582036 2.02043848774625 6.41608602040082
3.5921532954718 3.05127852617104 -0.922162041425836 5.95021334823875 1.92051696540309 -1.1701070201064 -1.38748682014882 8.42496455923693 -3.447094152688 9.1366850517536 -2.21781327921649 -0.289740240831507 0.0428146479494544 -0.851183431116789 -0.64780603258139 -0.380672517139437 4.85951875721459 -11.15926350178 -1.99934148094714 1.61121762273461
0.340285770754727 9.11613868064032 10.8674570905467 -3.05156405963241 -4.03644612655762 -6.14414756188956 2.61669268796037 1.42710748049578 -3.38992585228475 -2.5609823636413 6.28551801323183 -4.06233679575789 -1.67534431524498 6.68887646931501 -2.10918998271313 3.488951114558 -3.34102556480958 -1.72000121715167 -0.968954584719127 -1.95797329123185
8.16650068994401 6.19055856298622 1.98853200461217 -3.89209139903684 1.86559743114291 -6.36495287693221 4.42198663930835 4.80139927668737 1.7733202262798 -3.95014040559255 1.52164973739368 -6.03405252769169 -1.10241214683358 -3.22604509309596 1.8852795769093 -0.405565378708793 2.6261747093594 -1.29793986239069 2.1248798047365 -5.13503705950866
-1.31220234177258 9.12630191719053 -2.08241957013088 4.27517550957855 -3.5402139618617 0.0562228061117347 8.97303442363192 -4.20638443377668 2.73514748457326 -2.00367087267824 3.02276331653357 -2.58642085713727 -0.224921154772358 -6.69437411886691 -1.54558121237359 -1.70686169736377 -2.32595874988331 -1.30059997865913 -1.19123849998212 -6.65727174743068
2.55620832002821 8.33680071977652 -9.59024513881127 3.22800921356634 -1.99112187032022 -2.59294213717048 3.00385072338537 -3.01017164385226 2.31692772682527 7.2922469381997 6.35898564977787 3.28439465419946 -0.309889740999485 -0.485074736966442 2.42451590079049 2.89899022436528 -2.14601091668402 -10.6759095837025 -1.77005347243686 3.96195229067189
-1.68343751118483 7.93962900787932 -2.64569473293011 -3.80762749825381 -2.14554728765509 -3.61612372004575 -8.85206159065073 -0.578144920635747 1.06245418008176 -1.06307538644791 6.59311470886925 -3.86761926037426 -0.755616152599995 -11.8640832011982 -0.160000905895598 11.4221334336326 -3.52831981530241 -2.80733129518875 0.599637798259411 1.6423421069794
1.72670745350219 0.120756238777511 -3.31659198870591 0.928508433451544 -1.83336893488791 4.46755249826048 -2.90457379128151 4.84060712039558 -1.71362381897552 0.548461442077679 -0.373899870787274 0.599978923496761 2.73270382416134 2.62638709462823 1.92771833321204 5.02158519254071 6.71280127803684 -2.965573340666 1.15306846369525 0.676002001392524
0.463384443825149 0.238332373952366 0.547457784328812 2.05844490528361 0.487736486735506 4.81755177055759 9.51002904327398 11.2973777355928 -4.58538036195107 7.90714636077093 0.874891720211597 0.471436211450794 0.894890524176234 -0.445474634341901 5.08826416758888 -5.6044119195962 5.20532105994384 7.50871979940707 0.188705597508819 -5.80479797510571
10.673569000351 13.4275570178416 -13.9518170713971 2.44876541616133 1.48416622849291 1.67153155206876 0.696683694671162 -6.90325328950611 5.05929028499537 3.00372790774894 5.40741406894035 -2.30937114016261 4.98688536651397 7.08480659691617 1.15585167765168 10.3652870412678 4.55067370267248 0.833355372331039 -0.285697744481391 -5.62884759427834
2.03337479360976 14.8662896483022 8.69553019893254 -3.3035700768138 -3.49816043549966 -2.80654061383983 13.9932387508836 0.361311475635625 7.32573199300093 -1.00114591856724 10.6999112580515 0.400366023593832 -2.96614377749371 -2.02352246299958 5.98697159765108 -3.18357688375724 -8.30491180953048 -2.58877895716893 -4.59603388939209 8.75645906545649
4.48365389727343 5.40783283208825 2.99916616518775 6.18237220520122 -0.177064532597409 1.75019687809715 -0.670177077062724 9.26446616393549 2.49356589481207 1.41845540289348 0.98440931651109 2.01609851847319 -0.835904599573044 2.06534539003991 4.83157063122798 -1.98958441003258 3.36544484339902 3.75448883301398 0.906370381476586 11.234464873634
5.75529148668751 12.1579786280963 -8.92528954443011 0.468259058464718 7.66009418797552 3.80159476450071 -4.15421246726063 -2.83374384509862 1.59314723900867 7.93813995862035 5.99552566154693 0.480810013235414 -0.696472550324922 1.79298518761138 0.023315172263858 0.993059553934665 3.64398502518655 0.498402064342282 -1.26514672782924 1.97793821957537
1.97262258525395 1.56174102820371 -0.293523524289438 3.40360850480343 2.46148368226058 2.30421746001043 -5.37705452610489 3.97345381644389 6.53902388584248 -1.15416695467463 8.12600239395921 0.056317881162502 8.42427759390836 4.92729598721738 -0.743005096793322 -4.50651632464608 4.75833337079005 -2.86264687922133 -1.54251536728927 4.14623722728291
5.16495636163676 11.97647651061 8.09916742858701 2.96110746917268 -2.06706956076015 5.61195942149116 4.41501081939509 -1.18860279111878 -3.13884596945678 -2.17416826864877 6.24777634242159 3.64306177149275 4.44218828659612 1.4623664978021 1.07248216919023 5.16106679277044 3.39802884036788 -0.0113919006626317 -0.507339460983268 -1.46907689357019
-4.72788922866194 6.7072325064077 12.0179764087204 -0.950237180377763 0.532026873967734 -3.98271661847541 12.9097558312694 12.8894074540304 -2.44185420381432 0.264077311869314 1.60361489264869 3.04475666860871 -4.7775880894998 0.506168048952634 -0.34435651431091 -8.31845805342686 -0.219074988379539 -3.71038718727793 1.20335359912021 10.8554689557527
-6.14694073468782 4.22832508880593 -1.80835200427258 2.70151178680468 -1.72619292662282 3.09979269165958 2.95923717673154 6.67253672460764 5.02835984317779 6.91936003359236 6.21483971941981 3.34708021853114 1.69441814224766 1.5839875471081 2.45453501370733 14.9637439303251 2.05494979596801 4.7055408714377 -0.868233211076759 1.06179338372926
-8.76606877257283 -0.555996047873885 0.783955409116062 -7.13667887920424 0.338669093063183 1.885562143529 4.80762533710867 5.97193462626483 2.00813810809193 -0.536999518212081 -1.98488915618696 -0.485097219455446 0.205789001202435 -1.18917484904852 -4.41812673150624 3.18237911412269 8.14397495575393 -13.2678606717989 -4.10317394817136 -4.4257267558008
-4.7815779083982 7.84480281195955 -1.04982755350796 0.275163414125032 -2.18581840651621 0.365556948821725 2.1353842664734 -1.23561322138594 9.12309057686024 -2.21421204729108 8.27010731272244 1.72299260171363 -2.56280913970805 -5.00514788765008 4.33176826403908 1.26403815464342 2.18723887056976 -8.13747375275365 -2.93065967256843 9.02700515751441
10.9489656204803 3.80575206890851 -5.55530208293975 4.34320331535588 0.654686648292458 5.19508286974833 3.52721602939585 6.76052805247136 0.440800619330727 -1.32528308789712 -1.9954474305592 -0.849939859422327 6.54758474887614 0.245660403823299 0.700846704449967 1.06393017522818 4.48519097896031 -0.482862462387127 -0.320146706360784 -2.45946980148205
6.25796553863063 4.80404960666163 -11.5194641438277 -3.53833782953385 -0.137530937223068 -4.33228578969249 -4.53572077715186 3.29465350858211 6.90508723613941 2.3307041003263 0.47368788128294 -2.59974924871815 -2.39304186827322 -2.07040466773659 -0.292991875799114 -1.13696087816144 -2.67293349598855 1.64484121094904 2.40016663581654 9.47973650748736
-1.55296121243941 -0.874546705361596 11.8840698580632 1.38104417922036 1.7253379398303 -0.280489737969188 -4.25316966151977 -2.95142068700742 0.241430053817301 2.38090622897153 -3.39830582202247 2.51325722067274 2.31232168639748 2.52657650320365 0.15102110156377 -5.94503946571108 -3.16113194477546 -13.5303157672371 -2.76545959108832 0.715550998360437
7.82715425638888 6.02915014495085 -2.79687524361581 2.40375921606161 -0.904221896059493 2.09806023316881 -7.98369873054289 2.61830643653119 2.1766989989908 7.92402045713792 7.45009468620164 0.374430091913668 1.62229416364352 4.90917464617822 2.74053647502964 1.58038988437722 5.54573227485674 4.53335250514114 1.15837090626113 10.328018857782
-3.02885673553634 10.129166609201 -7.95821091592275 1.02396146104426 -2.22640123629012 3.4189371023527 -0.669780436117184 8.06639641918481 -2.06580048322397 -6.08975031157107 6.37952559615461 0.263792460350685 0.643248981027918 0.763319889714947 1.17873581815289 -1.64723896131914 5.66146614095851 4.32788122135805 0.540433779526169 5.03841828310136
4.19197017866855 -3.39735085281873 -2.74644474465737 6.78946020317424 1.57465153249431 3.58352623990558 7.14696605851885 4.23272427849714 6.35203045325184 -2.82336380430472 -3.97753917425946 -0.0891038580204583 -0.409216417298467 -3.58468711240769 -2.79631864025765 3.22565451819205 0.497306999272433 -8.46381412211211 -2.04732624181219 3.84624351730423
3.42431612029557 3.46711135554082 4.9654239438358 0.919717982280706 2.72572642379437 -5.81071999230346 1.97229761930293 -1.2253226907267 2.12812750606626 1.65189489920974 6.97528558935827 -5.80051728983706 -0.979958098770883 -1.74558947214083 -5.54834466382961 3.63390058410909 -2.01607624250938 0.970090012774975 -3.2137132652789 -1.53321412296376
6.5163067040147 10.9724931690062 -8.71108710239319 -0.651870727059026 -0.402367147393412 4.36462216113999 4.71345961973968 -4.32369916640602 -1.25860962625441 -1.94672003905563 6.94791705563305 -0.811192102738212 0.916039999672393 1.36259416434382 1.85250502582547 -0.758163244131264 4.11297919055053 -12.3880746591313 -1.72233933671679 2.05751157093889
-0.269063102206084 1.16299351173339 3.96816524718379 -2.92506739820244 -3.96169779521793 -8.07759522375379 6.2284499984983 -2.40347620148601 -2.47546199524702 5.8671528522101 0.519724756350931 1.53373697724948 -0.125909283395983 0.917493584194878 -1.35759413411151 2.23479037803677 -0.508392406307989 -1.83024316918876 -4.43361089579916 3.86664910099541
-1.06105588200892 6.60457575399464 -1.28513917172301 3.04553349564542 2.83745122163599 3.64080068813284 11.72900498305 0.0515828190419522 -2.04458089718216 -7.92101727027927 8.99200344196238 4.10530089312266 2.85679337916607 4.87961085514884 1.46721444077784 5.06235425122035 4.66763514332279 4.40464670385558 0.714085932904534 -0.930523766528848
-0.948071543490118 6.89067444722284 -2.63446906631911 -6.46839754815948 -0.331028645809842 2.45702251489057 12.9460987466186 -3.30408085180482 12.0858018377446 1.12714590006622 3.34582616270779 -4.28758488106511 2.64700992164174 -7.08966475145355 -6.9118606254799 -8.61411349107168 -2.68252228442826 0.145328798208716 4.22624508068865 4.08539926239504
10.1248912202211 2.73858241347244 -7.09375105802952 -2.50193313617433 -5.23403009088276 -11.3044863852758 10.4830034693239 9.55630458778304 4.76768519283331 -0.135802346355682 4.13907900350131 2.6478322562815 -4.03077907205427 1.49921548765876 -1.06258835733226 -5.39024737971339 -0.0814378513611356 0.0492858314874205 1.90075278485533 4.09766638680483
7.38355823188161 13.3136577013445 3.99822039110392 1.83345780244022 -2.47100081898579 -0.820561817015484 10.0618881666965 1.91897811061588 4.25845743856136 10.129646016215 15.3859613402187 -1.49499591783404 2.37030409612448 1.22275315800042 3.63423296046242 -0.488761507445726 4.81646919096419 -10.8771475671854 4.21582416361987 0.0638575050534702
2.13035746876313 11.4406187386771 1.99279517008842 4.44745704145721 -1.05614133481513 2.37871830376083 -0.794185769005512 0.897778369529498 3.65454249138955 1.13353776987664 1.03858471690315 0.533177018105845 1.43808382266927 -0.195190329933197 -0.476795171137244 3.8286031081629 -0.068128806933804 -12.8111522208285 4.04739209459223 3.17021962963323
5.24277286804167 1.87458028036792 9.44560210090364 -3.08684716777212 -1.03373111101292 -6.35564704805249 7.15189956879813 -11.4713484363593 3.0201859476152 -1.41305661855405 5.03952689377777 1.35622847356311 0.0883180725054034 -0.450783277539454 -0.70694435103244 -0.348499244548401 -3.08920612529859 -4.23025522031006 -0.813944726693516 5.38985796373355
9.93103336064026 1.25966461330256 -1.42743987654968 0.788071437039132 -2.69499280205059 3.11722151376345 9.20201942201335 -7.78290806233906 -1.64396880090762 -7.19249961643447 4.63962361956908 1.76518411711845 -0.348813142466012 3.37259257505818 2.59915848949991 -5.60095337350151 0.579667424347862 3.06607927893516 -3.14413823373302 4.9990470677512
2.0276381190865 3.1601031256805 2.49658642658242 3.65306590478671 2.29149996402838 5.32291444637935 10.0530093943284 0.292220342842602 0.780365579271458 3.00702403324566 8.35880024760952 2.30112081999639 -0.559389982516385 5.62300335049505 1.79957858063834 4.53431120280772 6.95379201260877 5.27060276481976 -0.477242582226159 -2.50469177649526
2.33194348134246 7.47056539578288 -1.81432892242687 -0.95276350844366 3.25597958278573 -0.603330130419466 -0.579817444155867 2.66232724420891 2.75278795517954 0.221465371768442 1.24445379738078 0.376941483681996 -1.7748097195316 0.726129327171009 3.60715174824778 2.89407370368563 3.14306807088515 -14.1067812631878 -0.608321795198724 0.875383441402404
-1.32512590597875 0.673863300309015 1.65177209096197 3.15966686763796 0.420983485900053 0.179398660711245 4.00681799064174 -15.8275540263546 5.04009149795312 -2.22458576093677 0.403236339370573 1.64792270615351 -1.06129811173255 1.00277194832059 3.81421129338522 5.45651948966194 -1.16060549028229 -12.6577899178202 5.94731715549511 2.85385386275032
5.42768841151697 4.5207474792255 8.54364848692617 3.69664842910058 -5.21590407055117 1.49387221004027 4.35070759995372 7.50514334826776 8.21818663370622 1.77017781324653 3.04661481973823 -0.42685307848736 -0.723465158416303 5.95307526259692 -3.33309397789356 -0.29885994373179 1.47150992663234 -8.54428155026968 1.35197696005389 -4.35817359318342
-0.886083574353535 0.464790742803833 1.80944693441792 2.04842702316541 -3.13893892674043 2.06449528601467 8.09729460825911 -10.4359332502953 7.40265183465247 -1.53286751027464 4.25041735405423 2.58765090627969 -1.15890666843418 8.25648321268057 0.636670020114414 6.95335250948882 4.43184510122486 -2.00973714409887 1.56728960449698 -10.4720371998002
5.34226398764579 13.8320493030057 -1.73403838913971 1.71068807646715 2.76827163870703 6.76446962134834 2.40025826394663 2.67231266988683 2.87241359491839 -1.76969301177281 -2.64000945060554 1.6866054498173 -2.01321807941535 0.115251265475748 1.26244337327283 -3.91088892823102 4.3220484395671 0.505647552392655 0.682094999505642 1.39417891587691
7.73091150827596 7.06915523534566 -10.9916644162912 0.356555919698703 -1.13085624876355 0.807064816664323 3.83169026869795 8.42344137047509 5.61532724921435 8.37460051843076 9.64335224070399 -0.50027932706541 2.3343687598736 1.71434787690919 -7.00416902035205 1.95103020173558 2.43156913991586 -15.0394187543853 3.7583252747857 1.51079101962908
9.11656435921861 6.39364284987446 1.72246924758394 0.447314962981739 0.318569666340594 1.43506779918795 -5.30724590961737 -6.07650165539959 -4.59908455045012 2.79928780209636 3.4886395666844 1.45209554327347 0.469397138238918 2.08692689588999 1.56420942912008 2.11840577514348 2.33234791518752 -13.652460029244 3.52527503992913 2.34445935702691
-0.708905416506945 -0.101421738870597 -3.71502477962147 -4.83924968138353 4.61778279678697 -2.51649495767759 -2.60166821919718 10.3285333673994 3.25000226523964 -1.00664219862313 6.69830048644594 3.28877430699101 -4.1534913562508 -4.40634680962061 7.12311160832789 5.56146601400941 -2.86129732028958 -5.92252148129583 -0.853040019076761 -3.53279620737762
4.79690749610351 -1.75632440181658 -4.11116231100735 2.16296594770024 -3.65179992167962 2.23001261302217 -1.31435816338727 11.7475886506212 -4.74911649805136 -5.68604383115654 -4.43455122422457 -3.11952575562111 -0.731018521589765 0.955262603530393 1.27074123706096 -6.55381745970097 5.8903719245926 2.82820853750605 0.893312762413646 7.5076181905584
4.70310101678083 7.66684380821762 6.7945584196847 -5.92721869800327 2.39956169157422 -3.85014584308639 10.8705458153327 -10.1387472587917 2.19239006048571 -3.39202942353913 9.92106175245089 -3.47734366408385 -1.91370576827513 -1.98084410663396 -2.27916872396019 -9.52787838430702 -1.29613258093372 -0.220258280445761 1.86248190199335 -4.76216171157994
3.85345550491178 4.42516072529285 -7.15337381661091 3.28861911233404 1.39286246247288 0.855457747507755 6.6787947388042 -1.37323580746676 -5.6624285746987 -7.72478557340995 -0.766466011386918 3.08835197084846 -5.14784520673971 1.07045821021738 0.522972225243127 6.98464432978635 1.66076017393527 0.816410389382457 -3.83094189386744 6.33899740422678
10.8382807519969 10.5313696431158 -11.8978902991259 -5.20738679765229 -1.12859943317747 -1.73538052005517 -0.283311767399139 2.84685780496233 11.9971533171313 0.975769836842758 7.23411258646981 -3.82541153975691 -2.06789035722125 -8.98308036864974 -0.70144840350468 3.68342158624204 -3.00321177301884 -0.00856111102046841 -2.47464881334404 -1.83918593537779
0.586725865120781 7.18272322785718 0.169321825052327 0.466418425604972 4.07047918934317 -0.121433762320105 -1.23541757629292 4.79874770673097 -0.766207564270421 -1.34248650928084 2.0511398392629 2.8607816286641 -1.87838524187239 -1.50442939673125 1.26800264716052 -7.54134634903031 -0.411312028793807 -9.1133618466461 -2.04869494523513 1.47713012860696
2.8865894464201 -8.72152313561234 2.26307514516532 2.30633343435107 -1.14861828748633 3.71628891572233 8.7583567770808 5.99047892643202 2.57143401681515 -2.38353509300601 -0.125116969336114 3.46168861146794 2.54387752320004 -1.53218550633792 6.19305991820661 -8.46953247061209 2.01147338660066 -0.0180082775962878 -0.408989034016812 6.16041292057965
4.57189130333101 8.23281660824824 -4.30269964565206 6.27545317496242 -4.59505164958199 4.03192570249131 1.99773738851109 -8.10196094181683 2.25248208485752 -15.0813871135067 5.26852937121488 6.04164178573335 0.600968325674541 3.1130688034929 -0.741336895501544 3.9639482146446 2.38608900575093 3.95454432118991 -0.932887764985425 5.84975436932019
9.34024921988903 4.65582988197986 -3.91056343400715 -8.37155053910632 0.200882386491534 -1.84390101721342 2.21567820847734 -1.8626594710054 -0.229684732424207 3.02774051070216 11.3011096832961 -4.7017195460915 1.98143150170993 -0.319106723151895 -0.472968160905979 -4.26325782916073 -4.4811458820106 -2.01522923838315 -0.0323097679769336 -0.397935585629313
8.94520967178185 3.62919012039287 2.61596999231148 4.27087619584003 1.77368781334203 -2.77344964614035 2.15362257302396 5.08036246773658 -7.00517791364959 2.56268995599801 11.1399611042008 3.11319599178558 -3.40387932094592 -5.08485311066314 -0.624419754482927 -1.99953805359 8.05953770444023 -11.8395866215899 1.8122008472737 2.30503973882732
6.65774191542151 8.16366819635757 -18.113760839654 2.13007858030217 1.90384470187249 -4.92193516871541 -2.08425956212066 4.02205547925997 5.59084274460605 0.44344013694862 7.11949072040178 0.652106720425754 -3.27572355325907 1.06228938448905 6.06042239500266 5.45835726690516 1.13824075239687 -14.9447563376615 3.86759727960814 11.4091223205326
-0.172891397599383 1.20645748516637 -8.48964257672264 0.0592136217948913 -2.04468708443219 2.65692550689118 3.35595857483645 0.287073315548587 7.20460488751859 9.41022889209354 2.02423789030666 -1.87395813037779 -0.211234350769342 3.34030494798283 -0.0784753834814697 -0.367680512339361 2.10893082825594 -15.1975396014911 -2.91171925606737 0.19328831555626
13.9279747417672 -1.6105455656329 -0.429912664440736 2.8784613754016 0.69857540148921 -0.783104053441756 6.63084089796035 1.88966999138559 -2.08924055357007 1.48650436687992 -0.650037662914257 0.24131228753633 6.32763360125352 3.81764876547238 2.13983115764204 4.49573875491558 -0.375592904160289 -3.81288779422019 -2.29286273822862 5.08013953251626
1.0878942817027 1.96332879785976 1.01413548950291 -0.803226313203147 -0.555731428165688 -0.601952084049677 -1.42593795545834 8.64148293143307 2.33829027250126 4.52617248183434 4.34050177834165 0.000670443518763553 1.38995571225023 -1.33147587153309 -5.9081533755039 -3.79469621910497 -1.57710307895722 -12.2430738926734 -2.02529037487964 -7.83806670182996
-2.04581586545378 2.52768094520372 2.78195026968869 5.25698045538975 2.31514432910726 -2.26674920095498 -0.285363056119373 4.70837913889711 6.08708751720905 1.47912922830056 0.854564155804069 1.21379586471231 -0.00566387359654413 0.868350500510994 3.16038216726882 -1.56695734949025 -2.92462399018696 -12.3913266235633 1.386873554791 -3.92550743848705
