x1 x2 x3 x4 x5 x6 x7 x8 x9 x10 x11 x12
2.79201062863 7.98357699963157 2.64557621064389 6.94701920805431 27.2672719731729 21.7778223099398 8.93251416824137 -1.68159978153502 22.04407886953 -1.01874330174121 4.63735097270443 0.583055601657013
5.2095396994559 -12.7667262776356 6.37197504974517 -1.09327060981222 6.73822407183104 20.5938045085676 11.6606287813833 16.94762166602 11.5390271298962 9.82491931506591 15.089733177874 21.6288112813591
2.53102921029589 1.3053212500677 3.88047950225945 9.35832730906025 -9.08932268137425 1.85489381598407 11.9258849076994 -2.21495878632792 -10.226774855656 13.66743636423 10.0320653232091 10.6789149143445
9.03147398855856 13.1322185071237 2.24833391693098 -2.5205689826117 0.259133741307024 5.64310406790162 20.4119765925415 -0.0568863888792901 -16.4736800731711 -9.57469215407362 9.8593329752216 13.8114816144682
14.0297431883666 15.2249004109235 -4.70133102589611 4.09305543695586 15.3696133806086 -5.89825246991366 -5.96150353294897 -3.24684520390327 -9.04100800498729 -3.26677901299986 18.8929256203887 2.11884640546949
0.929441026565704 21.2061998734641 11.4062374845553 10.7126593694029 23.3536890019401 10.7826591006482 24.8521612070525 -2.92251898812666 7.37989144575259 -6.18595647366589 12.0477429480899 14.0456958980336
8.12781243029935 8.48524207860659 -1.20329430905476 16.1693110324173 -10.0581602029411 -9.24745641012774 -7.93736324297841 -12.5148326573917 -15.0719997393548 19.401275471052 12.4421761269842 15.3810494008779
13.5027287072391 -6.11403446310616 -7.38746384941702 20.2088401336505 -11.5225780024099 14.0858831802287 -4.70030145675789 3.30940478721608 24.3409818690267 -2.03371510255389 15.1726501912768 5.38912710680692
2.98758785579957 14.2732015508764 5.93304894109646 6.39193411605982 16.4538468996572 0.185310991911185 7.6886964738875 -2.61986229122459 3.760739562355 30.8757579657772 5.74963660348784 -10.445251644307
19.3414657153452 19.6145678228507 19.6830690335824 -9.6741223411635 13.8024840996863 21.5353937747559 13.1809182835423 15.0536798985729 9.24711849582277 16.1667238534746 10.5362909541814 -5.58659398261874
-4.32851000907658 -4.05335491236019 8.05536227032037 6.09024187322589 15.8825705812751 4.97503241778552 8.97208308004823 9.68204401471315 2.50889574442648 4.46278833965615 0.765181202021604 2.71208045259875
6.42505058046118 20.8840081644704 22.0699737012298 -4.06795085336085 -4.55351245716939 0.837284513659987 -8.07392866985926 13.5696262715157 1.50252790791738 26.5693814641992 -5.53711787653235 9.81527896297747
6.65227453757585 24.2866532620688 30.2862128358136 12.953796262969 -3.95342656546236 11.459097938289 -2.75844933366695 15.2580554212243 14.1396887139342 1.19124803413333 14.4727864386398 8.900242554574
2.88666385632337 18.2066552480024 1.67835859650932 5.15288961687041 8.08036350620241 5.12468176576278 8.11263850967433 -6.2991824968948 21.1943249858184 -1.77785488017077 -4.42406604569822 11.2859016779815
9.04376076889482 -0.00775935714949938 15.8886402141882 19.8152733717277 2.33038916421831 -2.82989879631658 -2.71710802924226 7.52567718839416 13.3192999473016 19.4537034755326 13.9182414236067 8.7309180478975
2.55566769299922 6.3034111050114 9.1036959946381 9.13789275162501 -0.744283022188041 17.0662431232009 -4.46284998647121 13.1667533197536 -15.7170427261853 27.3087458848655 9.13686175805326 1.56160978806051
16.7856396081522 -3.68347043494131 3.34463859368163 29.2493383862952 9.23845542703706 2.1366729722643 3.79354432796475 -11.3789007035607 4.09050000045426 9.9481230065803 1.7713310360571 7.6779533710633
-9.60960854594374 17.6749377713661 3.57747934623595 -1.28241469805786 -0.325170417389391 13.9468823978519 0.475579072717288 13.2488212852342 -5.75421303980787 -1.55246908191343 18.403086380638 4.29738306999085
-5.20265305629956 13.6159164628402 -11.7566731364311 26.7782057621209 -5.44133915053152 3.47911555753164 10.6321316118603 2.41960712590101 7.77899524708894 1.38130197132525 11.4532356408484 24.7141800610019
-3.90808609045931 13.6329816615332 9.58981917060607 -9.71121021497592 -0.778429530596235 0.246053011498444 -7.10729874655841 14.867546620283 23.455866093622 -1.88169665852083 0.87123931057968 24.9996581953214
0.316446706780637 23.763820510681 11.4825155163047 4.68643202724669 5.67423139893478 22.0524301047594 14.680452649803 -12.1527683633043 6.93159501660696 -6.02590395831614 6.9625332812033 19.2665167217808
-4.56213314184883 23.1461510131403 24.1759186261949 -1.19383563748417 -5.57013689998945 6.7335874048672 29.0222015906842 13.6230207650577 3.80589708532978 6.8729779311827 15.2491481758988 25.3538431274
16.8324751668594 2.7798885500422 12.822805022321 11.250101304343 1.03366730841662 14.8155226705535 -8.85836410071443 10.5186150270632 6.20874288097602 -1.42522026210856 6.33352459335394 9.95232232893795
-9.37175338788283 13.3205712214958 8.51710144101778 -5.99036426024776 2.59374464183349 10.6605416165305 28.5396625056467 7.29571061824513 3.18775756381615 -1.40388068015233 8.33210153493113 24.9264935018687
6.41490393079387 -2.96100147743044 13.3290201803227 3.08236012319355 10.5594267704632 12.8259606773346 3.93515321165218 6.68456168587365 20.369254873303 16.4284619015121 21.0931559577988 8.95048571923475
3.49574158154134 12.5058174713942 1.3965202961292 4.81438236109308 2.52324123398943 -3.8658052267088 -10.9959381901566 12.9897414377658 14.5738183924665 12.1069268185938 39.9275871310784 5.10260111197413
-15.3500669094862 10.6239912880445 -2.79747037547814 11.6123869128785 15.2583483515911 2.98844139581101 7.05367641235043 -6.47362378192403 -10.8387055879735 -1.46690963626333 3.04484271382571 -1.24259747035304
14.7603898348161 13.1541503574155 3.91486833137586 17.1440522429752 5.32505421690337 1.88505092712703 -8.95562713474303 11.9898472090306 17.034957794471 24.0901107487708 11.2359025073359 -2.54062489354214
-0.613611143072827 -15.0778626798215 11.0121545602288 2.00846377604948 -10.6905954176089 4.71018334446144 10.1177988748315 10.7247602143358 7.79199023162661 9.92550196560294 13.8234433320435 19.8540127697024
14.9531970973715 -6.84651810336253 -3.96216626704254 4.81946958256851 8.85385557713593 16.7251510143758 -8.8210300267474 5.71677280663716 28.0192430506629 11.1395824411513 0.812014278707205 0.294394057944609
15.6817735928588 1.64010002547157 7.67234408001353 7.93793861146315 23.552512304316 2.22292312590238 8.43001706565678 7.54370507835839 19.0326931310048 4.38184539436137 -9.32130663190189 0.646311556873857
3.604943718698 21.2714495037199 14.5462468878026 8.21615862195403 -0.16649161954772 22.9928865115968 13.1078250826588 25.4711979445669 -2.60219832393774 -6.63475029204585 11.6087156069817 1.16441141986146
9.86312395447696 22.4642509647415 4.5797688744365 13.7289790309911 5.37656248173482 6.16787502541046 25.4957309538092 14.0984107884281 1.27432179373673 8.62877700125326 -1.61216786183185 1.59757118737169
13.8879740419203 12.2181276210189 -7.20133428192184 17.6898728252215 -12.7329467785401 0.263088928249704 7.88242308775316 -5.64126578865818 3.07820446537126 4.70851781973581 -4.62151862732544 12.7034709600833
7.99030451573625 20.4838000963302 2.57667448447184 4.72270856061044 -5.1954954096539 -2.55700396990384 -7.31612275782873 2.52556999400445 -10.8987335812751 17.8912573502644 5.31685739063484 27.2815818140659
0.424066946170629 -6.6244308417696 27.160173737627 -7.48882200313947 0.243383882837007 26.8813470721613 15.2033910962018 -2.93629720773353 8.69257053584715 12.1320206386554 1.9735634668664 8.52575341423804
5.02138798649869 19.026660214265 2.53451148955629 -9.91561240691828 4.01145364301128 -0.634172083528479 13.334704657688 5.17153022106014 7.84717391647261 18.0765795487456 1.12789233319191 -3.91537245888043
-6.65475390188892 0.608752562195646 9.29980851581788 -4.51000643002763 4.65410314100631 3.20565556083453 9.44881752998747 11.0823499297652 8.19647715963374 4.77071042665597 0.807512855356222 10.5057026233551
8.16761140256682 1.77290041433402 21.1718678064937 5.27064359323465 -10.5516973692145 15.6033691560033 -2.16466602929552 10.028870105359 27.8802628187019 -5.63485137720855 9.73580664989618 0.47705399732428
12.4611903722756 15.8881361814584 3.46293781070458 33.8591463478361 3.21776203671784 -2.43919526267922 8.01634381779416 4.54044214937438 13.4868489155322 18.6748364866338 19.4669818801415 4.58151720836291
10.9533961059959 7.30442379222384 11.7497571661016 0.684626143179896 -13.4472338577214 18.6646218570617 13.7074280274413 1.4936849203945 3.0067943233823 23.4222710962154 3.4951104940271 0.697657435322342
10.5028283536106 -2.17657266275294 0.204372390142037 11.3844614305639 4.9175211710419 14.247121976875 -2.06602323734769 3.15794428309117 10.7864188119898 10.5066185713626 9.49179550239247 15.7708558527943
6.32196897631027 13.992121773498 13.6705180789567 18.7132842516611 6.43757947951353 21.6061016617368 9.96437853516142 19.424210834087 -9.52358552879703 10.8971609355093 4.84135217726492 5.22821461344414
1.91778600426985 3.49628912802047 -13.7641752089838 5.09181907790668 2.89148654927211 22.015091711415 12.7697806484329 -2.79747480712152 -4.29139288128058 18.6523078524906 6.05472063731776 -12.7772136774717
17.5084150862204 3.47051778921028 -4.27027000471786 3.44919028413196 3.7268616695424 0.50907602537338 12.1425063700751 3.33136073600544 9.57160105089616 17.3343473594899 19.6169480876498 -0.210648636802708
-2.25001600446032 9.02791512823375 4.11791934920758 -2.61573743442494 -7.15952490129652 14.9150596118483 -1.61324646472624 2.29040823092767 8.60481124902564 15.5515530709648 6.08805807414345 23.097421017076
10.8798638205821 14.1951304973808 9.89693037231341 11.1811168673553 14.1435224463539 3.16106628549537 10.3448353930412 -6.46997668889503 15.9689993201644 21.2509479060094 23.8617667979673 35.6334808808455
-3.49701675537645 17.0467404538573 14.4685086877682 -1.71305989431315 7.38449316111638 8.27296535606328 22.7260799008692 14.7030890841083 11.4038787486822 8.66956140865955 21.6349745225532 -4.46023205259513
1.79878904669953 25.4143786762959 -8.74614949964845 3.85482354673652 -1.42896237076935 6.83222842539989 22.8684032606945 -2.78719298750853 -7.95118276432799 10.361173893222 0.425891840302304 27.1460614434516
7.71042434320639 14.7601299907687 5.77505458976632 18.4445242890455 5.08017466773812 19.2712022397394 17.2745069655796 19.9132926035452 -5.43911850606551 -10.0633154431506 20.0088966642192 12.8624229375556
19.6512292878355 -4.93026762078189 13.6658592548656 7.8137679477139 6.87633864811816 -3.49984005824301 -6.11516625691916 19.6332142315425 -9.84858052240256 -3.52011401205266 12.0995772649481 -7.76677469678674
-2.83883703664722 17.38722152133 0.813733623580632 3.85692563866602 21.8293243554952 -1.00729842704006 8.57932004943862 15.1293103810008 1.11653054040486 -12.7521687045563 15.2007032259665 8.03677414684637
18.1633695417516 7.46998581694552 17.3478165628642 -3.89258255444658 11.2902088488078 11.2782423654065 0.895986332781641 8.87127679729934 3.3440865118505 22.6410898409157 -0.747481195326345 14.0872663915779
14.3721810921276 25.5504769812918 4.86391487169527 -1.51531733905986 7.50884725317252 15.6306040127331 11.7120260893011 15.9847871291369 12.0415255866324 21.4138813584111 17.0793145310219 -2.67760110726427
-1.38403589348841 -6.57630484375573 7.77414868905995 18.7772493903543 14.524547625449 8.14995129635232 25.3104153757631 8.10182723473394 -3.34292585434393 5.10859239899771 -1.72023337015216 -1.3331257816904
11.6861221958789 13.0726015460618 4.37259962428536 15.7655554791064 -1.56460200255846 16.1631651996549 13.0875781218737 -6.61217976126357 2.77869493938155 15.7615697188338 0.638587980635441 6.87212580423571
-9.49076799158131 6.11476781915373 -5.16679038771486 8.98529696274478 10.1361900070286 12.4782611868966 -2.16336713716603 7.30774808260892 -2.71818507808046 -5.0407445014387 2.68537609649875 -4.91973589487092
20.4987347158898 13.6642456374276 8.54301094090239 12.3497076913005 17.0792167340261 11.0656038483142 -3.29923371536969 8.42277440179033 7.46712027819083 12.4079986340371 -5.10655997285558 4.72733365544939
5.9735531148818 14.256876675318 14.6228251258238 6.24202817045354 -1.63729582933814 3.11008861845154 21.9877157752905 4.1053511892777 5.40267452973209 0.939789300457172 5.0075522782575 -21.8092454957464
11.0305400016551 3.1146461657039 10.1179026554679 21.8422768479527 11.7042482425767 14.3976657223296 -1.93879784479693 -12.1588808507414 -17.1137783222352 30.7477009996514 5.26219400601965 -0.571406600217433
-3.3103216990763 5.51755565662302 2.20124813314337 21.746891035336 1.31734542771021 21.1435738861497 12.6824158801269 -6.15591682952189 11.6060202544587 14.4747227414178 17.89947808721 2.07507563508724
-0.222718900070542 -4.31037500171813 12.5966253198758 -2.67122051960715 -12.0391287648958 10.5720779461646 21.4015323049692 15.6500403857833 11.8640773509759 0.409954231827889 13.8572439636234 -8.95583534038452
10.3245990445036 4.19163286557545 3.18698159001202 19.3734224117382 -1.13051363036084 3.52192451007889 22.5959257820029 8.15287944636316 26.3979332121087 20.9541740033922 11.3786938068107 0.928501809469814
18.9547839944984 7.69380600468403 15.1008311039746 -2.4184966502613 2.55618159650217 3.81142826689092 26.4357646427864 13.3156030193146 16.4314627465204 19.8158774787907 -11.0024170971347 8.65113269893745
6.2304184012491 -9.84955975813549 4.09436295497026 0.498760332516785 -1.73765207996277 16.3582485238407 10.3286860413758 7.27941653259299 24.9989393225386 0.0818295428107287 20.0671293729508 8.31433593568061
9.92528989196996 21.4394436250455 -5.21577878472375 5.80807132654516 2.13514238942399 -0.962385581671004 -9.43018880118673 9.76997126772377 2.15481257513147 16.1235880611448 2.67494752226022 -2.58939413522334
-9.23723731407533 -2.93459724327924 -1.51651738627625 10.1353432826882 0.238328649214411 16.429374303631 -12.021607563135 22.1077843530932 -3.66445553182008 -6.75985209212492 0.508376427721926 21.0446579696162
14.8416844180154 21.8239684300346 19.2118536394541 14.6908032528955 12.0553111397222 2.08912512127479 8.69626916900857 8.57993788005013 -8.37292861547653 9.242288554968 14.5335258281091 14.4596468971598
5.91871522017566 -4.49764177480399 4.29047396166763 12.2741299230143 6.17417254585975 -0.861525838022286 8.05104484702274 13.7901057645377 15.0315840673241 -4.55443430608861 2.78462222104622 -6.40984513484375
3.5056961204766 15.9263291958475 -6.36632885936642 8.16673925614377 1.54920957003382 2.40399917321239 21.0807675748261 6.65701230967055 12.3384333092032 -0.156513358857992 11.9267041590771 5.43662104884361
-7.09018751618734 22.3874844245064 -1.01030291540809 13.5017427453472 13.1775033807543 0.619085817446775 -5.38739179166286 -1.95176462960553 14.930317165434 -21.8185498618835 -5.36883438453639 21.322167624977
12.712904972758 -0.142741768678926 0.796030979084892 -1.90570031468839 -3.09109755588853 16.1713823633024 9.80690052991512 -6.10225956160984 25.3861203043813 18.58075687233 -11.3116633438774 14.6557168559357
9.57899631079774 -1.07815425838699 22.8734400347815 8.97153566117644 8.58966984289069 10.7163011731601 -5.02910441914712 -10.2339936184047 17.4042226170609 -1.21346462717258 6.44177050558344 3.73322124559362
1.82328493286857 14.1110970748578 -11.2907228286819 11.6239600202922 1.48134089962505 -3.39832588065781 -13.0093317865342 5.72982881665569 25.6239446919201 20.4498533967157 -7.14193714292269 26.2143866273571
15.6804810081278 -7.15166170683204 -17.0762164818394 7.20059417764779 15.2664515430771 3.50037720417115 6.06923164570449 19.0446713959405 9.40694900067777 -15.1527433945409 4.33820344487108 4.99599415895236
6.09593086674888 1.51393050425065 11.0889546048936 4.55102502355161 3.47806194523605 7.61295411768242 28.3171849622895 -10.5216489144276 1.06558890297952 13.7282714887494 7.40397759580273 1.2061722047195
-0.601283705822936 4.07712064925768 -5.44450447082804 -9.62034439070761 -9.04702334400905 -3.47084990299063 -4.01181959527584 4.61857228229222 9.51999218102357 11.2701987086658 -2.52349866779865 26.1270504388841
9.52839840657601 18.1618719588222 -8.01331571558464 -9.46204721714805 2.75668668260535 14.1463908687955 -5.51334792567859 1.83779602550753 -8.94557698054849 4.73115568162631 -0.875382530410399 5.23465821736321
10.6167807813585 4.73004223383806 -4.08464548235932 -4.32204086228619 -0.043170929256573 1.99010383895558 12.351785041441 5.2865371405941 5.09667388439048 2.00998790668135 19.3741240037864 -2.01181947656671
6.23741234910289 10.3379994217336 7.41725878721198 8.13302837053519 12.0589806477639 1.70181653648154 11.7048109769034 0.623461956712545 4.36621665990972 -8.68337562181979 11.093648285433 20.2425397601122
21.4902346979217 14.7994497175842 -0.0399762354883144 2.01035977801077 1.47651530723228 14.564135934758 -1.77839379891312 10.622481736408 -0.778918580270567 8.89106596702007 2.52650198894779 22.6221479528345
13.4228586975571 9.04639623109787 14.3946711934675 -9.26619675855955 1.83588685824526 2.76913797368779 7.99704951617905 13.5678534740892 10.8305877651067 16.1349667793733 -5.70015235658445 13.4451558368716
7.17157512349304 1.87400232024653 18.7941909970392 18.1744342749729 -0.388931349639314 6.72957834856053 23.2586999745738 8.30111993009611 -4.49121059523386 12.1150202700918 2.45634389148019 11.4552328950125
2.80974340399536 4.36360073718929 14.0612406981763 -8.38633889341179 0.872794927071133 12.4440317811113 23.7486340731441 11.7132327687849 -15.2785861564341 1.1608291571498 10.0488710892831 0.000106012666531541
-0.833431817437516 1.76877229827886 -9.3764707146055 18.4247434048407 9.46662939712983 8.34946897960653 25.6182950851437 -13.6436690100027 -19.7267172172099 19.1919495323364 -1.17899463553468 25.9163412931277
-10.9469556479634 6.23904396693652 20.71711535479 9.73930006000314 1.51756650045196 -0.612914276903276 2.22239526110667 14.5941337051125 5.57262452518539 8.20282024634252 6.95552032558472 -9.18950089695505
2.27038144181449 18.7119464280518 -7.24671349794322 -8.52941777622066 -7.7129159257651 19.5176530604691 9.2531464513187 -5.24270412172624 13.2616391855684 6.23705373500516 -0.820001927182513 20.9855540882585
6.06802947336715 8.51271385925944 0.921055817945302 3.86796914247283 -1.72253003425074 15.755275228455 -5.45075144153182 7.62969062555962 -9.23955920456195 20.469353325171 11.0797657763044 20.6105315053296
4.8263698773233 8.53030402745266 7.13270163190873 18.9927364847968 -1.58242854557839 4.68320174154906 10.1010095541508 14.2022479409062 2.68449839609294 -8.60811781128121 -7.95065997776161 21.878810877689
-6.05936682406252 4.77447016554072 -5.85266696959286 -6.6104209362663 10.2730326706801 13.6418236490259 -2.54825377187833 -15.0591060667429 4.43578399835333 10.8589630703517 3.80443273541731 -2.06179283064767
3.64815744312887 -6.56682726666478 17.1604799957552 4.14729906926916 12.1272977978016 -0.877751609948046 23.2177564429172 20.2962451498476 0.872698389119388 2.88548778187608 5.20214570713339 38.7595817794015
21.915183927818 -3.99769007087886 1.33420305488318 4.62098831559927 12.5874619727999 11.9453017913705 -3.42344549622124 14.9123035332894 -1.77123435443124 15.4632087475411 -4.66522182457393 22.2984956616612
2.27845884339878 1.27243477189221 12.4270750146621 10.2830731867176 7.88073228139141 22.7463852269881 15.1401093394952 21.0504123203316 4.95107632323322 25.4709683747517 9.01901782685473 3.21618477987335
8.56430877063819 -1.39450863201679 12.5502473356508 9.02895836480134 -3.23917424299336 17.0748726611859 12.41079190149 1.43136834584959 -8.8595747984691 1.70303480746365 1.89169256660837 19.1928367268728
6.07310931928429 17.6467135557694 10.8073261418871 19.8922551352137 19.3999154462337 2.20617423375681 21.3490641667445 4.03509355687785 -22.7306770687144 0.596634340942289 8.75939412442072 17.9748976395365
10.8938855844702 22.133644824134 4.76828852978207 15.0334270837928 9.5078528968421 6.67573317207201 24.1387037619335 -5.25059012949783 -0.837439660290577 2.11637493119927 2.86484649751805 25.1037324018163
-1.82952745527056 16.4193511278095 11.5604968512529 15.1987601558913 -3.68277299884819 9.63116365338014 25.7989602625458 2.99501762616062 6.43701793652789 -1.48367324135476 -4.89246322362633 12.5402984610062
6.54128438770709 7.38883113666501 8.23143442031871 11.3565396173213 2.53561539060633 7.43447601872958 28.8282952657064 6.01173491905935 15.7987984517094 21.0811974639963 1.6583879923846 -4.65404923466917
13.828505350684 8.06302175938002 6.50665464521477 14.777725842793 2.93110615545018 2.86691315971255 7.55788572829116 8.68052830624901 12.3488810370975 7.68012097615734 14.8814288770582 -8.74384147746937
16.929712050504 -8.88356828740397 4.25616698295158 12.3280641009872 3.69470074549974 7.67295660240096 23.1355046966521 8.14813141911787 17.7961636881358 7.16528211989523 7.21321663750382 -0.413003262132436
4.74026688825619 5.86279989974819 3.26212093368166 -9.6013097205068 -5.98275308101593 3.6026265482594 5.06317345871098 8.14156623766287 2.6129182573269 -9.00661366234789 3.97717912991216 17.5857170899104
15.1707064764302 12.1718953504566 7.24177387882052 -8.38538545795304 18.4934783739383 9.05922065557846 21.4391307396869 8.16985404441349 19.9899148519144 20.3618036144815 -4.48778359152526 -4.11819395368706
12.8798865039972 10.3288014192257 14.8376792688849 -6.05752750261559 -3.51464854662872 12.1033846181071 22.9626228048891 29.0670348509932 5.40562148893619 27.4422361996485 7.38847646528348 9.5548861145818
24.2988245532176 2.00163165043973 12.0553842694834 2.24753394706195 1.62611347620766 16.2136587395273 -8.19466803445108 -6.75186575236397 2.63978193604871 20.7397486230669 16.4985500459994 20.3292225248767
15.8751974861128 -0.157112974225353 3.5000794302106 20.9705093441507 7.16935598056592 4.17430217716965 19.1808253707918 18.4865037944688 6.56565802770064 14.001030177043 1.85546451000801 5.62273044032849
5.04670996362544 -6.80367433142659 -7.16504144188446 13.6089462391208 -10.7047457029055 1.14922166703866 10.8288997781872 16.0486193805911 1.22436952174245 17.0708194316011 4.40957771676152 9.26953652899273
-1.5230636510805 -12.428297836288 1.96444482942213 -6.05851174327645 18.1480941460431 -0.0604235741679697 7.64474642854316 27.3546783965518 16.2286057521523 2.64821334208153 1.91699421158664 13.3941556570025
2.34632173308286 -5.21360131692783 -10.0588841622834 -1.21561561327303 -0.500639572746249 12.2681358010149 -1.97236102833617 7.66081561029294 31.3873304293075 8.54692980341799 11.8266020209337 -3.04701194996665
0.0697674525577323 18.0229990430506 5.870962449986 27.1826072699409 22.8350056123291 6.61152440020065 8.92996064921631 -14.0531557349415 18.909395635994 0.00623369239708982 7.53713919482347 20.3833802922785
-4.97163158432393 -1.16407416812879 4.34152335295452 4.47445286175762 13.6574350001236 27.00384947413 13.893945623893 17.431812560972 3.54769436426597 12.5206688712464 -0.475222855162024 7.8553883421689
-5.39769588812134 12.1580022366905 1.79676052968526 21.1151988875958 -3.24390063903378 -1.66866872340428 -8.0169314187007 18.0644578304326 12.4455531461294 3.2383732563959 17.4811743140122 22.6757659634747
4.36112349517155 16.9346561312965 0.270548079593812 11.8105701843344 14.4035052292873 18.3876793992333 9.87638142062168 -4.23904692880694 5.3682831809728 12.207846232026 22.2580696300379 -6.39089636588627
-2.32740663791564 7.30427042064719 -7.26287485158554 12.4197112740529 6.19447916942484 8.4590047028657 19.742912293128 10.3551058861405 5.03325689336752 -15.2615010692549 4.78444460476996 15.320752158448
17.8141248985584 -2.4515333420783 9.53267531044135 28.0766219980824 11.5485337929964 11.8004233082784 24.33247164298 13.7590636251516 10.772399648066 1.09326115477097 -12.9121693360967 14.0526233789626
0.273664438516049 -6.73161991782181 -4.97637394252835 6.88212739455111 18.4206117438956 2.04069808741578 -10.913462924944 -0.547080463182589 9.43910786811486 17.7824925191099 8.47699201788788 12.6848849871537
2.00076259339139 -3.81098217373637 14.7291861428806 6.4413731146953 -5.7298257593243 2.48752816160029 1.95491660685754 -2.3980098523619 -11.750206388346 18.5078403851547 19.7851502214949 29.1483657085735
-4.49368384231994 -7.94363703738314 7.31874252280797 -3.1945274255941 11.4615379995986 18.692707722316 14.7219399350896 8.46500646170062 9.05478729983105 13.8627751555213 10.6048690091614 4.04303155413761
7.22503909743093 3.0754746581771 14.2966957978209 18.84296045348 24.0382896763461 18.2929913542801 12.7264380170257 0.426018039906834 19.2990765740829 7.55546426702443 16.5085683169331 2.80933015255002
12.399926076952 26.5623609014502 4.61335976226579 13.8479993244248 3.75426131018909 11.7490386982819 26.3740170747327 19.9740726435354 15.4548042266502 -0.729272684779844 15.059107462842 -4.59653595588118
25.1743508296831 7.8603762870491 13.340971717393 17.5956390224374 18.0578387359166 19.1939725277548 11.5934888483181 -5.75563446162732 7.54740383609783 10.9464853407705 5.01583795643261 31.384313686893
4.90824419234642 -7.65933374239891 -2.30740104834363 9.85141615790787 8.0298506916655 17.5347450098299 6.32056099536669 2.16368248155781 21.1238595804592 -22.2499181600826 2.62765995611939 10.0055648832391
-2.61002314697131 22.2047872445254 13.6837195874994 12.3011010433883 21.4664577115179 14.649901259536 -0.735709369550516 23.47299675398 10.2364775368489 19.6107848292285 11.0614110329 -10.1291148559391
14.2662374406433 23.4753194496895 5.93672903023755 10.4653242404049 11.7283100708575 10.0297889196925 25.4041882450169 -1.23029521943293 24.4932969425881 -3.12218807966888 10.0562949117291 19.9960339085579
10.8671926215677 2.36759675827816 -7.46400627218943 5.30161314447806 -1.82422190343643 6.50609757234251 24.9330830855471 21.5766739189664 3.90977693854566 6.884545017197 -1.52582405442654 1.01882244997651
15.9287819386128 21.3015832236689 -3.03572250027229 7.10532932531566 -2.68520983887937 11.6626284862692 -5.82784270918723 6.87121706669363 12.6402895377238 -8.27039701596735 11.8092648154544 5.04971663364808
12.025682200883 19.6775388726107 5.51767133301489 18.2335678689697 8.23007496465057 6.36075734022967 16.8724722878206 16.4529989063221 9.59828697013614 0.198062272304807 1.38322597071568 -1.32008640809716
-2.70826047538625 28.2981036824622 1.33486730074549 2.96961073898096 -15.4408877841787 8.4837067671245 24.3252184274263 -6.89386128797975 5.91856145453877 13.2521102638947 2.6466130780319 -0.226838055936051
7.23993853924657 -2.91569407897573 7.32660688338534 2.34977122755107 11.8904388119449 11.4722476468967 28.3687811436865 -18.1646092261927 20.7651157849534 -14.1107062163785 5.72140205167486 12.2804889744712
13.4656256820594 18.3030128577211 28.0580887355722 9.31047228553433 9.4327582885409 14.6183108468308 -9.25590437064616 19.234485471345 11.0653257747491 1.79491175660977 -3.2530327640293 -6.80568345989278
21.8867060176509 22.0973801830096 10.0728431818995 -0.422729642427002 13.974439772108 5.05073959004011 3.56679298786874 18.8781911470726 9.66369716131578 15.61617455704 3.66616492886574 13.8533089392808
-0.188398235171243 -7.32041538905339 12.2271971508968 16.6338498424378 0.948273131684902 13.1983660548161 -0.51540687313045 7.35769240623535 12.2389734633271 17.8320825274698 4.12142989366319 -4.4204338394308
5.25452537731189 -3.64786335356396 -1.8448200378797 1.51396443460141 7.09826505682067 17.3058471721519 16.3665229075122 14.3237894092568 4.74155166713833 -15.2531867596232 18.2289767043062 15.8593352970383
15.1485078466038 35.7254347497631 7.37491241191146 -5.24480490493068 15.8735821180323 -5.94791264531735 -12.3746181842576 17.2418340300184 2.78469843103596 -11.4370960901178 9.07095158398028 13.4201797203719
12.1363128094393 20.7952709983593 -1.31152155955507 -0.564640412902011 10.0762040650901 12.2098378015331 0.128168992655367 -18.6133295813227 33.8644279925925 26.3469990059332 8.55334550233455 16.7453874685827
11.8708083869568 0.152123803278468 4.29784713213034 -8.97881043031121 6.1423252266868 -1.42259057188765 -6.6129354909889 16.8161375365672 0.726112446779735 17.1923159240027 9.21349103033693 -0.277277564691467
14.7809062252545 -2.52198540051539 8.62214828688589 -1.44721113475834 10.865349739557 -0.136623754853161 6.04994769510776 11.5784646814883 0.848672768985151 -0.993455834915205 14.3134709102512 3.53235190397116
2.00799778633869 -6.96342559424676 14.9169399811905 8.48145806499114 5.3876680398887 8.1238136038391 21.6743510886945 8.43686942816129 13.4868787451274 31.3974589882155 12.7367092775093 -19.6103519708516
12.4645958215405 11.7701501176203 3.61852370379713 15.8779112599826 -3.45800176701478 15.6572470277785 -3.99864832913221 10.9653902343061 2.22157253699737 17.3487244156851 7.78706816357504 -4.75154076050315
9.99607385459936 -4.93461580914067 15.5461650033057 16.6247512496153 8.13789280413601 17.0066058615656 12.4842096706776 8.02336190104868 13.9479653178783 17.9921105941564 -1.80757240888566 11.1872751917231
7.58809380314461 24.7432094257204 8.6593811394777 -19.3982089655708 -7.19633119002774 1.81632135926045 19.3526294437408 -3.75708595741489 -2.76994724076441 -8.0882774730087 -10.6777328975159 25.5146487495178
9.95766620011291 13.4075046460135 0.826518836740335 -7.06511157428418 16.6765025075045 1.00922758859171 6.16322247990315 1.62566484371056 10.7065702043154 29.3871859014654 -1.53615187395295 3.36115663419922
15.6561207657123 17.0068577443053 7.39074265883214 15.5710602092468 0.518382002028075 15.5235105930556 -1.35753664312518 14.6520154122162 -4.79473114153692 25.4888231940271 13.6977629599493 -11.9845529255991
12.0767548831736 7.23297826032047 10.8950598438646 -9.77573886096952 6.29233612279518 15.7060799053193 6.49329425203179 8.17987036617009 11.119339254444 13.7186150176188 -3.80742741524206 8.92618829712164
7.70189258766067 15.5740572155288 7.9047853184204 25.9867296057699 10.0250102746737 17.4831666552994 14.4464387613619 16.600097905344 13.3142474929879 5.34852036301592 5.16755462690512 28.1295534973312
7.46920030226719 16.005143842862 -0.663051358462566 7.75335013006425 26.2164911463757 12.5628437088399 10.6796946697035 9.61302664546062 15.572440506286 17.5321949648893 17.6097156018992 -14.4351594637674
6.51218976743771 -0.0345912520202782 -9.10928010278361 4.1551364174134 5.56820511651895 2.08000814361777 9.57047917321571 22.1404068138258 4.88328240993041 -1.56366693518251 12.9147874551381 23.1150137273354
0.102957820734282 4.06602736424517 12.6371767462326 -9.71135890100845 -18.8319755510715 5.61104028635657 1.1707617482539 9.6625855586292 10.0242622793655 4.07228282824436 3.2053775615498 3.01338481558241
-14.1862825945519 -12.0914856245984 2.23332812347109 9.74052307584116 15.2047416811108 22.3215760135478 8.04598657151169 29.1184398496067 11.9890923376975 -3.44957854806093 14.1517289981244 10.3573101429631
2.99784087518537 -3.85241558333961 -1.38540960175598 14.2708656463894 10.7682638915729 -2.46871227723167 -7.56646978437709 -2.85951201974764 15.859289486516 10.850319948953 4.98004140238781 -2.39905216416555
11.919657866554 0.296187126807711 -4.55773365037401 25.5185483728701 13.727937227556 -0.762491229950075 -9.18351325258899 6.16550721830225 14.3823534071226 -0.11687624368702 17.7837443583918 23.5864949144096
-4.31926933447472 7.35390241765514 4.48487290404981 27.2439317744164 12.5956982587507 19.9382896529704 10.594758192503 22.8001945905403 17.1885651997805 13.8800679444588 19.3700017042551 14.4189006116534
14.169482177904 -0.987572150744254 3.20141456230724 -2.75009778209185 19.1534044472004 -0.616713100011093 -3.92247009841271 0.498709349881191 9.5621265577414 2.99301373844414 5.26299089064146 4.79272034817137
18.6007192169271 19.2855835239204 -1.83093912264669 4.7999017167501 -10.2658696876906 18.8432365487838 13.4220957593446 10.6802912618325 9.6466335655532 13.0714009223479 -4.25148888502252 -4.28371194774718
-4.44556261237747 -6.40281108795811 -9.20946691587114 12.5166388709856 -6.62650096614991 -8.81803964328181 -3.84970268628533 6.36721756929212 18.2842735067804 25.860878671712 9.86548780156331 15.1103580508723
-3.26893533847947 -7.76390694658291 10.822804045456 5.84616681251821 11.187390140302 25.1246984772383 7.46881471836064 10.4137464111021 26.6732408665397 9.8952384180477 10.4738121756543 3.76564243896721
9.43383954234855 31.8402247713894 -9.61785981159832 10.583772759368 7.39260304140089 6.70311912341435 26.7365634219473 19.0284652290042 -1.04014850640976 -15.171915454628 1.54227395719125 -18.869920627317
5.13897285640162 11.0169328731312 4.55189214688494 -0.105460383569952 0.240115482474174 -4.86038358677126 -10.5865057510749 23.6586853694098 13.9357163928911 -3.69196657685703 1.84206372066281 35.5526926141104
1.75563915124967 17.3053256249984 0.781514604932917 -6.79213826838305 4.38154002543243 -0.668004315447265 8.52891904317553 16.3952888232341 13.3550571270233 -0.971378687417072 7.01536329613913 3.1173052261362
-12.3570436136129 17.7189759627354 -8.89544434207378 22.1856812110049 6.10502542027361 13.1060454390237 13.9554447625323 -2.81496722159419 5.16841562326262 14.3710991636466 7.21209131057354 -10.5842318608734
10.6267708851406 15.9552100189321 22.5216321534244 -8.07670014853945 18.0341440793369 19.6023343350395 8.17818957449513 11.685296908715 0.00694515382348193 9.1178396887904 -0.697204446430736 4.95862447640707
-1.57454766612949 10.8511999829362 5.52259675037327 9.15388862051926 3.5135305463532 -0.591375992868962 -11.6822872491867 20.9989618004777 9.01351557406649 -4.27745478618331 12.4631243647669 15.0959074903358
1.49769351842217 -7.23161948470781 7.7728486057442 17.9333880892819 0.310297958289953 22.0097966681295 14.4586007779443 8.99146460555717 -5.76899269415828 3.78229626612018 18.4188322365297 3.80538344273969
8.63719375192962 21.9991812418369 5.35930781260115 -3.1667148790533 0.424359844670394 2.80200144418251 8.27322955435359 4.81279254428001 13.2100587055858 8.25860952031442 -0.99548814364831 0.45584396882981
1.60264073093267 -7.41640953954065 4.25355791966793 6.1554315060057 7.48110148908385 12.9449872625439 -6.24954095656399 1.77010441374705 9.56253316964984 14.5630328126744 1.41112564790278 -14.9795143557281
9.63790472750761 23.0196600557155 9.94842046952227 -15.1098542722817 -5.60637251558371 1.13587250455544 6.21608477709248 24.5958736181303 8.3506604837359 -8.56596490498233 25.4836429138581 29.0735774383641
12.1172736229829 11.0322496496325 1.66491806697901 -5.82619541272924 8.05676913885474 17.4193001400609 -9.8998711522781 -8.15976827253467 31.0586600903433 22.6998028244145 -3.84955139981518 9.07370481550568
3.0434967204541 7.7914911440485 17.6248762050797 26.1091230958491 14.5540371849188 -3.02099709917676 -6.79345623919699 22.0587975428968 16.4760699096977 -7.09259311176447 -6.05817589920906 9.36977244720019
14.2174987287573 -16.629081761315 4.84474181617407 22.874908280695 -10.5886992689 12.0980760530506 -2.46710009584904 15.6147229006555 15.1658290615466 17.6188638925455 4.59432689019402 5.73965927438026
0.0589613853102033 15.4385630468014 10.6883352662108 3.85692543086677 20.7837661501232 2.8879796875313 8.1875766501583 0.660217995049365 -9.38955812018786 1.66263193497953 5.67043214196003 17.1475640151943
14.0470307974491 9.42512206190119 17.859328780811 14.4982065304614 8.16217315792439 2.70949748129527 10.6760750083762 15.5730282211096 10.8780816651705 2.53045987916775 12.3142334843608 30.3125067937206
9.63869145168561 15.428529857289 7.27035384295718 -6.86416400881491 0.41025011544504 20.3490829715979 17.311002973588 -4.26139270209417 28.0522056567863 18.299168492978 10.8573976547342 -3.0081456441131
10.4754993439824 3.99207062571374 11.4832231843013 0.408488710188047 0.34038078276227 8.74626343999826 30.6240413675203 7.84576394768041 15.6576018335557 0.569891498222244 9.76073297347272 13.2518121302331
-0.611655032779168 25.098764635373 0.995163086308925 10.1062060853306 6.62443483114528 2.95692891938858 5.62542926037282 2.78397806938556 3.35303709914237 10.7683768019683 8.53215824333999 0.711079181665364
-5.5533546979209 11.143661621372 3.43740025649992 16.1764383891793 1.28388136744623 2.91427245725851 1.50188601472248 8.22791154047282 -7.98783786685917 9.49466295216632 -3.41899649336997 1.16905047185746
8.69913806207856 1.4418252297629 1.12205160353441 9.39463737095589 13.0924155733504 12.0341657671331 -3.91796190714461 20.4476168330108 20.2729344532626 5.44745128237078 6.19284043118411 -7.55013710898527
14.1261275181691 10.8044172282227 18.5684582925606 1.69812280508716 -0.97748106344101 16.120183616612 -3.25086115467999 8.25300352482187 -4.4957050259664 3.82550509897472 18.0033209295328 -19.8544693533776
0.412257043707116 -6.77769239111449 -0.283741020375092 17.1895580566514 5.65198883659254 -1.22615030171911 -3.77216060412139 12.6666537001567 -10.7358002403169 7.30673182460908 1.63655451849318 -4.36868354386755
15.1861896887038 11.2555314279217 16.2081546213477 -1.49735883814367 3.17391985320005 4.98012866246492 26.0273968261586 0.307663090088057 -20.8988778839844 18.2470046332999 3.34579696870438 24.0602346479986
4.28816592222831 0.0766353870840399 -2.46145175516979 -7.47432772822423 5.50333720873793 -0.218089615782025 -0.908493438054261 -9.55453247626163 6.10419308803359 -1.60962272396217 8.90337620118137 29.1226101042944
-3.41853510591044 22.3362751297169 4.99694950570811 23.8775185433181 -2.23650343346351 10.1535590255573 23.4404591925581 -6.12481321486076 4.48144582643062 9.8101953413933 2.46608033743701 8.57012752584317
-0.0168306744222653 23.1634050266172 6.1856466491507 -6.49731307807075 -3.7903524044771 12.5507413529207 -9.65094378328204 -12.5410308080523 -5.475585537687 17.1697683540411 0.397798136142062 15.6034208492782
15.8776848503018 22.2722967407346 16.6124891989393 6.10761332152591 6.02964299599878 -6.96026038897269 -10.060812926959 15.7506021925177 -3.7908469497148 1.6330048132907 9.36279288991443 0.487264171514469
5.2739678681852 10.6793058141706 13.6404369577779 4.38241593483642 10.5165199303255 16.6415672496238 -1.98871346894529 12.9130036630124 -3.41758161663594 -0.82447149552436 15.4124479249084 25.4180219628265
13.3789961113691 16.8178918934053 10.2533934027756 -15.9335125686864 6.88281341633144 9.62368981375814 27.4830933322347 -2.73824540397772 2.50401949678769 10.6243043988586 9.62713103106766 11.1447024762167
-6.61756479771478 9.9478441962189 7.83564476987543 16.7552363224195 -6.61441096604528 -3.10543803352368 -4.85351830309011 -13.2469947363482 4.57745997574341 8.11265769443477 11.6290303503096 9.83985386524699
5.07393486434901 22.1343379013771 19.1810400933194 1.73528648892948 20.866368258864 14.1844199423254 -5.20950198281821 12.2087786308833 -0.258405962564638 25.9405373031623 10.6496585623933 1.64135747778977
17.2412702103745 10.8245825489068 7.7070168311641 8.80527201340215 1.04200527052242 17.3303392593571 10.7599483020601 3.7478092161826 -19.2141455097579 8.66763175570565 7.14439346746178 11.339915917486
14.8227699385149 -1.07704392952752 27.5094170432308 10.8170566038641 10.0921135574173 5.80374357068737 29.2945408044328 0.0622884774372316 13.7324575478346 26.2084379853054 18.5076876303175 1.27585945191504
10.5431970814302 22.0871932742561 0.87038335353208 22.1197472593486 -6.19502687808328 16.7568963780904 11.1042346358633 1.76535473425253 -6.41464896681436 6.06834746376057 -6.79303089999998 20.3334372819203
4.14106839528839 -22.2729193237364 15.5054684819801 -3.13680633811002 18.201387911922 0.281588024146385 13.5197204065336 8.66728518180541 8.9024561120659 13.4756946826313 3.28625994107897 4.93035360695969
0.41026832570398 1.00222842802575 19.3477405835071 13.597559046215 6.01878273440561 18.9721488809425 14.4058987873804 1.15599715087402 7.3488422468927 -4.98783225751007 3.25587555271222 -5.64246019997283
10.0519038576161 22.2130995923767 -11.7554256275001 1.43097938814646 19.4761234094245 -1.94131688554883 -9.45991741864347 14.1811083431951 18.5092845972509 1.06345870911251 15.6921391680066 17.0005750105473
7.43362160494079 6.20714710825758 -3.71702398113976 -9.59715631848573 -2.70660853804363 -4.19592905469151 -9.36504545277773 -8.46941792546719 0.443963002928124 6.75960387506511 11.1759833328716 29.1264537348709
1.05723798082732 0.52838686080562 15.2155727337575 -2.01980596627146 -6.52534405326474 14.0408103688192 -5.64217338477154 -8.49076808674707 -5.21969176932277 20.266066289222 8.65488060534523 5.54768294525226
-16.2750630791726 9.75539723955994 9.97821513478474 -10.5664218001031 -9.35614461299735 19.1956665397008 10.9371131471448 -16.6888931630214 12.2046459064837 23.3231505848645 0.8268018537747 15.5346443776412
11.0607732237807 18.628232122143 24.2267877784632 8.70505213840874 5.80706482146843 0.453753868469025 -5.18658641905693 -7.09831249127651 6.80237793436133 25.0655856145872 5.21080852175882 12.0739025255242
9.76052443196642 8.56803521091344 -4.30098586684567 -0.976678487042591 1.38630288727737 16.6838510483353 16.4656676822216 17.6489371092527 13.9013157237261 -0.669438996405826 16.1820210836161 1.82065240363243
20.0529992694992 14.024812733744 -1.86946575822276 14.1041593930078 -0.306189696965586 -2.44077258254097 -11.6507916338151 9.27530438421269 14.0556540806274 12.3099831067152 12.1809595378435 13.6694948125763
4.19005255333794 8.91814445901223 15.7091416350459 3.20715179544152 8.61841263266473 -2.81797213146296 -10.3489167301408 18.9972830440283 11.9354275181822 11.3476849019036 11.800097872718 -3.44094464859062
10.1004508585936 18.2929442797557 5.3977970344832 -3.36250656544449 14.3810930863895 24.0300149390523 7.98765650451614 22.2661062381083 11.7225990184049 13.5839140776812 -11.8956282825466 -10.7461469071059
7.37368925938295 14.3292242670461 1.67263241781947 20.002629206832 -4.13273551357842 -2.52741076547927 -7.43727580559286 10.0015192636505 -8.08756847399222 5.44241786544499 12.8829647311062 16.5124317124826
-8.98758195938131 13.1236664011272 13.4676867703117 -3.54175777735996 7.1567587584259 2.81644903093086 4.1436992376114 13.5899548613002 2.38433000545568 -11.9427361094048 14.8062722313184 19.8003855448554
-5.28566068622098 -1.74186187188202 -5.77691323833752 12.4202273688027 8.08035670304544 -0.462250076304604 -13.4192680365054 5.44766202385405 9.49695883052119 0.0784155346959663 2.02181749007144 19.2710768120087
-4.64084349461332 33.7838436500091 4.6819065511507 -2.9752540450496 13.6954591026599 22.3776818517543 16.60195157778 -1.58335746356787 16.5809434039695 14.6759765977921 -7.21083117393335 5.13834436469745
11.9528841032974 13.1282189708246 -1.1603773129553 3.99691791047138 1.77539845151082 8.79039174825943 27.3901908201308 -17.3165546380272 1.09601233140179 10.8666593335294 4.91192363975186 7.83364273204769
19.2966662822419 10.5039866365797 5.81471046586085 9.67376608992736 14.4767949183151 -4.09639371007772 -11.3668528782757 -17.2808145760617 28.5211703825798 23.6312882415466 8.95441594919435 31.8106278292727
9.8112335111801 8.86730063307752 7.26127882496966 8.15368861239121 11.4958861249952 -0.971649262627328 4.68063448680939 19.6215156731057 4.01553574762612 11.988689336742 3.50204330272465 6.58583477294632
25.8577356516446 -11.7978712450425 -5.44371830334039 5.83949774436056 -6.36535754964273 22.9847867178093 9.71670167675365 10.2266885370587 15.208277979458 20.0494081264371 -0.175967988568213 -6.01480925138927
12.3431512867654 6.51077554300243 17.1552675648344 0.216156223957088 -9.02001892973039 12.2954621161142 6.86157383419871 13.6502272531498 17.1280659655624 1.80171778470098 13.8974283989475 21.4982101116321
2.95000127308352 -5.35363279963504 7.38645211718617 24.2759506350839 5.64320121347992 -0.238082051896516 -8.3463525474428 6.42279282167076 -19.7262832837212 19.3651223579621 0.466181233288529 7.24705290043846
9.95975962471792 -6.12535842163997 17.3147463999051 1.78223769259481 -3.32303549292624 -3.82619090092044 -12.4906684555438 -1.12939821507779 -2.66365296503471 14.7645304402651 9.51167030013823 -12.5375260282248
-17.2739275541662 20.2175087907014 5.90025289446408 -1.9156955028312 13.9481462445568 17.6721032998862 15.1818115500343 17.3590234388006 3.7639676727208 1.43177350408276 -2.65247992539971 12.5312343340693
15.843648951633 -17.3494179290854 4.12081425683996 7.687209226899 0.0114247417152189 -1.24058633302307 -7.14698734264417 14.6045128692092 31.6644108390775 8.10241441200919 11.9351447216237 4.15618595409787
11.912554886686 6.63258551892147 -16.3925892892631 4.17978558828443 -1.10849780025994 1.76431688331116 22.306230775 7.46452652226159 6.10069868882818 8.80761916551355 17.1149877098216 9.98109866283871
-8.42429694012468 -5.59941821170966 6.95832500807912 -9.25447730609876 14.307517030148 -4.79859771921473 -1.67886072012298 13.837714780429 17.5165482172393 0.452510939836671 7.55888410867413 -10.4016466583551
3.01382761381522 10.1962300259619 8.53292816790231 5.86765253695474 25.0691871543498 13.9337401112048 -1.19723419510936 -1.88618241575363 4.70321063314676 16.500340921593 -5.01699201300561 -7.6292813961506
5.9092994336547 1.08622965272201 3.50400412805836 9.14196244725462 34.121038882445 -0.749904697096571 -4.85071624790292 30.1388840214859 -8.45942685271038 -10.6171261055869 6.72522896080559 18.8908008119556
-2.11047052878085 22.8640594857313 7.58363540460077 -13.6564817211315 -6.11721356039135 8.87868701602219 29.5513899755822 0.369454707489545 2.81436796587264 0.102757423389412 9.87661985120518 9.84122595211591
-6.36744713449919 15.6235512495998 18.5091895125816 12.1976378787994 18.1331936614226 14.8892353418248 -6.59281183887347 5.37920325250496 8.98362507572202 -3.95651828484346 18.6204387758443 6.94625820168686
2.30136836907612 -5.5362678324907 1.82354181732694 4.23331764800301 11.7502058089739 12.7833800859892 -9.86518336617364 20.7600571273138 19.2248529009709 -5.77854637065735 -0.266178973300614 1.11745414801807
-0.543994043495408 10.6914942779553 8.43401471409009 16.8056665718924 16.3952033754957 -2.80924533856517 -12.7795198406904 4.89324767639271 8.27717729374239 -1.00019923495673 -5.49204282473643 -7.8916381512282
-4.31605957911924 0.858910753560917 2.35791693564594 23.3501169551121 7.72527005577152 21.7740832332024 6.85825077447903 18.8068288251327 0.424892729617522 1.29463380244322 14.5338274590518 -4.43869348375404
-3.67032934829212 20.0988380278111 -10.1902561914332 10.7052428804547 0.16365407511524 16.8218783415789 -2.437523092203 -11.4418830392726 4.49713366817194 29.4871701971152 5.42580824351216 8.54435610821526
-13.0884901434243 -19.6928614451983 4.20387885882278 15.1644095467516 -2.23906012574917 -3.07490443336896 -8.57342229420851 -4.13126823119996 19.2420639299788 6.10342323219041 1.98698074716378 23.2788498919455
10.1120455440596 -24.0995538608237 0.452620083640947 11.0630758629112 29.8285451223708 11.5467524270107 -5.52280344873379 10.7235471411632 -8.64915572859419 10.0931367361672 7.54225868471876 -10.4189477243666
10.0931453831578 10.1472607250388 8.94274106147741 24.1687332924056 6.19980423982594 21.382373874989 12.9510397437688 9.31651190449557 6.58827660758956 -1.80483811212543 13.8879438749546 -6.1109687179571
17.1729928394274 -20.5042407393226 -2.3096578244081 5.40659613014273 -5.83694534027221 -3.22608346377418 -4.22672436528024 4.70273821369322 2.13110941770176 21.3701731061933 -6.09072761877675 31.9403373719907
2.5700096234428 13.0637894961102 7.9541155441992 11.1693882513389 -0.44737229684775 13.0407436796177 -6.49932385762395 -6.12770718499767 -5.46362996915749 4.00391569597295 11.7938925193673 -2.87355168307457
18.0571063834929 9.70791691822841 5.0168835125355 6.87712535889433 14.8918974471752 9.79604298035905 22.3262405556288 14.5558835051408 -9.84408379493649 -14.443773510047 2.80742084014707 4.50583384468602
-1.36689163042102 0.429371811317251 15.1649346201613 7.14340201862717 -6.16711373597513 2.87818955146995 3.28866340163405 12.6671213996073 12.4938112174723 3.30831366427324 3.66763848771913 19.5147715699584
-0.571518751462655 -9.52105769021568 21.5622548975894 2.56444837587355 7.48449670796003 24.2147410224032 12.3570798339173 6.24643078907339 -1.28262891757037 -3.34223201807738 14.1944818713052 -5.4125238371968
14.9573699981132 11.3568016043672 17.2394923192397 -7.70174063629058 10.2345869934917 10.3445289928893 24.853609865652 3.67316298199819 12.996160441153 28.144593446018 -2.98397793047434 -10.1254367768047
-1.18449762847395 23.7324558174987 21.4968354805329 20.524699962772 12.6137446254941 -4.03631088014321 -6.97817755096714 1.19136291332119 -1.57718187719079 -17.6408071743004 -5.03332614465353 -5.47888029952713
-0.58287366122339 2.01000335163289 0.577467859621735 6.78787075339031 10.5312565525297 -4.81179727604149 -7.21548334790179 -4.00138948208273 12.0275447533058 12.5578688354678 15.6362420090794 1.20558232158097
4.20088208194228 3.0020628626208 6.23147276381945 -0.433425902894271 3.47755565767381 -1.36538672160697 -11.3616895085789 -8.21661039131124 -8.94437774803717 9.12288135287736 -5.62585755799643 37.2164530611777
8.14201930010904 12.8564806017065 -1.81234173029827 -14.7188608567174 -1.44929098923406 5.13564460595173 26.2786029584236 0.139349236140604 8.00882076448613 11.268220554145 4.88623437536306 1.17953929289499
15.0548047869815 -6.63533430945731 0.793234254436343 -0.0656098284666085 13.4427866201693 14.2681836543052 -1.62856146165008 19.2066552795954 0.961999172486861 10.8382575143748 15.9154953222732 11.0834164592089
0.445378564518638 20.8533941352023 13.5594242890061 4.16141632103576 -9.69055836643176 15.0481338142626 -6.35492397838181 14.3778545910515 18.638092740621 16.4884917787624 5.54813744982938 -11.8191282850681
-0.909426314937523 17.6771217283588 6.52873575898828 18.6845803237859 -2.51759431142922 3.05566333437545 8.58728056224202 1.74644159162238 -8.15254213803095 14.7175099137119 21.4919651339254 19.4472583508954
13.4703329623786 -3.76450374634764 18.2228954440336 -0.440493890214836 -2.1213784802732 16.2511584072318 -5.2674032760973 -1.3922043229089 17.5428243074978 13.9795873986935 7.14057729951369 7.27026283466237
12.9913587464732 10.0717386453141 19.6895633211788 9.89487080630004 15.1117092672326 1.22802845899217 21.751645699653 -8.13589281297088 9.62801485008098 -13.2673309696947 9.52373064308311 21.9214852995768
17.4766203360904 18.3022610571425 4.88241287799833 13.3008825863973 11.6566263803471 18.9706386158947 9.80141954765309 -4.5262468609229 -1.17841640744348 -3.95319974996664 15.6975900666925 0.751977022648113
10.816812047433 21.5875200985208 1.56903828540041 14.6841483558858 5.12298748598272 1.68654813655926 7.99196396864795 8.7282617349593 -23.4869083354174 5.43940670458148 3.31116022064822 22.1988449956716
11.0240412481021 5.62756035586333 5.46953167715156 2.34431797497106 3.66248977408769 -1.39461002328628 -12.5587660613258 -7.00491697016533 7.10685295654686 2.02125369109413 19.2946348132135 0.704470278064952
12.1211148751215 -0.207231035144295 -2.50059316902791 -4.31924452938203 1.10917234082263 -8.60180482877717 -6.43250440274626 18.4943967929713 9.72187711574005 21.7012499624679 -3.72792888181028 15.4612476632373
3.42627820045709 -11.1969331021153 6.49510570959499 17.0706451063088 21.6784097383562 3.91053980704705 25.7647586285021 18.8763149730984 6.46470644091241 11.1379043968196 16.2429060517086 -4.59368256756195
7.42895368238322 -14.7823505831291 1.18975317963525 13.243164373509 -3.83029985207138 14.5046735612219 -7.37099104893508 -3.83593637371123 5.8016609198828 -0.547095211065075 7.35306527039696 14.0980609243703
12.4546179063665 4.60873302991721 6.71474449652849 5.893196514516 9.94125710424704 -6.30066030144157 -8.25591114590616 -22.471588622506 17.4908712547372 19.2403314403292 -3.45669009334075 -7.69820602947602
9.71923250461571 -7.1251363630106 11.0663909386159 2.07411206603816 9.31805732876328 2.4704019276168 9.19074801313143 -7.60713441800724 10.6536331140444 -5.51094844265966 -14.2121489290976 24.6062518701736
3.02409620925852 12.5453056937458 8.0201534976164 1.6641373622627 12.6555074338887 -0.662648236747385 -6.9615541012452 -2.24036480207201 0.683560238413029 10.227971641524 5.13763300371381 10.4369531811297
