x1 x2 x3 x4 x5
1.21100889637491 9.01082848484344 28.4072146997708 4.2569448141244 -15.337865420555
10.4712607263136 25.9435628082007 -21.0300335041193 4.38646345520739 -2.89713749985365
-1.43948315791324 -5.95625680363775 17.384024737379 10.627675537688 -4.32106807461088
15.4309034221402 13.3140541507698 15.4464255379325 5.52067520622004 -13.1552445331706
17.7859225975678 9.72014147799826 2.07701762160391 4.39567735228986 5.58787060721017
-3.08303579532952 26.4546438978567 -3.98642027052346 4.27762242116887 -6.94601723042438
16.4360933595414 27.1641893271371 4.13582485283112 0.066677969425557 19.4632412932446
12.4770850166037 12.2396988471554 -16.3125943627546 9.26228873086056 -14.5515413548859
27.7637899973248 -11.3610418900102 10.9618690238936 10.9473651596971 -3.18018555489924
26.36676687148 9.30782741172995 29.4290436138636 31.086507091151 7.28862982710227
13.0166876668695 9.87456032056192 12.9323696377682 5.34564894771085 -17.4922373990436
1.57984921105073 28.9102661642883 21.1055726847353 4.05924377657969 15.8618964728539
11.7246317490431 -6.13886486311354 -7.51055247395015 3.92432721807443 -7.36412478404139
15.7560487014985 27.0460902099618 -2.75811369776266 7.07450955809218 -6.13533141598558
9.55854373267989 8.69227140883021 9.42855467226844 1.58253186861327 -18.1451015426899
8.27527717255314 27.1181911402762 5.33227643739588 18.2257014313338 -3.06874282969584
1.34675485590474 21.7907441725238 23.3798312980466 9.20046115002465 17.0682728320864
-5.36018601874993 -7.63365113904203 8.91459714413883 16.5902937986205 -3.99422085384655
28.6569932484932 10.8170235318297 -9.33242832137111 17.4451917451365 -13.7285048079202
-2.96713452034828 28.9624984744644 16.4341266407757 34.5107435422467 19.3280247192949
24.513299259672 7.94400042239633 5.56752139849063 17.4681748066704 4.99392359062966
25.0992183634969 28.9603597002743 4.26011301461391 -0.491802322123636 -4.62234634645067
2.90983879330604 -6.34890687288597 5.81819162152516 9.76873220615436 -3.14014319732175
-0.896756160232965 27.7267725640103 -22.8437290405904 32.7784432097081 17.1762840351466
-5.42709743184739 -10.0450176282672 19.5624101844238 20.9639432304448 -4.83921898068605
35.2782192274998 29.3182738959569 10.6446877892116 13.6005474212269 19.4539012471569
0.358602333861194 22.9109202055341 17.7201972419111 1.28360141501894 16.4916457458062
-10.6532080982438 6.61373555980754 7.2038078510956 1.70905151260431 -15.9609081962257
8.40467343992266 7.02057784687568 -0.0963345163311082 5.20261644591389 -15.4664797314643
18.4633964103095 25.9907700757873 2.22136095017076 -0.346487951138696 17.7711352081734
-8.81198964007839 28.0201416049191 10.816824279037 23.5226507678117 -5.68008786120514
17.8504357781088 -8.50943651922332 0.573916093337763 14.3013883284268 -6.78335332314759
10.9957843449086 8.12731589944239 -1.56936728339308 1.15640579704131 7.7498110612152
16.5669509873299 22.8930324580244 6.85774022558851 18.7026097747474 17.5011339601809
-6.20281922883197 23.6465015598478 4.21513642809636 7.29300541469977 21.3410840951694
1.58391917669199 27.985874496263 14.0304381124089 11.0767768355176 18.4002190999901
-1.16811276150742 -10.3463316189792 -1.45627250206398 -12.2114352927121 -4.70769807341597
-6.1968669919605 9.43454695375643 20.7557185183321 1.3390534732808 -11.848332779843
10.981337068453 29.4674690852392 10.4585358553423 12.9069669427985 -3.09062211172219
12.1917750170137 30.6968387894291 18.0911925072512 9.30227106468775 23.3564275193885
-2.47610041727965 7.71836084957341 -9.65140101828359 26.5603501299837 -12.7027773546794
-15.1689189087987 24.3619352316396 14.7803864349116 13.6146445339879 -3.99704339347659
-4.32572132958079 26.3708633119042 -12.4394759643405 -0.623411032495204 -7.31330092389292
-6.72524682596122 -6.01017977542436 -13.8030131946499 -2.05573185703382 -9.74062416000178
5.08604554601129 -10.8571708831295 14.8815325337701 9.78105379165673 -8.00117917693075
13.4248363082207 24.5139280110717 -4.04498364284556 -7.02136475710154 -2.94520801484472
19.8690625229149 -6.55477593261745 4.33083729836299 9.1315409276303 -10.1064456638297
1.58496905331779 9.61924719141565 -4.54439000010053 10.3934844476594 2.07977562037598
17.3133621227784 11.626467342489 -5.13806026794636 -6.85092392590793 -13.6332508144563
14.2668644732235 33.4865793778485 9.64218169457615 7.6161079653021 -4.14851437484298
0.000300447303404283 -7.52935831614414 19.7293226735908 13.9295677667784 -1.4021612246901
-9.35518825094259 8.84172207655842 6.46557641640957 4.787347295683 11.5666634744049
7.52259358708022 6.40435837754504 3.0683978059322 21.3792971399269 2.19281157249891
17.8311104088795 -6.42912125161291 1.39547605231559 -0.0436008362426108 -9.3978552873326
-5.30888844356827 6.71198160769023 18.9366952417773 0.85421012508382 3.81547601587557
6.35538426711478 25.7650270398255 16.2748018533867 -3.3822392451017 -1.07365473392088
3.89863519819191 23.0389709943886 4.19167768899954 7.26807866933748 -3.92403784274092
-6.06452958678607 25.4776856161328 2.09186330964291 7.84379572016195 -1.2784633107898
0.28549057123117 30.4227398162391 -4.75177360064823 -14.6679068830794 -3.20307574943528
-7.30659751273891 7.42418805720364 -17.124684534775 21.9641569099152 4.83747830180157
25.6355087282854 10.751641271121 19.1854606105071 21.2745160068674 -19.5067113186608
-10.902699898627 28.6959250963078 6.46999079183807 -0.833780391794667 -6.70470466568324
15.3009195505678 8.17945068431288 -3.01549410870417 -4.99284778011053 -14.5304379509064
6.25226624086145 -14.0765837657259 9.99925478516253 -8.03459351736179 -3.14473244954499
9.3765574767062 8.99979002073774 8.36413741279783 6.2008421226485 4.94466279795455
20.5848022693212 4.20608103904508 -1.08009102336005 21.4678413745738 -13.7495799707079
7.8973424150707 24.3520162339572 19.6289907717957 4.20591121152162 -1.05347815650627
15.299913051834 11.4558573624435 8.32953010107354 -0.0973274102588331 8.11051886631672
2.38581873441914 27.9415363148822 28.0540152716847 17.0369927416391 -7.39592852817897
-14.5699342122016 10.5002421811813 14.413965209773 21.5916808932702 -13.7266211169551
22.2764156285965 25.9525054866927 14.8891739090615 8.36005867324045 -2.91679907877932
3.87827925377913 31.0182740706444 -6.86067833547733 -2.6126578811674 -1.96170763683949
18.6668182045986 25.4263479764827 24.8987115857976 3.70040868065202 -0.569175927769141
0.760185693760595 24.6241271356606 6.58084567824528 17.8616305161894 12.3356822915051
2.20975111843463 -12.1222586407646 30.9756551826726 31.0225130419696 -3.83461081706137
4.10277550226436 27.3435568511476 15.4277455288023 18.1522915746 16.2750299692625
5.19318317366284 3.04434838084221 -14.6478777241455 18.4280463799766 4.65392002946501
19.1285593151006 14.3194776324646 0.0241202982948403 5.22926869452663 -19.3597247594309
22.7362962897273 -4.61843695064901 -7.98657833672205 6.73508625562493 -5.59301692494763
-10.2230238607375 7.58159216220128 -9.29786208327413 10.8720393805004 9.72012860740917
-11.518335601793 -7.2411839804357 1.14298177885369 -10.2785756416847 -8.9379936486621
9.99620477404446 29.0709319994432 11.39319750002 17.7167869069504 17.4471360602184
-6.01853634673831 27.6786783639826 4.49552137360245 -14.7680505066198 17.7537616904398
4.51842101881517 5.62187565985054 21.0228271097003 6.17464885138926 -10.4769171243703
-23.7965352775857 13.9653819352113 9.72185292796121 -3.25076075682363 2.01334445682678
-8.67892689747822 12.0234059501056 20.2202608236458 15.4225652426445 -15.6219309358864
-2.78166549343641 -9.47700833415625 10.9167382883848 -3.40566688945789 -7.80476313800168
9.71652326916789 27.7859078004642 8.89814043946087 29.6042960000147 -5.15411029831729
4.66815604170304 9.96134824771437 -2.8711982636774 33.5521644230729 -17.7463130412538
1.10437833560617 25.5365270274257 0.116506863375378 13.4265596743488 14.1295895719224
1.82412133603225 28.864378015396 17.1784243393871 -10.573473601964 13.651718703598
-15.8934502874953 26.349294501597 19.7945090730549 13.5737247198102 -4.63379188752764
6.32007637052088 28.5253533604357 18.5615661388726 -0.848420459206761 -3.17704575024272
7.22038256496444 9.12206035418953 15.8631478961454 15.4550552321182 5.06369427513069
22.2447640580506 24.6810745031709 8.97610512997634 31.007406275002 -5.33759997768933
-12.6815841407675 6.42561010713579 6.79818403850832 -6.40458551363845 3.1406085681004
23.3173073894356 10.3268418205349 3.85886903289334 -1.34541872358382 -15.6806577316593
0.858557701504788 10.4436275441143 -7.19585226724876 -26.8916855191323 -17.5014781659888
9.47844080318381 -12.9840382861645 0.375984268848145 16.0026798200205 -0.216080772251763
23.8802896138028 -11.1500932944833 6.48149831782846 4.980821774344 -4.68892833999227
19.9951992626727 9.54772417749032 24.0755005053542 17.6062169656883 4.65294231922445
-3.81207760286698 -10.4076077655828 9.62277578790057 10.9205356704771 -9.6932719642194
27.5695696471286 26.1855010634213 -16.0448674877629 14.3119877104429 -6.16384331413952
7.35966638475046 25.6641563621678 12.5341486305557 -9.15467014364646 16.1582600134477
4.94696299865865 7.78367844299189 20.6218456615721 7.50709117739559 -15.5024422311293
7.57649770942553 26.9303262628255 -0.988989686363495 0.132203632832361 -5.15367559031155
6.02204135148529 8.78246085940519 5.2254062350085 -7.90970324494711 -16.4451676758625
7.83019512413915 8.22400539825047 3.11147767645343 1.09997986026116 -11.2695484810632
8.7071498155367 6.21557726890134 4.29480604909441 15.7923944282723 9.99721971844781
6.87857724580299 27.981931627298 -3.24561045356815 6.6250252259274 19.1280022962064
8.42321570588894 24.6271121525471 10.4790435808736 1.395382447178 13.2078581207595
-2.06772119637362 27.5134868327818 8.32459033728793 -7.35880784516394 16.8082791202064
-13.8645384826131 -7.64809761265734 12.621353877618 4.3942743434837 -3.76026189753545
-12.9521919989575 10.2501708167219 4.33612955207068 6.32475751674803 4.65924908424164
9.47613683257446 21.235045190123 7.89781362026926 4.60648957840264 17.3932158269573
19.1980644119061 10.987080413883 17.268845857044 8.7164766009365 -17.8311332498088
5.18736019809736 11.2757459739469 3.92497143563015 5.7567490485758 -10.5862365692521
9.57250170954785 3.92475078944283 8.78034057874031 24.5022908462698 6.81519214002981
6.30854555329932 7.94635179870279 3.1965803043359 17.36947710379 -12.1373976905425
13.1000154823379 27.2061246717134 -10.9253145462317 2.15817660041825 -5.89327512842425
-5.52038314277845 28.8911420799564 22.4448540263291 24.2707889294315 21.4446840206794
1.86870417735968 27.9196875794719 13.3504496795524 4.57478992959864 17.1348000533854
20.7150543799944 28.2717708251108 12.9018656221519 -4.96280722850981 20.1621599425851
25.4028138049736 12.7500047942156 4.86062347579537 5.56871667452648 -14.0232203666619
4.79479932682456 -10.3408018977031 -1.30671810518887 -4.03435344297398 -7.97127954056103
-13.1721378251835 -11.5454475539166 -1.41731935148525 1.40017694885342 -1.82893064972866
38.8784113627103 13.9939710351628 28.0565984224624 25.6316970743338 5.07925052344158
1.85681598276732 22.9388298245757 -11.5430831396994 16.1511213654431 17.1386515718226
10.381683229824 29.1227093758158 5.51923122567035 8.67482976632571 17.6034166357908
-7.33408746560457 9.75274227361605 0.43936289901472 -13.2440363859858 5.14301404295034
4.79393279909725 -5.94620437879692 -1.65226712507805 -5.11037149156693 -5.59173794856467
8.39278908074388 29.6548910102755 -8.83984089797067 10.5358812128783 -3.83233535536552
32.066239807089 10.2087243758413 -14.8819398121358 -5.81790031437681 -19.0020461308372
6.92293913274083 6.4454161376395 3.19335945133553 7.54679668799565 6.44549909190717
-7.760539922716 6.90303876403836 8.66147730498989 5.54778650804021 -16.5620275542753
-20.9539865906215 14.2981506003338 10.2241384211185 -11.3858541381076 -21.2820429989269
18.2636829930622 6.8788084544686 3.14046266165578 15.450722015556 -11.8146556274295
-2.8726440805571 26.4376822270196 14.0980403239716 11.2635063659969 -6.82134334779861
8.17901882288147 -8.07867860419228 7.06713530275583 22.1345229060781 -2.96957682599451
2.89182157566009 9.84848485418383 -28.7710064298935 11.7221088101253 -12.4038023000708
7.89443937242347 29.3239691630094 22.4205345714529 13.7053233195706 14.5870310466465
15.5177795178786 -6.92593511518729 23.8316765984318 -8.68973888931177 -2.99477522588048
22.0083818505792 -7.65161384249966 3.32696491079633 -11.59990312631 -8.59518784462576
-4.16348984611504 12.3982858160616 4.57621588642123 -7.26499686531464 -18.8624213128613
-5.48177410357239 -10.2186712884554 19.8641342817013 0.666496971534019 -5.17655362241702
13.9369273467027 27.7100640540131 5.13565769906209 19.1580196597716 15.5277871819982
4.78326849186282 25.1892151434075 -3.20713634299574 4.3387400771874 18.3496446089643
9.20981851570438 6.65110370490568 -16.9394499116925 -7.95244461382874 5.46055105986473
16.2007382172703 -8.00419432102814 13.0613670947703 0.636684734906857 -7.38899144729147
-1.27369705267055 7.76353384645891 10.7926132404375 12.6131553704528 -17.9477968741138
8.45602314648139 -5.25046665135049 -13.4836955488297 0.630209001306425 -2.00747163483901
3.20477304479655 22.1510242500513 6.28805373975528 -4.18812367196071 15.2433001041761
4.88971901301606 9.82995814585768 1.46960113933945 1.07436940969876 -17.9212583195004
6.40016878737179 27.9505873138356 26.7804357278575 2.13550284240702 -5.97209333993738
-2.64569387511072 26.6521183643132 -0.135621601994592 17.007643948427 -0.442576075579254
0.882684744260393 26.5947463876018 -21.860794115016 5.15677833711843 -7.55522450607928
6.99908454583753 27.6723686673297 22.6117878891006 33.9187912597448 17.6913672083362
10.8031240406777 26.5230604200114 26.4246405149893 15.5528262782756 0.708675382579909
14.836247748116 -8.27066863930023 -7.81088726007892 8.01219505952959 -0.372439299048013
9.39083117864776 -4.73170191908365 13.5135502290115 -10.0866739910483 -3.13042887622346
0.255151726309482 26.6078056417166 21.2722082732436 -7.36661362292636 -5.50419965029752
29.022149757658 27.9925363491912 -13.9626177455221 -12.059394616726 17.6642722643057
4.44203258982074 26.3061220252586 -0.110541175172416 -21.7701520907272 20.2044737464225
-4.16845702311099 25.0455664478084 13.4067661560649 7.71110320155033 -6.6148597289748
39.6209866654177 7.11267741981757 2.5302959229234 16.5103968230054 4.68254593730506
14.554154205793 -2.7825484884311 8.43811918837824 13.8300631880121 -5.25116885576174
9.44747869542927 10.3813727070294 37.2425967016096 11.2160063558472 5.37450541825451
8.39728219754971 7.28773410103145 11.9653721929375 17.1105374583473 4.72787418499809
13.4728370792853 8.70539524188572 -11.7269689762851 0.234853949772434 -16.1690844129603
19.3561379412777 25.6288497479247 0.826640307233536 25.5390069129921 15.4069636389818
-2.72897608738701 27.1503826602148 21.5663176526702 3.8703745687377 11.1219165991279
21.7549916043862 27.0894811761808 21.266914362397 23.687382192003 17.152665929656
-15.1289387293829 25.1689719592397 19.0554157229746 10.1912932522734 -5.25986032172955
3.50711752594944 25.982416452217 11.885862300409 10.5758904481187 1.36303345482177
15.1614693880001 -9.59617608066151 20.8386970986376 11.8710013002115 -6.1141544009622
-0.611672938046635 8.61719690048734 8.94813380370493 12.372988534304 -14.7969273732629
2.30547670406442 11.6229827203094 -0.885444166726432 10.1044996979007 -12.092775029669
0.704256279519778 9.36646394132491 -8.89508740569742 -26.9721795532977 5.73460467948849
1.49510544659463 24.0185669504703 14.0712736449936 6.66269570154602 -4.51239772082216
3.94628045891474 -5.85240029909431 -8.16021437178541 5.53897097890168 -9.14622985807989
-8.52421583904 25.5180381470347 -0.197539794990975 14.1524804271039 -3.98669921110909
-11.7640122299537 3.22083465402818 16.3889057101872 11.0211384112313 -12.3681491975316
6.92344072922033 11.0927170373287 -5.69720990706021 -11.7144420421499 2.63656572893334
-3.78867752621244 15.104864043261 -2.48265374075427 -8.25090592457355 5.2153258848204
8.50926197506642 -12.190670540653 9.86069433432037 15.1119037428957 -6.12907701450121
3.40176920046388 28.8294327165827 24.1240866511927 3.46697832817443 18.4016163348415
2.36249933069753 7.48856713012161 19.1134899270991 2.19154906303603 5.38795813842306
23.8853526506395 22.2190785817522 -11.0149492047607 2.31581631270808 16.2593559404108
12.94821667446 9.54483928576145 12.6781820113432 6.41636773249733 6.72610523733608
7.35399984118505 10.3964607994391 2.92169299583082 9.1864416863981 -13.0314147781455
14.6203829182909 7.31952756315971 -3.4572014408851 9.26530499199737 5.8802697708935
12.6653438072244 27.1098210624909 6.49475412184914 13.7269060962948 -4.67522267308981
-6.43136493592494 7.35579681904811 14.3478598878228 17.871979079383 -13.4465986373015
52.1276488439901 27.896270042099 22.5454163933422 9.09887344002887 -2.57278653382149
8.66831946942808 11.9554764795224 25.5992543865726 19.0040258426201 -12.228258477062
10.7061556861276 24.644350157851 7.18231095739261 9.492765976961 15.9304388651694
-5.69953025129634 10.6412090779257 7.95357648685293 5.97307231028793 -18.2267069296423
-8.1903261147706 5.57024776546275 -8.50682343328886 0.623511544591536 4.77292403874573
7.42806245608353 24.8229232802913 3.85298961206794 -7.01636983808642 -7.2316310300365
5.16837794683823 22.8549540751174 25.9962374986008 16.4278764012517 23.1850008136722
-4.40974255538719 -7.29292815230705 -12.1741047471976 3.59820993629332 -1.98736667922438
8.47332997480748 6.99111781558443 22.356027947601 -3.49890235673309 -17.3100123857631
14.934363499152 24.8596315370759 -10.9533555889754 5.85123269571533 -4.26083949020088
25.8240896209566 10.0638373565302 -6.76181665301656 25.9117387976508 6.68396209077866
28.0267986523613 -4.72365985046433 -12.3358544011657 41.8481820146923 -3.37166189309267
27.3293343335809 -6.58894149477076 -25.5733432546106 11.4653275828594 -6.72314044848675
-1.64440802398854 -8.17911026645407 -1.12034310077161 8.50911350360276 -2.04690635027447
13.0000102507444 24.9629713255584 10.0421242669185 13.1482770012611 12.0313390975085
19.6687388544694 8.90298201294583 14.569865457506 -9.36967988055745 -14.8670969820924
13.4954702810236 7.60980308635367 13.9750963752085 13.7074248669254 -11.4556200792443
20.8430332386995 -8.40647131391075 -7.31525376214562 -16.8763562122065 -4.75161616501195
11.719513961592 -7.76880205599001 30.7412113789155 17.3917049168961 -6.16879252861896
15.5909843744353 6.77643769551782 -1.49189741021329 27.6409980857553 9.16332382578195
27.409810466401 10.7300458763987 7.6559486628868 24.5109871055603 5.60200722093265
-12.455529970672 28.672245054402 27.1246407123908 6.7733348709918 22.0030904078662
1.23375334021457 10.5073303496666 35.6410713252019 6.46814527068658 4.57206692937304
9.05928986043017 11.2374105548142 -5.94324463007946 18.5148018470494 5.8218637631155
-2.84005343354753 10.9321289202971 -4.32594293025362 22.2854749695725 7.34065279293269
13.0883346583099 2.57517633436191 17.9081268235463 1.92324642787516 6.26407257958433
-6.29170988726663 9.28483462904058 -14.055117605834 -17.2616018343834 8.56252205118052
13.298042552689 25.9411760955391 -14.5899907892042 -19.7874559735348 17.3150300561251
15.2667003669045 9.42668542645991 18.9054624246124 -2.99950197840696 -14.3585476941008
22.3080905865057 28.637771303827 16.4517588729743 33.5674278724959 16.9976946115808
14.2032231117028 26.930354240068 -4.58475886642442 22.2875505991113 14.2316027222801
1.3896110979003 10.3073100662399 3.91873474756328 4.37537145995135 6.17617231956414
8.38941687329442 7.9903029736235 18.7223433651351 -3.47864206865153 5.61748552264439
2.46256749950091 4.99188269304367 7.65732802366342 -0.813371940520964 4.54527960766149
-8.05819611551503 26.9668840709276 -2.48031673554328 -12.5285964921855 -4.87668098199261
1.30721579811522 22.9481809858278 15.0167383202206 0.924065699485116 18.2014756900034
19.012998817043 -8.79428487886643 31.9194999482765 -6.84365787918105 -3.54634598371187
9.27094474460836 10.7493542290091 -22.2656841314873 2.73135933025043 10.2208148682998
-12.4949891329643 -5.80794656660151 17.3518294687684 27.3361635940812 -5.12635364761204
4.61689397176097 9.26317642539462 14.5707070579683 33.5463890627568 -16.6219433584178
4.38426816619538 26.8758640523464 10.3449973010093 -5.09950693027782 -9.80756631558008
3.78765227576692 26.6747598632309 -22.7018248153479 -16.2607420823623 -1.46996064480167
-3.28786927117385 26.2071623102312 0.30384230820603 5.55043191108699 17.0532247304939
5.99156709878704 -8.93486974545916 18.4617909541658 14.1611443402973 -5.93859387948587
20.7497637308679 -9.57071263164769 6.04069480997278 18.798249622194 -9.77883884485095
10.3194231301269 10.8048755442924 18.2853379165144 -2.93377683278355 5.15084930082466
-3.55763910099281 26.5725533832672 12.5934079551958 10.2328173131841 -3.61778083135148
7.31214269326687 23.7142765028093 33.7930842390686 19.020386761318 -6.28690521428909
23.0696757348672 27.41864543329 0.121686321975465 23.9182906875738 -6.34258683433142
-24.957815963734 -8.6301222498367 16.0441466819468 1.70503544740645 -12.1599972057811
4.02622370158527 5.21039910892371 -6.33032717133243 18.2491048480903 9.16158114194485
1.88226990367628 -5.15616338732452 27.1938846310864 16.801885363724 -3.63711896445158
5.23065507064166 -12.1937877189869 -15.316338787789 -4.85366460116879 -8.82272093200665
0.350980665772969 12.3873821130864 16.3545739219897 -15.4823547397065 -13.2593656457962
2.2086389372434 27.8284516591398 -12.6633754650332 7.84597793306012 13.6873499344182
3.10936464344449 5.88481063152638 26.3240294874324 6.99930982267533 5.69373809611785
22.1836681057488 11.6083620583147 27.2725276304599 2.95953271400216 4.79701205602576
