x1 x2 x3 x4 x5 x6 x7 x8 x9 x10 x11 x12 x13 x14 x15
-3.11584390320266 4.71866911240591 6.91849573963004 1.17265612952467 4.78951565987773 7.76525773210086 6.20707592456271 8.15048606970121 -6.19337517286867 1.47797155047111 -1.72936433767621 1.48723538010916 2.65284696579915 0.858725951106748 1.64954458357959
-2.60032197234989 8.49595851104531 -3.81721086299241 2.67929097320349 -1.55569221366721 7.94545279346714 9.06677372707496 1.68316189753721 3.40980339117538 2.26383121470204 6.28587199399728 4.71143328828257 -6.46608976616733 2.19241936510698 12.8183630711858
5.82789765436815 0.22593326128332 4.98983122909366 0.901513826271007 -0.232533870357279 -12.962669219064 16.8790666720458 -2.32799563720987 -4.98016531697737 1.95344733744324 -1.33866271466085 0.0820488128328281 -2.17449838130158 10.2583000642766 -1.56938993742119
6.99151365567414 13.3324854244873 0.5402721768395 -5.46340152911295 1.48677153950516 -9.14665348928465 -2.41268345243328 -2.61598312577932 0.704912734692843 -2.09342349489356 1.2329357319915 -3.22234722892695 -1.25118669005276 10.3785661629095 1.73319723226755
7.41982058991946 16.6603629850543 -4.64744810786951 -11.8620999382098 4.07729369497679 6.16147289953936 10.8585012058903 1.34591687261806 7.61964037048136 5.61176541296514 3.77699456599457 0.611922177902237 4.64915866877713 -0.105888780792738 3.66640744936616
1.16038962006094 -0.193134952870177 -1.71815022175487 -11.3619964337678 8.32365790977784 0.525550369951363 12.1777587293368 8.6211952742101 -0.496493953843627 -4.72100320458811 17.1473444834989 3.67965777331546 -2.53285817224849 11.4675743309529 8.57375789948275
-0.353783252566842 6.14804403517832 2.80909781716905 3.41421598779089 4.77781329573501 8.68527884993959 0.458704694709085 -0.541145989846958 -5.99346641088336 4.3990171914953 3.73037237273374 8.41485802124124 5.82902610663907 2.48144451395427 -1.09964815657136
0.476038981622538 -6.30717329379207 7.29953222462399 -2.08786839282425 -7.90423864507182 1.71965352537028 15.8960574535738 -2.01337679961528 5.81963775962448 3.34179073149462 10.9628679660263 -8.86804563185752 3.53237331079084 6.89830292085619 13.2410185855518
4.86257461504808 3.20389075527459 0.576116255392052 -19.6486354604828 0.232526449480834 1.57712608054464 9.64522238674469 1.67837607986045 -2.14694479694271 -0.423469485034176 -3.2108246831323 8.0142398931975 -0.843014045133027 12.0351412216939 3.67869696477166
5.87760134174892 -6.37460713307785 5.71645850642955 -16.059037569743 -2.82123658856258 4.21857874791766 11.4448169682708 2.014014950444 2.40080844888558 -6.11464106640441 6.09568552739986 3.79909146956351 8.8175963760062 -6.07327914094319 -3.33023004845935
-1.29932019045842 5.88553188467979 5.18402346863371 -2.3360534992367 -6.967094097105 -13.5155137232465 11.6304814424781 3.27416783682272 1.6515272232481 -0.343651527574683 -3.64885675153797 -1.03086183701601 6.47315048641324 5.24928314026627 5.01171265198404
2.54537571074923 6.32408607070362 4.76626950073476 -11.7463761285991 1.27196141046933 -3.06385934848286 8.64356999317734 15.7114818861716 1.27298485539107 2.39261192024423 11.4107928193125 1.61900613471499 8.62854778119586 0.840238870053367 6.54042757863692
3.07159608149506 10.1997726341214 6.09005157196271 -4.96396190520213 1.69069200727546 5.75513776188489 12.2299838952429 15.8037348674313 7.16466526593672 1.38772302181328 3.8316626507631 -8.34787996889213 -10.1141853692653 8.62876081173448 1.07444325525051
-0.571729244124198 2.41888952436025 1.02078101813126 -8.24462822727163 -1.74906751960912 -2.21868305010341 -4.70494196751738 5.31741998368387 -3.10128967721637 -1.6935054033156 8.15648371770012 -4.43149198675602 -9.28232697223738 8.32434721390411 19.2012385709578
-2.26258623613277 7.14029936954799 0.817168932852955 -16.770048743274 -11.9109766218741 8.25943293054064 8.20611793308332 -0.265044348561997 -2.71074127890068 0.767960905231942 3.87902323867057 7.29503072793983 7.56181882954279 2.11398264721991 21.5218617248906
-0.416457327726261 2.06931573442447 0.0252737348163654 -2.94836956800667 3.66689267668965 -14.0644021525836 12.8106850291394 8.12524726721452 -0.887990389917451 0.779835676206831 -4.90276447329269 -0.910243398156492 0.251601064460969 1.00161794696569 4.75641899694435
-2.28711782339368 0.67536636105411 -1.90470422769248 2.21980475632599 13.9756275982515 6.68852186618813 4.16585636957146 10.9497730242673 -4.64582059457926 -4.06627732490176 2.85175088347326 3.03204998856387 -0.960907878578454 -0.904539757422794 3.91201154564037
-0.734571061633775 6.55927839445929 -4.8889972027715 -8.44913495719004 5.17982806038072 3.59659185430279 15.1263996611475 3.20609344630492 -2.61742890332549 0.824040155303502 -4.92332507596539 -8.29675892983319 7.00815882447768 8.23641066799097 8.18441724535408
-10.118361845366 -2.8399138698821 6.21571322486282 -1.56255820080699 0.893350881824412 -7.40442668975695 -5.84630736471545 3.97759518953775 3.44911055582804 -3.07943065531237 4.45309712376783 -3.33381948141696 -4.25415323703363 8.94438153638953 9.64320459602905
0.922279864283192 9.72162948848402 -3.15759313733728 -16.0724035293329 -6.80799482887737 2.96899653047533 4.26021516192328 5.39544247044489 -2.68786923466991 5.69873381836366 8.50356738817993 -0.280193274848259 10.0186334078976 6.65206464607329 9.79006046660049
3.36901459847122 7.58239498648976 4.22990491117259 -20.6596548875854 -1.77445245753615 4.9656631782455 10.3868559141828 -0.0553629104525775 -1.03971289224975 -4.41162886288183 4.75536966939671 0.536861248901865 -8.01521008746218 11.3844985066785 0.959418668811872
2.06317560527512 6.80547541544082 0.715120923122648 -0.017642889409478 8.67458589173162 -7.94777891205099 -0.441303667145617 -7.9773423410769 9.15121871414634 -1.18457902626444 1.34327073381505 -5.7168465277508 3.13497023128935 3.43118390880874 19.3034271156033
4.72014777411832 2.6490383434235 -2.21797048656676 -3.22398126004094 -8.0766281848611 3.5759167697783 10.068997748959 10.9317835895924 -3.05326303943821 0.458666638589743 14.0270600764836 -10.8574699804368 -3.93864853376685 8.03190851732636 -0.603809209132347
-2.95637640245493 6.51859750026122 13.9101780297342 -7.32548232167596 -5.20691174517294 -0.448310105994478 13.9936978551472 3.0249529712425 7.72374526527786 2.35970227974471 9.49945734717495 -13.9511270721999 5.72572889020683 1.32282221324776 5.45986601336634
-4.72687525135157 5.66865952848264 3.15794601159982 -3.85586627226763 9.84631114573396 -4.55065972618524 -5.70148075657709 5.0122032728932 0.711760362179631 -1.93766607468369 3.49044149642896 -4.707114697036 13.5682262603657 8.19788132091214 -0.898638288059971
-2.62478410838478 10.4730462244672 -1.13126691102597 5.01908884602167 0.383552233395174 11.1690487218327 6.06945798735186 17.2910517216694 -6.18734914021773 3.53324849374816 1.20043886048105 12.0417712039994 -0.854440097724007 8.78272105329763 1.85209936181867
9.13613568111923 6.47246624190339 -4.48159068484056 -2.79452918395214 2.94001998546235 4.95434394356234 14.3762850576402 -7.06128559911687 9.61996699383251 0.122911256167704 7.60348939303915 -11.7840417903892 -14.9751297994478 7.84346819577889 -2.21615267945483
9.44432826148083 8.36461278566527 4.16073822034559 -7.13029396403284 6.294378064279 -0.524748978177966 10.5215751084745 2.08246225456958 6.66515255330243 1.49360117454923 -1.05356051852406 -13.6984954495073 -6.5585249130247 1.34968799928536 6.45931952174212
2.24778612767526 11.1918053696022 2.94747392879298 -1.19614396567826 11.6488990953136 -1.72577990221579 -3.47779083046897 6.34503967677212 1.90656486649569 -2.46550121773061 2.45341858526408 -6.90943482079195 -7.04260562275913 4.01073006154402 8.7036463022288
5.68468816841274 1.97635769466227 9.40788354079726 6.20461805740724 -2.50728269465958 2.73791920614703 4.4505664971752 -6.26066612482785 6.01957553629947 1.60589804959574 -0.0574649804811695 7.93878457089494 4.55281763939358 -0.279343008589628 7.5252091166144
1.52180865599971 7.89280378325312 3.60970819511627 -2.10018046890362 -2.1608940498043 -9.97750941299574 13.2893410150205 10.0809150173792 8.84334181358702 -1.34127060966509 5.33820264554673 2.10144966199695 -1.22247534167312 5.9114708914118 1.96648935257156
0.930489287382054 14.1474652345377 6.51173345538169 -1.35398912043182 -0.0380091118677326 5.21805239294514 12.072015485803 2.42044563080585 6.43056014146726 -2.6442168319325 5.46221219971891 -14.1310113020729 -1.48447289142542 2.62406841816405 8.34637417873342
2.59081840192137 10.1563990634669 10.8174431634707 -14.9343670922777 0.354878611987111 2.43624945117211 3.36889323729282 10.8854756603564 -4.57341643961454 -1.48497277951563 -3.15295147267914 5.55420667279345 -0.611273349440714 2.64809243164111 -7.11190807418794
8.39042448140086 2.73472647566427 -0.114193061316655 4.96309795843086 -2.30416058286639 10.3345120368364 5.24393798195814 9.84869650820119 0.167970001099618 4.8922458307387 9.71224124154324 8.37110366010878 3.7604336460456 -0.0192077143378109 1.7242612960666
3.69467524071332 4.77426005367869 1.04624635559713 6.43614778263192 -1.16587597439508 5.30836161086901 5.83726207031011 8.98083142912309 1.08707964614103 2.66717720975422 8.08808210361345 7.58179971187378 -1.50598598976476 3.9671992597886 10.6654168614799
-3.45153316705145 17.9850551363508 -2.45739016693889 5.67344941985949 1.50517103989668 6.16507456741178 4.53077796758057 1.80873042278542 -4.25365306166454 4.39502306168425 5.31414216262984 4.23999406676084 2.44041708887782 10.7742389960912 6.37711745370819
-2.40225850182859 15.5192397419502 2.85966507973569 -1.33015645079505 9.41349023500174 -7.60647562983255 -5.39619605965034 5.97054792700283 -1.65694905858838 -0.254597108337085 -6.33392051044368 -6.58407907599246 9.87509770276343 7.5402857586767 -5.89544078777132
4.76785453971095 0.440247713110515 -4.690831588131 -14.2158788675648 7.81553642192627 -2.8037194534002 11.4703349187493 13.6883073709644 8.70084181516985 1.21440078672067 -4.75025591170226 -2.48304929194465 -4.73383549384401 5.51969463037178 -1.27923212636024
-2.26502888082829 4.03814042394029 2.03474386139903 -8.92625203147799 5.43772136994727 5.10455041436659 12.737581117685 5.75127366842275 -3.65069842809365 3.18659349235412 0.407881724666774 8.19505712974175 1.40246154829895 7.95437137731156 2.96659303331104
1.86639401627422 4.03116686925108 -2.96055298045166 6.18169428929656 1.51141218979323 6.43020407542419 5.97098973244787 12.9371762319587 6.8706079735667 1.05871611764193 6.65912098820551 4.07312144376854 1.45530250112768 9.64512309323536 -0.663331118209079
13.3999962639225 6.21667006531377 -1.2613653429787 2.51343879466958 6.14188072784196 4.58234868723098 6.87178798846175 1.4982720519054 -1.57786810689851 1.98047311562349 0.239057784516978 7.41061080538867 -6.90315128424162 -6.08265415276036 8.27775146984353
-0.592139657240404 9.46079720753889 5.49015917949295 -4.88617271042084 3.11003029709341 -8.28893152387782 8.26622101215792 9.25433194469509 -0.846095645359375 5.94007381284028 7.66650224873737 5.28128758730053 -2.7165000261054 12.5824457808281 11.4280158073767
-4.07382681873671 16.8614270822908 2.99092345083695 -15.9688064055887 3.08151702972558 3.16216823071758 6.60697587053671 1.18573395972652 2.79160695833527 3.24352645374299 15.5267047200091 3.84549066225601 2.89391154402927 7.87146987989136 8.6737540589984
1.77888269478155 7.24831396791946 -0.786125197032245 -2.3705594370431 2.21964397445565 -11.0077725882152 9.68496546071422 10.4127636460288 -4.64484320199597 2.52723304060694 6.06937276354366 0.39410289961785 3.95700819733128 8.15797595193626 -0.403970921800456
-8.14626346209637 3.06031137419084 3.8237955373007 -1.71330382920118 8.24760285027075 2.49769828010729 14.7741547509764 3.89601068346542 0.543589468805084 -1.80626144004329 -0.993164647195826 -13.9608922437163 -13.9960855510574 11.0103089530652 15.8580406700048
-3.48128336490612 6.87707395577347 9.20440899891469 -13.8790744830926 -9.34094647829215 3.17792490348956 7.98600969912534 -4.20682366723626 1.92330065245055 6.71059274681987 -1.77610103323543 0.150938270153395 5.26891306853721 6.49322163047199 1.76074244387905
0.514480908858486 9.56674942512505 7.61336894833578 2.99137660822092 -3.19118229887346 4.12685652560401 6.32283381845785 9.22452242973874 -4.48203512362431 2.66708149509404 4.1749826256088 2.77192767759403 -5.2506472071612 -2.13777076638374 -1.35019687233294
1.40067482314661 3.67664774105003 -2.52454894133744 0.757402702832692 6.97034031832569 -10.1530169960186 -0.649555517447259 3.13901705436448 -1.81060182296938 -3.28848640171858 8.68425783848332 -6.07378465348811 4.94528725064554 9.38694780190359 -9.31723606383599
-13.1795324112097 12.1201716369492 9.85403633533306 0.537987451125455 8.24583468915425 -12.6452643747753 14.4700964756338 -8.96672359053548 -3.59507334443463 6.15589810607267 12.8841592146318 5.59264164248108 1.20365792022443 8.9008548678535 4.88149873227934
0.903689732732504 4.00401164182556 9.22312802860154 -5.1636945644031 2.56978534229424 -9.45734966363703 8.14210044103881 2.45855434970075 -1.97275561145965 2.89565611858236 -3.04665460865288 -3.12346023528166 -5.24114820557966 6.60028934225433 -0.481769826547053
5.95181262037878 0.83407814466563 -1.5851154511957 5.20343994959499 3.19844814091885 2.56494282679716 0.613826537117909 8.14070548705501 2.30554715572875 3.29921477566499 3.15022354083861 10.0914658431399 4.64803451835316 1.03565675517915 8.80809431284043
3.30610604998337 -2.05179798566192 7.87661892962471 -14.0560416173428 4.80784889363347 -3.484495596973 5.98770922856801 0.282078326484532 4.69600285403587 1.81833086882341 -7.26617620017092 2.26484088350304 -4.11587876271413 12.7827988952164 1.28098615591898
-8.68923655092163 -11.3601706210457 5.47334695926106 -14.9659888701714 9.53544982041036 6.05473664067619 7.89527361647072 6.28299597941095 13.4097418574115 -0.813206607101425 6.75386839490465 5.12917789370488 -0.551051393780666 14.1790915433733 3.99453548515205
-6.73737591441612 -8.03488938454414 2.02074156326866 4.75714025942681 3.01297054420961 5.09867231541361 3.21984672032966 1.84761699273719 -10.0265477387195 0.635819636006476 -2.61309986984706 9.66355298745208 0.550542363256743 9.47632263721515 3.29974674328237
3.82697909311505 2.9846091386634 1.07839877677698 1.93950513121802 0.30072753944975 -1.64138327784413 3.05971244861656 12.9583390061356 3.62647321880893 2.57845562557799 0.496319832837955 0.720444658798189 -2.43684890769066 1.69962806156472 6.64645081104748
-8.0722093676816 1.89794219701616 7.79121278378605 -3.67742450507769 14.00664687673 -2.36654658612803 -4.9604903152066 13.1171440192201 -2.71276138326185 -1.17272567792626 -16.2289063809077 -4.416491334239 3.08057090811285 3.43440855213138 1.63214056551808
-2.88863770199926 11.6956847076438 13.1887643987653 1.20342057149 -7.77640876514215 -1.7582187754571 2.86651095972927 6.46015405796588 1.31432959441013 2.11398479893027 1.85838105752737 3.91842641607495 -3.01938941892454 -0.220064267274086 1.80799663933887
4.43951079817554 -8.51178782691385 2.43999718609428 -1.11211376022813 -2.1550254447828 -0.38343259606896 14.4763099509709 9.03571687532679 -0.0679442430214042 3.01453167449776 10.6935646378935 -11.5049975341081 -2.30564002298419 5.15398734499483 10.0107680947391
-6.94741472348582 13.7248395393447 7.34310307429339 1.25935502548501 -0.317928982963265 -11.4441731067114 13.2025491988904 -1.86150655315021 -11.102136334564 -1.39057399716744 -3.43100563149934 6.43700439522902 -4.49316968986688 20.4777499230897 0.49121879368888
2.79193213976947 4.35023444086825 9.61884278506023 -4.1829532460054 -3.88735838102368 -14.6306850053735 13.3385583417571 -1.98909134111831 1.46810116358345 -1.60258259433143 3.24224671990237 0.763635523386105 -6.94527374396792 5.62408752351081 5.3305843413473
2.83576460563428 1.19602195179555 -4.31854159514985 -11.8235174923835 1.68649265764546 0.494463393475955 6.17916439072222 0.38633015881039 -6.33101069733835 -6.77273014607391 -8.56964694365401 -1.5270056671881 12.2094559902924 7.55002481418707 6.9249997337664
0.53992540475456 0.831587028782085 8.81825755092023 0.232264174248006 -3.73811465584974 3.9295290892918 11.9339456473794 7.49001445818872 15.159653614268 3.76839585583582 2.65092003874533 -10.9621035748059 -11.0396553227718 4.08306964212212 7.41048644580224
1.66293793914722 7.7018258676769 -8.2641086686062 0.620995112072966 1.94683719909761 2.69659725361107 10.7647801804829 -2.90735329556474 -7.6944604898618 5.91519031536603 6.7669296864428 -12.5026217338853 -0.848628561166665 18.829761470668 12.3588629471481
-0.727681465081016 5.54406427276624 -1.15362996233509 5.38754579145766 2.10759208899002 4.34622020545922 1.07176552167259 -8.38893190188972 -15.2422488854069 2.85417513161772 0.0547965877278487 9.46283453079704 4.08797368200556 5.71614733240968 15.5054391033631
4.09983311872264 -3.00985029413353 3.09227596996748 -1.69491827608819 1.99668664993472 9.616331450087 10.3588539301812 8.58080253371738 6.55652090685725 1.76580191102547 2.38511901859883 -13.5270022883047 4.61419487335892 2.99418369068131 0.404517816821659
1.81609723275373 2.5201764619894 5.84660812319779 -17.8998737072737 0.604636620136138 1.40458255686707 6.75796690930608 26.711370999221 -4.2951037571908 2.00366290871658 6.29267664651582 0.323342297827857 3.0559563682907 5.22757126406207 4.77652942383905
-3.60967508998519 6.51878514520584 0.251645019430786 -4.77235362652744 -7.12102993596909 -5.70274286241781 -3.52578916719612 9.22296567620722 10.7212363034702 -2.71434321647468 1.81333991044532 -6.15888529293724 8.17060561753981 -0.344351528328986 13.4955392922133
1.66016034494431 10.6093335706777 -5.77656157145332 -13.1505451224057 -0.622449817534304 9.3667309437452 10.0439148018705 1.17466928865405 -1.90959513798939 0.388910783073834 1.85888608567814 -0.669586748014713 -9.8491052057416 9.45188751844251 7.69132819426071
0.00625640939890393 7.77736556459565 9.24360086453185 6.61056223596307 -4.73637529831116 3.6725886285178 0.479301240620902 9.66537954197743 -2.58085488611314 2.13694100299781 16.8669953172598 4.556741284756 2.36823238092676 12.2097538087014 3.19331659074577
-1.12553549387874 2.64411493201647 2.32480654075864 2.18430644785384 2.03030831447525 4.20147312059149 10.5621366498507 -5.71712873567962 17.4982200139969 2.61470828270908 -3.82974805192689 -12.9666841304633 -0.686379327078562 3.71577619004804 9.86795852537287
4.64942205939833 -0.115269375694682 -5.80738534547117 2.33116842176108 4.73239050908707 0.302274181132959 4.76744843779869 10.1255246672769 1.87771505397502 1.88965486894438 -1.31175429580855 9.36782669681443 1.81913426976167 10.0481574514422 -3.38372771878084
-10.5291404078299 8.89127441595009 5.64212611704427 -16.3522670185192 3.45991185783446 4.06628155330789 13.2537336090908 8.59844927381552 -4.90284461537652 -0.243264192510722 8.77696326501317 4.6757949837171 1.71022624431016 12.9878277730824 -5.2179639223503
4.79333790834245 6.37544003588596 -0.832175402138716 3.08113455801305 -1.85762961065281 7.37128046372992 1.64597254777054 -3.93538422687427 6.32199315559749 2.33997555563543 8.63025586731181 5.97525344294169 10.7131993433575 12.0879284908819 2.95526213861237
4.2543723987291 12.2317578517923 4.80645184826403 2.25906916628396 3.96001795658765 4.14513246354989 12.1660863782061 10.4984249483824 2.98594971578033 -1.08045110433103 3.94446955810296 -12.801504603751 -1.84985018769038 -0.14901678006524 3.43586681569528
7.93658434116844 -0.230601949178356 8.0269054131244 0.837196645339196 -9.69411897020956 -9.77685700177013 11.1595134334314 9.98578959580636 -8.83332322347409 0.932204708582133 -13.0253896090783 -2.54429652088192 -8.87822990470059 5.97176252036842 12.3211212417259
-2.89167338188888 -2.11447234263132 6.16347109069481 8.14829720723587 5.99735422319379 10.8530928235095 2.80072948293031 11.7949699811343 4.6766506783069 -0.0231400417735559 -11.4289116398999 3.38690857231511 5.11616520618849 5.01282602220129 4.83776915569288
-3.08437384899212 7.3175044525214 6.4124011570736 -1.79290293769911 3.34856286886165 -16.9715017101738 13.146971312155 4.6879124373246 -1.73490096556564 2.71752954341996 6.67267953391447 1.07554337246303 8.12223131888169 8.42814273925461 6.49190766254797
-2.56223532910128 9.35732081574898 6.0513461265994 -1.20564809446353 -4.87506935862184 -10.0609339229032 -6.59296973316185 6.97102156851266 0.831280460114952 -1.29538796855478 -2.29089401797615 -5.78708118167234 5.60509544966401 11.9608793412769 0.831136119812852
5.48272480591673 -7.02986117854907 14.4540160746894 8.54755833226076 -12.8779751465886 7.12494092516713 7.77682272112603 2.62346819664266 4.97333622285774 6.81136744783596 7.64900628244405 7.36844932715017 -2.66191451686873 4.48633023925834 0.758004792562027
15.1969497084775 -1.14510568218303 2.13721605847725 -3.57124090043799 -10.0611886125678 -3.98829880554022 -6.12073115199659 -0.94015420434213 -0.320724333820853 -3.17427784899756 5.52086869378609 -5.11627797985196 2.54270721758406 -3.29841731757309 8.99568324862785
6.18686929628602 12.7419414420713 3.90970544725427 -7.79070198959776 -5.45653935763197 -4.23010090764005 -5.7419612234059 3.56880682441406 0.439303264207675 -1.27665595578799 -3.91876394096956 -6.19554287965645 -3.10029630237506 9.12145953864438 5.26217543696634
-0.671337821160825 -9.97187115272994 1.22210530305362 -3.50708899362234 -8.1738214747317 3.65638516479895 10.8924281859602 7.72260871641207 -0.179486009859816 3.31751169772281 -0.969587017104859 -10.898940723621 10.1586539326893 7.25993786984866 -6.56181364379695
-5.85168276007576 2.20139296523252 17.8269300188431 -2.16244499261093 0.0421765269981651 3.49296670563264 14.4170169263704 1.30682212383645 13.4463215308542 7.44620594860975 7.24616891389597 -14.2591103114919 2.28861633669428 -2.86683673547839 1.05530585558798
8.05381317335793 8.52977922210859 6.54603593962875 1.48837576859838 -7.90709117406279 4.71122641288972 16.5800715607025 9.06699055033634 -1.2510857632052 0.557370120542483 4.31956181190758 -7.08328131889613 -1.35163532835302 -2.80723865762604 15.8568339642262
6.44477606158963 21.2788340262679 5.79952091244995 -6.10509853909001 -3.42354443630277 -1.1498241040488 -6.96125476224391 9.21007280967282 -2.07747844421523 -3.10070155634466 -7.45098522255352 -5.71927007477665 4.43224091204538 8.65938162603912 -2.47488808391163
-0.451636849079603 10.298464132791 -1.76619580852822 -13.5546562037293 2.02434056040074 2.25511318114948 3.71021227410895 4.37300922461363 -1.8432857709931 2.66122808283127 -0.917994874721558 -2.96236572371323 -5.349416572096 14.8989760590495 6.45999786461552
-2.4702101677576 5.52871357713643 5.13052837942051 -13.4467211808613 0.101253565392768 8.50123137284119 11.0145528934098 3.79074861034119 9.94534733120802 -1.7879845928903 12.8706847505347 0.240486913117711 3.32160900473074 11.9411199381404 3.23544231497292
-2.10462758229589 10.3986874621648 3.26078513569914 -16.0519780515132 -4.0937445626444 1.42258979793047 9.55062491359855 8.98973189435482 -4.36494062412728 -1.17048544718878 2.67487195646077 6.44176262527698 10.288776235328 1.53344996278546 1.7928764723357
-5.00296746585379 5.66248929449021 8.73054983208109 1.44014753364763 2.65631261805541 -12.2352097419366 16.4910992805359 1.26698350461032 2.36204929611923 2.12608303075968 5.76198104958189 2.37928198756664 -15.4905409605267 12.2482566713218 3.40299071392652
-1.18301539838634 -17.4656371393694 3.25061958407886 -0.28125903995443 9.96881628500809 2.42365831249016 8.55975776980443 2.60742492977318 -1.6169124728621 3.16721047657308 8.41717311738509 -14.4030034836028 -6.48339713382149 5.41454180197038 -6.38864787070752
7.04917586832786 6.74724226887203 9.33417324600699 -7.92328766286169 4.29653014760424 -4.25566786534806 -7.58273360378598 5.79806729020838 -2.38134894154183 -0.810457904993651 -7.22900826552572 -5.781568011565 10.4966257817445 2.10468949888662 -2.68640141137728
-2.97343943668883 -2.45918717878874 -4.80694709095467 -15.6907226319767 -0.000955743602152559 3.78306815831884 9.43664205566827 7.15231030701541 2.95381671229026 5.26972436040319 4.18249162753919 -0.588046064178227 2.35343030651695 12.0060879689222 8.12492960225329
7.86272791488516 -0.24347940385606 -11.8945161708915 -1.72817378457651 1.69022976240365 -7.89991835965609 15.631287035963 8.14117731421472 -12.4895484115474 5.91040383325544 -1.85960961179151 -2.5338877675286 -0.0564365759025425 7.5987141008501 5.68392679982505
-2.94805421970441 9.19674723207933 8.89280552500943 -16.2507819079196 12.5204586735111 -2.21753764773628 8.35199988070239 6.2102363292227 -1.00895596090022 -2.64471895779946 -0.999298938987946 10.1498463122244 -5.29145678260279 10.1032168281582 1.00795497464571
1.72526773674207 18.7583983353315 1.86179967039702 -3.21322457262922 -7.7528388435278 -12.7456744844829 9.29607339088882 -1.085626981719 -0.598234595151762 6.71317092595763 8.28031749773589 3.98031236037452 9.65244940142129 11.4988591222423 -3.00616598843014
8.21122376189038 5.48250668215585 5.85736771470923 -6.46962151674016 -12.249532096353 -9.5456303119099 -6.90856503304421 0.627882928930066 -7.07269045928404 -0.525124233287618 -0.238566023485297 -4.22677611741788 -8.63289493295224 14.6388454986792 5.2592990543299
-10.4902637065265 22.0796187404265 12.7990382629219 -13.3546910565065 -6.89745225999938 2.27941386576771 8.76918704543491 13.3364962630644 8.88659159828519 6.59998325640588 -2.89333539197837 1.24296867941167 7.83330162128907 7.61333135469714 3.59155850521613
0.464374441559796 1.06384955020602 -3.78638004350511 5.45789069185658 -1.58050292019988 6.42997814518933 3.79108045053698 4.19478623789596 -1.58011364890234 3.6829596134155 5.35001295925236 5.99167136440806 11.0818551950143 18.4481343168657 -0.1606863790182
13.0267798615838 -5.67342791323767 -4.52975200537236 3.11192235606782 0.535479364239778 6.91245580168422 4.88878583116894 -6.48913292624172 6.56995593256446 0.110210540740691 6.62216450581767 4.24062085787236 3.80976329019093 4.20647960899447 -3.6242653951641
-6.43080743873083 -3.45550425695043 5.90561340783271 7.95055098987085 9.70612762047642 4.5652619581277 8.23859773133503 0.679735879760327 9.4011211169913 2.31078560938244 0.377733364131585 0.211808124033873 11.0446773631016 2.67482383435544 5.30947839606817
-4.87892209221147 -0.558517594301367 1.32736525807921 -2.35165249304086 3.95023370975251 -11.8380330169715 12.3418765309119 14.0179775078543 -0.965933445048301 0.358042383081111 -1.68371191689222 -2.3527620844953 7.69177169142744 9.67545125948884 -3.24353089258697
1.72842356115616 6.64407297186659 14.5314443023219 0.699750531214484 3.89948444239102 -10.0462798808324 12.24709715813 2.98304232631165 -0.814090864674653 8.40410053716128 3.52892705771451 1.36174392491403 -5.94802026066057 3.60683199943302 3.32361948810925
-1.66820312574785 4.93199093358734 2.74200671281308 -5.88051193202192 8.33938423631011 1.56659423141136 -9.18292740161964 2.19130513300245 12.3712692616643 0.854175895003552 10.2689460037337 -10.2246970219926 -0.0139594319281777 7.43484221969203 -3.24943385379881
-0.401199240288689 8.40951914346818 7.91876379626285 -3.02316746990981 -7.65873695005619 5.09692261761419 10.0715805784188 2.02288756002669 -3.9556530362004 2.11821105690255 -6.50884875805069 -13.2070661855817 13.8143198773571 -1.40405290315897 1.41786096575668
-2.25663746609094 2.933855002903 4.06090339373649 -1.62057375945839 -14.3465586512465 -12.7006572233585 17.5022482465899 3.77628978244969 6.6166869097151 6.90786354181252 -3.18384678085254 -2.03256123914102 -1.80753173394246 4.66544947926652 15.5454378265997
-5.6563126122306 1.21832964425565 0.749872450550681 -0.129991971630538 5.02035642145589 -16.5133575153516 15.7768136782608 -2.40105276248644 -4.39202044106161 -0.133437869308794 4.87770760165813 5.49121466505722 9.4284988506162 6.84252192027137 -2.26769046964828
-2.42351196196165 3.11525099608945 3.6302090969293 -12.7770969686736 8.50337175658655 2.35042406518105 10.8749864887385 -0.786029386462629 -3.22937969575315 1.32185603907869 2.30344730830041 0.287703656326897 3.8281091909312 6.32645868319301 7.69471291186164
-6.89125409176759 5.25093888104355 13.6989600892955 14.3201228037934 9.67975667171588 1.80908603712479 5.49284577890841 -1.80432057200509 -12.7979016526073 2.42368926744343 5.47442659634448 -0.653836596663659 5.70132019671052 4.35259600862221 3.22437274862105
0.690006887097111 6.73644323367738 11.888645770601 -4.97539087107001 -4.96455283212572 0.261162077440563 -9.80530869805179 -2.83950221308324 -6.46366601940482 -2.53986477243881 2.09043895096323 -7.53022762713926 -5.67966691291801 2.92482359504034 -3.0227636530009
-8.0844254307691 -3.51641846585437 2.1462093477034 -3.87705875855109 11.7794658482182 0.514100843143319 13.5302988962425 9.60454307527617 -2.93231028418982 -0.898133659779189 4.54824821967123 -13.5079123046382 10.4230391689449 5.9681297136673 -6.48499355228859
0.691221416318814 9.86601244434948 2.58108953850181 0.0154870408244054 2.23165579298403 -10.6938849457022 13.2205268457834 5.07881128665546 1.17303409583955 3.01753466678284 1.78516034672863 6.42471200974389 -4.927689276602 5.04086498364365 0.960691627926491
-1.4377146821857 4.14222388486686 -0.16856357221886 -1.15240698616697 -4.63205624894123 -12.2545004435308 11.1628451564575 -2.36754887660898 0.0271181736220441 4.96433755480097 20.2071941533055 0.836216061440718 6.75453455547597 3.62244191168599 3.83077677956485
-1.28585772837214 -1.37390529876069 9.18554694377583 -12.6886931692425 -5.81561886939473 0.587493097965315 10.433292039126 5.63673206168377 -0.665787481619464 5.18834826290553 -5.83438168953144 3.49070619500613 10.3816220184358 3.36439787398689 7.34383724973972
7.90525229065481 2.30502345893912 3.8851847774679 -1.61236065630806 -3.86651279679316 1.84563451890327 13.6773423732203 -4.64926429034137 -0.357710857435886 -0.312600181974022 -6.89557358753906 -12.3198121556244 -1.05303866082348 1.83279822649868 3.79431537108701
-6.14845122881806 -1.21373809285909 3.08603468933693 0.580721797469133 1.220437023193 -7.13687370859796 12.3452839942673 2.48724075138222 1.2880387298037 8.80725960594223 6.58438456335269 2.76171300730625 4.16093072793498 10.673217541901 0.712935409250329
-1.02647872985281 1.66249290381167 -4.03060514927197 -0.212108703891839 -4.24424238549642 7.17409844090355 10.5609722733628 15.0165627503524 1.45843674616354 1.52857278165539 -3.86535930531249 -12.9308341237604 -7.75139224690503 7.30775929591993 8.85002109443108
-0.658710902114648 1.16574728858753 6.0598353591848 -14.1630081287532 -2.20952610457435 5.44923213999763 13.4462348676623 -0.438843168309345 -0.40382413541101 3.67522967648184 -5.2187825365421 8.76316667580299 -3.6951023899942 15.8781850113275 -2.17989712828771
7.70599964568486 11.4080979524814 10.6208557202613 -9.15743718905943 -12.0294451777017 -4.3118839506834 -4.30273829948784 3.83775136873307 -7.33189197062654 -2.80385519586601 -1.48835782465449 -3.26164195195717 0.77568998324315 1.75229119679409 3.4375993434689
0.22942851723662 3.80894817221048 8.57509349636874 0.567405964766053 11.6384076366955 4.87167032718973 9.86849170521868 11.6072580263677 -10.7026996021156 2.78925071202829 2.55829732028934 -12.8191642832794 -3.58686450703146 1.24320270208738 3.88549566746677
7.40047052457604 -3.74940548959092 4.30821193171352 7.69518689542546 -11.1901900291458 8.43899993435428 2.1699186299526 -1.88393439194114 2.44377516325797 2.42408063298731 4.80355722399583 1.95262205197931 4.28189163575941 1.07635642646366 6.89608422226618
3.47618503413686 -0.440677185526823 -4.10978453091424 0.463058101892079 -3.34099145195237 4.62658140819335 11.7151144508575 12.8006087390432 -4.09294618119519 -0.770438526974502 11.7066794408214 -11.2113640458428 1.6015034052822 -5.13893736809983 8.61336785488213
-2.00546533073522 0.751369552492866 0.861208029933545 -14.9187080368849 7.70699196413053 -0.95470597679825 6.1703536280123 5.19153028572267 11.8516073281697 1.6133598521099 16.3145346919848 2.00970817235345 -2.99413923156402 0.624378163776278 5.34994389310479
6.57693852915891 4.94936507387376 6.01469349461186 -13.1178260586555 -7.58397415307776 2.54689578408752 10.2729331122706 -0.357871422392967 -8.33106208206824 -1.90873895470732 -0.0256379362765369 4.89791737407603 -5.64501974554696 7.90802185788862 2.55590302224499
-1.57656950837156 11.6245369959172 9.45476793300098 -3.9832154445083 -0.000947796449526028 -0.892008794313174 -8.86689755667344 7.84146757236835 17.0815987893807 -0.32234892092797 2.00080615339441 -5.3179141508586 -2.48179791894065 2.9340257803317 13.6501372960202
-8.84629759543575 -1.79428708519344 5.51216756896403 1.44672681368344 -5.02299253647401 6.75390510026672 2.89518989033382 2.29471446393725 2.25310326482863 -0.462975828840188 7.13359883421663 9.58205620794725 2.43875654702559 6.61302909450918 5.15798965651453
-2.34936774595528 13.4531711689402 -3.83128051614275 -1.92136831551666 6.33236194277161 -10.3802973530295 12.2270485359509 3.82333126925288 -5.64399232930857 4.732766143695 0.518371123370269 2.27769253193456 8.19337362893882 12.1229542958752 1.74017693997262
-2.4267062804416 10.9430567890993 3.98986862641429 -15.8784564789539 7.98239191737806 7.20769112031764 12.420532388992 18.2802492974978 9.58568048706494 1.06249938027033 -2.24653471718314 -3.20993788823098 -1.06989404917939 5.90988067513291 -1.31885043599042
4.6469273646523 8.64884353350385 -0.396026449044806 -7.16332124206126 2.53112441363259 -7.24998407534439 -2.92148240515662 9.78976137527152 -1.24081750852843 -1.97059944160372 8.81646944700903 -4.20899400890665 1.55525630172165 3.42079715033048 14.2523495179316
3.15609356369525 8.74477299166082 -1.18398570123401 -6.1914327828874 5.70141871353061 -3.3840624222261 -2.6075803466294 9.26034639292828 5.24033708321514 -0.669256971225703 7.01338923403802 -5.59669593360672 4.68637382653202 3.04756533276542 3.57976527734294
-6.8414803194159 9.25811116635664 6.00231228454813 2.68362301220004 7.74154293096899 0.519046672500473 18.667861991758 13.2867864376083 -6.45891354984629 2.56470728282377 15.751003293313 -16.8771547565022 6.23705294549327 5.57470607979713 1.76354186095019
-5.42287972824911 3.48034539856187 8.38365555654895 -4.91766189554148 8.65280158861435 -6.48665308243319 -2.65863354533802 8.45884965951918 6.38192158241525 -5.24027353687622 -2.90090642961447 -6.41647977930645 8.03392726324697 4.9985966170149 -3.40767957953299
-0.630900843738166 10.2134606115858 3.45670143750515 -8.17121210779944 4.48153854411305 -8.71806194938131 -1.15764588313843 4.22071758105258 13.934180848678 0.0902086786881537 6.3443520615307 -4.46432538355938 -3.45859144549134 9.08888989805068 0.494285750127299
3.66232882482704 11.3796564831489 4.82673064723791 -0.0246356741774019 -18.9094827305343 -4.36524843460476 -5.36259823819495 -2.00095728321907 8.14250634484575 -0.0746520245805495 12.2883502121158 -6.53945171180615 3.1843545569115 -0.492144146986146 5.98957044971349
-0.0740027603990745 15.7029273451048 15.2390360363185 -7.29337202472203 -1.20469919697992 -8.11430097551976 -5.72906941461962 8.6375366252501 -5.09913598524925 -0.20033869368915 -2.90853575762038 -4.51187940092167 -8.76300580173515 0.932489727379214 1.50472463401659
9.55763761404399 9.32260066802749 -6.91295108998055 -12.712614555629 13.5573394835039 0.0693322306801876 8.81133566158589 3.99740052144969 -5.04566477714443 1.71195533422376 4.05509393713391 0.486859486547088 8.87880203705754 14.3118062766746 -3.27606401318411
7.74052884654822 20.2888332879985 -6.44390082135403 5.1620950066558 11.7282130175306 6.74575915621481 3.0288117849551 3.50993805896239 6.61650270181528 2.12995902270918 0.892005818745687 8.9371017228415 -6.09096998835666 1.09875040639784 11.8054184495829
11.0849541499186 12.382687092429 7.20486617846589 0.720197416316287 2.91930825236676 -1.11651995116366 13.1969837159353 -1.36410933192479 -3.55617384990286 3.36686475997929 2.75858219511404 -12.3471957010844 -1.99365646267638 14.7517119320154 -5.74751229352347
3.25410958178872 2.64528040544107 0.450006029608962 -2.01015303399592 -1.74195379218976 -6.59308197157516 -3.69566711630082 11.2777461183538 1.51104593078569 -1.97911690813946 4.63922310963364 -6.82843217679089 -3.62124413966011 3.90231382767176 5.76347330802593
-5.14282320560042 7.07396746046395 -6.18319578936426 -12.6397559557057 2.39594619967728 4.75222091551531 10.7756513328698 10.1165612359901 9.03335128285007 5.26365615364563 12.3016545352202 2.81460587768579 1.9702293524248 4.21100634462368 10.4115566573682
7.81261905919689 7.86454587019381 4.34993826165423 -4.9506572265878 -3.21026229579379 6.47840355555316 12.1650284142367 6.2520341056525 -3.72446801489798 0.181249929090944 -6.47656859239973 -14.7734755402412 2.55011224415423 4.38575387729644 -6.72971842271555
-3.03727295746976 -1.37416443530474 8.1147426033732 -2.30922594483522 -7.9670894907085 -9.75066770569693 17.343000202474 2.68680415993824 -7.91923932370365 -1.39230315155712 -2.92913216332971 -3.25079308751916 -2.13273883942645 17.5332220723576 10.2156786318865
4.76423079680574 -1.87281751328483 6.68468326126933 2.164391843442 -0.139491008666605 6.14921575071425 10.8427427572563 -4.01967281458543 -4.32197663888339 1.51021561919867 -5.29484929080263 -11.7492648157201 -8.39497848328933 2.1607026608351 16.6836927490901
-1.83565787592834 9.5801864963838 4.62420759625822 -1.94186666053954 -10.931442924557 -13.3215575840967 13.7967050914883 -1.29201432409645 3.74717222941651 3.21902868643172 10.8801282362586 -0.647145433160928 9.84729336507775 0.110418255413611 2.59368103062002
-3.31021081847809 7.56503827204548 5.86233020332891 -2.31764294583497 -1.09358067093453 5.3375607399157 9.46501353262524 9.83171123192358 8.66293072232388 -0.432209721881455 1.7303987900094 -15.917106143783 -1.74931095460775 4.10432286611039 -0.947919259922636
-6.3865666065079 -0.624080387894216 10.2031980940067 -4.23101286514387 -2.54061766071882 -5.86165437763702 -2.69218335946702 12.8897725712161 5.58811865211254 -1.98989339564793 -6.48188718397489 -5.54141879860692 1.93959315524874 12.6990291838145 11.3366806929152
2.39609655761902 8.65091643931786 -0.778745920032083 -4.478882332336 -4.29685352780377 -6.96884761040023 -1.71044144586779 4.10573372304765 6.74031542487119 -5.45581494555464 12.1169712863852 -7.77519014709019 -0.274274303296581 10.8304805606727 11.0800069469183
5.96458329135034 16.6054303709577 2.36046365693198 -2.65661500078401 2.70790826147624 -14.9172271108247 10.4680346452027 1.51087053105222 -8.21008908926861 -0.596041249069263 11.7797679918283 -1.52435358933316 -4.62139843564706 -1.81646435427468 14.8964571339029
-1.19769538287095 3.38885510116506 11.0001501929642 -1.66739713666296 -1.38736588663497 -11.3235845308265 16.8199934777151 -5.0344454385436 -12.903779181367 -1.52230548095233 -8.94155974557184 2.47178808154933 -1.90998015615552 7.84028590230789 5.77297975869091
-0.719143074143494 8.69124082430754 9.17844508162693 -3.93176876195902 -0.859461888348661 -0.643613769994062 -8.28537584946591 -1.15663020972111 1.26763931112361 -4.93384419986943 7.47866529280144 -10.174430493769 -5.16623468013919 -2.56744952772732 1.7344490799183
15.8520231968294 -8.76966315915731 -9.05872907976434 -4.82999902495976 -11.2287257294268 7.09049821544397 11.164445630191 3.32449499997826 7.35292795196621 -0.939531228962076 9.41749204109102 -10.5589456359833 -5.30705333039269 1.98475607808857 13.3023376939044
2.99694511657175 13.2326222303645 -2.88695277721969 -2.4902340333793 6.9336747482053 -6.88174689867241 12.5071398862366 2.03241678018555 -2.92661509247956 3.61052409615923 5.39611563143172 0.169153329531043 7.24603136217128 -3.62189629752714 6.39973872319435
-3.89836050742926 -3.16143012012494 6.04107674067437 -14.8789080807345 -8.1781523836436 2.7756227394086 9.58576354998655 5.16541989357386 14.8854895858239 0.067368333779191 9.09940890677787 4.6729996670312 10.8056955002339 5.40545121709986 -1.72090747358699
3.36942419251785 10.8446630146014 0.391812796365516 -5.9723151014781 -1.59726835591578 -7.843250190126 -3.10230863252416 5.79972068478074 5.09236454766302 -0.724172623248663 7.59088140768812 -5.07691430916907 4.2707854292225 4.08381148357007 9.71327830354881
-1.30017062476588 4.7250920021939 3.35069550233735 5.76568752333908 -4.94573495133098 4.43299185340334 8.33075603755185 1.87711553163549 8.68342882153645 1.7684419485276 -19.4909202404929 -14.5097038523159 -2.35168534199155 16.4658783018713 8.92445822239142
4.07609272772589 7.43561999419159 3.52655494574859 -2.94814077272928 1.73446909265981 -8.88129222579569 -0.813255835208447 -4.97128451273811 10.3411276500377 0.549573301852726 -6.31013723425753 -3.20556903144679 -5.0103938574559 0.32183280246144 0.714957899351129
2.34622067886138 0.671936697184268 -0.249432039705286 7.17931293700399 1.45655011457145 4.73688978017887 4.66677339657768 -3.66137209055247 -4.99038958810007 3.29662322144283 -3.98437834654181 6.62260430681771 -8.35332224051658 14.6368717318826 9.06925133745696
0.77558770182523 -5.88339920352266 4.98841500477418 -4.43951134842036 5.95715664584924 -14.0908109116257 8.22796579783194 14.0021878641384 4.90868274841761 -2.63007170575814 -3.90989828699527 2.83505090538595 -5.32555319788109 -4.97715460312006 9.17713715730686
-2.25609089427995 -1.03657806094184 -3.36852497368393 1.59021390086319 8.62942010296725 -17.5084608202152 17.4188801734395 2.23429743269582 0.856004751819705 0.587354004695582 13.1146126834818 3.92604672473526 -2.75600693655285 9.32002645603612 4.45659547195552
-1.34671609633826 10.8048620929393 6.71601391759199 -0.781355638280824 -0.858715830176898 -13.8357618786584 13.7435267987831 10.8675205592265 4.39719371676214 -0.74964375870252 -1.1171231976489 1.92995295080221 3.19078616642693 -0.817350819487579 11.5701893381402
5.45790514661179 -6.78540322306608 16.3430296196294 6.86635783895213 -2.11801595067659 4.2709654657486 4.24910696580432 2.99587152773165 -3.20781892048222 4.15955342179835 2.76542985003216 8.39180918921189 -15.1707606483489 3.30711652477218 4.82030104893892
-1.98643461995982 11.1139827531617 1.69574096698393 -16.0921543242957 3.31297433569735 0.41246006460031 14.5049503681151 3.56803571741069 0.900417043735041 -3.57931951856177 9.91533334550588 5.09017058101937 -0.550399872878829 5.80811597531346 -6.26619523291644
-4.90050254125476 8.06481269432972 4.02203242584334 -1.70920969020738 7.24168357283688 1.74190959885366 -6.21672797764164 1.90396899081229 3.83682310083479 -5.03252673532836 -2.87885371179838 -7.74489461531032 3.25278275858397 13.1089388884158 3.34106391499179
-7.9422086557805 6.94809121176984 3.73425551184397 -3.26300559818743 12.195824554957 -8.43899675177141 0.0889034919821494 2.22556453718438 -4.28173773164227 -1.74030357344084 -2.54148302850864 -5.87213079813742 8.37372191393357 13.8481511512193 0.355832077841371
0.57463406851732 9.64162065261738 1.5813547963474 -1.50496288262602 6.14512571396793 -11.1843218034889 14.0464666012151 -2.92272269637003 -5.12527950554302 -0.723825158610082 5.47035856899125 -0.24883410000341 2.69886160597707 4.685948954727 4.46227424755373
-1.84659419199203 10.9360483699112 -5.12534359459577 -2.26306895872154 -3.32215151243436 -11.4415519351468 14.4326725974283 11.0246296173445 -5.65503400397538 2.19584650902668 4.12435403122592 4.05138948206208 2.68849269438283 15.8995351607922 -3.49151958829037
-2.95565725855532 11.8228449059895 -1.53551497033695 2.23114330505896 -1.07712955075505 2.00197260451673 5.30006139063192 9.86605012284573 -15.8225101736892 3.11623675699966 -8.78666495187709 5.83593269688714 4.76160782602764 12.4776722714934 16.458218358585
6.98054671112926 -5.20972972630487 -5.96468801701985 -2.11545855203754 -0.570065458450896 -11.1316585507701 8.35038716922221 16.7239159502766 11.9503048692389 4.44674784513993 4.91656128929971 2.43406199517626 -5.21588898141449 15.1736478017263 -0.616282972294747
-8.51247298326304 6.36758620966323 1.90617357762958 8.53114588359619 2.63404945169299 3.90905768400113 5.22805386722695 9.22964749850067 -14.994266687512 4.8010790012077 6.38643527888862 5.3604719228266 1.50676269585962 6.3299542590829 17.4612224948684
-5.93760237543758 17.2067312994267 10.2430485215587 -5.03302589703358 -6.20305418168449 -2.43785951697275 -6.94222027906381 9.28280865437841 -0.865317567104265 -2.84185216377695 1.26149540667648 -9.27792863540564 10.8094330663494 5.18704645687519 4.66346869437962
-1.63605560492228 -12.3002830629941 1.34594794198951 -1.03921110436859 8.73063463553155 6.39351411040492 12.3449390030574 2.23855280502274 2.27142082987004 5.97081939929713 3.10343970316457 -12.722637236966 -2.80055079510945 15.4806534226795 -5.99955389753235
-3.45814080461334 6.82902316073305 11.0199545739595 5.11681403360773 -15.3761715278704 -1.95151150375921 2.74885390440038 6.24307248623232 2.6561902544717 3.25042992633469 6.55740152888721 1.75257299021568 -3.6832300452384 12.6365585386894 3.53532636715378
-1.36251786909654 0.920918546704138 4.55477391230778 -0.34259124511368 -0.289229074091648 5.16580946949744 11.8712464386338 0.436475190793888 -1.94043444132496 1.7904246149666 9.4635522409362 -13.350079740875 1.12388267685235 5.03625979579951 0.36314815936657
6.12637293502019 3.991990050363 -1.82545420623217 -5.55569332764056 1.65634556421679 -4.24646511238385 -3.38807187244742 7.18966809809575 -4.43780248484863 -3.62838307972221 3.1465107307829 -7.86219112908559 -6.01240701574592 13.5691457718803 3.75626317403937
-0.181329135438619 7.14285422758196 -3.46849143831641 -7.80035219992681 4.74293377475098 -6.88079939796608 -3.24070700017789 -3.87397573964669 -2.49672911437118 -1.41104208078 12.5843294681558 -8.50108480980514 -0.372875859976721 10.3822819721413 -8.57437939595523
1.65217105922537 11.349033919089 -7.47250692349022 -5.6692062808976 -0.254514502631316 5.92574952146635 12.0671959715775 4.42810360855992 -0.748158752943254 0.187492058031695 14.8483278499985 -12.8846797800697 7.65646065905168 0.0331534122674011 14.2090898629031
6.47139413537286 13.9488064443453 -1.41877429669251 5.49707546759435 -9.15644112930455 6.50591207265451 6.79504992272279 3.89141523469761 -2.30029702452003 -1.771155521565 -17.3122689059335 6.11057102253775 2.99755566761206 10.2615206011629 -3.6048570712182
-6.28855251085346 13.5317857383051 10.0073535738432 4.44526337425327 -9.725821094046 1.1829598812561 2.9648979156974 -1.03824127809387 5.85376003639769 2.44248459609345 -3.52795414429139 6.82660105114456 1.63579092376137 6.00146281139329 10.6414051413809
-2.08509393319119 -2.74253178803033 7.70087326877669 -2.15894429715624 10.8438433418722 -14.1721343106383 13.077309258925 4.31347198128333 -4.7000673680242 0.436902089122653 5.73024505398116 -1.3062076397194 -3.87691811561593 2.82715387057654 -1.79200466410874
3.70281393459163 12.4729436554964 5.08309835308661 4.722808899986 11.0614872713314 1.85508985273364 4.38849826034819 -2.19091037807427 -2.92351948467972 1.65255933601765 6.87821721874988 6.42881505919043 -3.16701015065042 9.86236332792699 -2.87331129094927
6.61730906006141 8.86173570897767 5.34784319735957 -13.0520874149046 7.01147343548064 -2.76818921694375 6.98363685469123 -5.36037243174405 1.32067799796754 3.79672504859383 -0.371687217613807 5.74902088191739 -3.95489447784388 5.22689805711494 1.37496056309795
2.20427136319682 7.15750240746778 10.7053022637198 10.2973725679611 4.15955664395642 5.12680750136787 5.24293519465051 5.38550348799745 -3.08609803919735 3.8294421636709 -11.5710023336838 5.72541331231685 -2.58610551405882 4.65218473912373 0.475806330985812
2.12938878157971 -15.631797324257 -0.281856827754429 -4.99871786474014 -12.7993360120886 -7.55814993227438 -2.5801192180522 5.85717757952497 -6.49288689790062 0.43380942315061 -7.60500534755331 -3.98157748341368 11.2184278728115 8.4879720738192 9.71341139319748
-13.9945291205026 4.02878679395244 4.64178835407903 8.32599050490021 6.73044523070519 5.33916751222162 4.7280741985395 8.60802704427025 3.7135972189869 5.22373402915648 7.66541392450555 5.70597795776579 6.01469851884369 13.4980783995746 10.664160505019
1.65012152041738 9.52813925285364 -5.56999436936538 7.36124312859319 -9.51432136640041 5.48320489343529 4.30168823061321 5.77893243196403 -5.01869977791583 0.671395461967546 1.20337240260331 11.9044726888044 3.47465981860543 13.3179117038163 12.1940199326683
-0.754655791854858 -9.31637982942635 -2.12027772550123 -2.81236435342641 9.70599262320452 -4.41093461109592 -4.81080207595769 1.5011254646936 -7.32921320489696 -3.72211384396077 5.04649114241642 -7.15691021104836 -8.83296989136571 12.9168857991447 2.59646389830446
0.00576352364263866 12.7303404674929 13.753547688874 -16.5414598480962 -4.7704957808026 2.19775118345747 7.88159397574977 -9.77476483173328 3.91818832883858 1.28428286241602 16.5184541545768 -0.0340553579450331 -0.375749336601042 9.69617775641211 -8.57523604537365
-10.7581455985475 -5.27537038821716 3.94002362042482 -3.01675562796796 7.6819640140275 5.27107393154383 14.5818859613578 3.37172036160929 8.7611032196519 2.53843882569899 9.05776099423892 -12.6936599407948 4.00612431718005 8.82879669211489 5.53641672995965
-5.57939844612345 9.13506666349447 15.3190569735419 -3.43290287175645 -1.5754796619552 5.34286701685911 12.5798225093706 -0.260136275262889 4.23270803932339 5.51942416718529 -0.292938411413836 -15.7332044941184 -0.280417069561265 7.43184481620775 2.89126987403479
0.47603021179332 7.08116727168421 9.95274366502293 -4.10957260665622 2.44944392362895 4.26046383045785 11.9325307580399 -0.559848459299229 4.29042660246061 5.13265442187113 13.3015251231849 -12.808348260957 -2.19353818857617 11.3463105568469 -12.6527278987972
-3.10588160833178 1.33219349100788 7.9581318604848 -0.171040646646315 0.173217114692012 1.51197644446573 10.6982332026769 0.0542116071368239 9.46967981642176 1.43302886924181 7.55546129851521 -10.316781563553 -3.80182004086603 6.868838872843 5.82665424891958
6.72068828870655 7.14463599476491 11.385303654107 -6.48803583235115 -0.992053753078669 -6.83301812828872 -1.34402376978693 2.05162389900803 -2.08852029687197 -4.03722937876078 0.961298198650178 -6.81208380759417 0.4417958452863 -5.94657724549411 -2.59690334344284
4.70463613856443 4.43414382554416 -2.53734300672428 -12.832363465433 12.7007927091696 -3.86375563962571 16.2367469323524 4.03080115154162 -4.33470022935274 -0.0717384607553779 6.21062533016254 2.81996050145253 -4.79298473169215 3.90497921085798 6.78721285129147
9.65267912104244 5.8199984535704 -1.02970053868788 -1.09965626140921 -4.49550319554513 -5.95018600107453 -1.56766514167989 5.81504895419984 2.57898761242943 -1.57366187318505 -6.9768140801045 -5.32888258448981 -6.2838880086952 -1.6140642928412 9.15714155173664
4.81390723835275 -2.4455332056857 -11.8306349439008 -2.18296973346366 -1.3973617284445 3.40406212441197 9.69660815265978 1.5034960466824 6.74403083411608 3.16264319347773 4.47144443662511 -11.2489590836612 7.47578073057479 11.7998376357442 2.58976011542879
-1.9677932963812 -9.17127955751782 5.42177876122352 -0.729881282174842 0.00649028156978348 -9.78770400154137 11.8570635935044 -0.792181616052313 -8.50877821655191 4.68391287581389 1.17095626596283 5.09602920982526 -5.38917693978695 5.56808641318465 8.42267033229582
10.375738387703 0.929617336976347 -1.88835079799924 -1.82895875863754 -1.78316089393363 -11.584140170333 13.1758272090034 2.33742092974167 6.45033832820271 3.21606223925414 -6.17656261184754 -1.18850558299181 -7.02701312676309 9.51815633544944 7.55519296700882
-1.34115117559056 9.16460797155066 9.80732215829951 -3.36128750383992 -4.25919789962511 -10.4867631952619 13.2809861500968 4.58902383009643 -11.6218214092342 0.599229691195015 7.28048208872368 -1.14424869745548 4.09920843000874 -5.75953994287487 8.26100524380979
-1.56753079294972 14.1097002674983 0.829803667565481 -1.66315374077083 -0.328855327966 -9.96397186543303 11.9247408680796 1.62184198178407 -6.7963527619319 2.4348262754251 -0.751810565176366 0.0639396002482067 -7.9951442148631 5.20693519908534 1.92360590276384
-4.48413475954419 4.13891917834917 0.8193338702724 -15.1115314167954 -3.74167261554244 0.123970338068184 9.7672168539975 12.4075648245192 14.4331257187171 -0.698492271971546 -4.72956695059334 2.85841415426155 -9.41891455602834 9.87615674695459 13.2501901418368
4.99342936982476 5.13749946279326 3.11337458180562 -14.7867654833963 4.14627926464263 4.13390595425492 11.7552658183977 6.40011669482366 1.92357681035742 3.45355350095189 -10.7798776105022 1.20759800101515 -10.6108655786544 7.610479052967 4.35266223213018
1.28773642288443 7.92245171931488 6.37002936984542 -2.38406634982551 -5.23320037535542 -5.37600748420931 -5.7830816209239 18.7175767891967 -0.748773984733976 -3.07308585340205 5.40878008628893 -5.78278770340453 7.60200056350773 10.0026410023502 1.14911784197758
15.4366391597803 0.0528638356124631 -1.85208590719852 -2.85755681138054 2.11172101292618 -0.916063699216607 -5.87140862982729 3.27349989503248 4.71529784170037 1.39906331090303 1.27782445900027 -6.55886075223779 -0.148794060298573 2.75189779398623 4.6550149016539
0.628757493634857 -5.53893587509667 -3.25558068631561 4.63721300771787 12.9902203332931 0.668865763149537 1.42396794104354 7.63869707787877 5.40317423027011 -0.24893398851256 2.42668946713294 8.68655137628553 -2.57111156402678 12.6003695978091 -2.16994263839093
-3.99264120664763 7.50273668565366 8.70683973792674 -3.77928964700711 -4.79927636881616 -2.32258985161862 -5.59633174684945 1.28260708162915 7.87964672192993 0.18821412601901 -5.97948344561037 -4.71916135312894 -7.64139337929181 6.33652106349951 8.8703720084826
-1.08381823736703 10.7272351342186 12.7999652725685 -3.13537972293764 -5.89066709428317 -17.2305722628805 11.2603790690765 1.09386624502671 5.94939770811491 6.64763518585838 3.10736843312346 1.77491980181408 -5.78418741678825 2.99894771826163 -2.77651987645631
8.35068056851775 6.91463823614163 5.19470898996558 -4.78827471671488 -1.00396515918426 -11.7681139583692 8.46993170785812 3.21154121603133 -8.697884991668 2.30340576892621 -4.40540046767661 -1.7026796646896 -6.31285459684349 1.02363481704263 8.32370758213803
-2.50415602460736 5.44168242766124 0.359532110488302 -4.68663873442179 4.74711647772844 7.31443102792429 8.30120776998261 7.18443786110028 7.43663378471485 -0.828684203637509 7.62310065680552 -13.1022323392076 -11.8255872093191 4.96004500971055 1.76043216118962
6.84108946205008 11.0315387775586 -1.91117397205144 -2.40884955962765 -0.880025764213612 -13.3313386449217 12.4354674818774 -1.88719146033971 15.7885368154858 3.13072391025463 1.86085355665754 -0.400309798463466 -0.733481090703531 -9.1047517739507 16.7140348356362
2.78502186454171 16.7778136417184 5.80437962911986 -1.65764399823403 5.92728573925032 2.60835828200084 8.78978762445747 12.3235779060875 8.39258743225228 1.76610352958401 1.28661261986271 -13.389656340472 -5.91873885894239 -1.87457061104294 6.73766456543316
-3.78979730656305 5.6999244087348 2.76275773596968 -1.89966542728729 10.8331405712686 -11.8502380688574 12.6761921891998 -8.99422988120589 -0.206133571457939 -1.13486498188859 13.8257297139661 -2.79197881500043 -3.03508305200301 8.85665900357512 -0.0701027818119044
-4.67292216245965 7.06171461827193 -2.40162754572369 -9.74180211195352 -1.53904240025316 0.172935722221455 10.6553109820801 5.37048876101885 -4.03828612894858 7.0425959035555 4.49256074539045 -3.25361504580773 -0.480287348015985 7.61541705435887 16.4561831381753
10.7925189573555 8.69858276325982 5.11430553026721 0.806722770728937 -7.1183608188986 -14.9744185681769 15.4847783471167 3.05611046400551 1.55324506646363 3.05694553236286 -2.14643038666223 6.37233545446465 -3.51079523347564 6.44371562490887 2.9635816176925
-0.875101429602965 9.19218339238049 10.9678171206311 -0.668408346554574 4.85207156382614 -11.6704164196176 17.6648645658045 7.8878544274548 -0.397905674123484 4.84932290711636 -8.47399750556816 -0.345215231058255 4.50564183809039 4.16010128328489 -6.81292585630976
4.3932405684547 5.65119425826638 4.15615729477468 -2.98723029141048 -14.02574074904 9.4526583438977 10.8451072712251 6.62431190183001 -0.349514874604286 -0.105702545676165 -3.25533535783737 -10.3299681584326 7.26351606472621 2.32829086649395 0.256476746865816
1.81739229368764 5.2993900074721 9.04342219718073 -0.388188156303354 1.11695283814708 -12.1456873295773 11.8579014322966 -0.671140712893275 0.695858051036975 -0.133418256533036 -2.169659635595 2.30716158099469 -3.25193945456415 6.25471521218344 11.0240215425063
-4.12573214673433 8.1619047396391 13.0001576198793 0.467443777027771 8.85244412582334 -12.5100575695789 18.1048530779183 6.30255540331744 3.21123517173554 1.44748969231442 -6.55199517510348 3.43095774009169 4.62222428724153 -3.15975230808283 9.30226349086831
14.4769913641984 14.6048698197173 -7.33617991530212 -6.98826471641411 -15.9339906770081 7.08105711026277 9.99643443439367 4.36316514078503 4.55068416793544 1.91382967571919 3.73622059595646 -16.2598756170113 -6.39518088377314 9.38886499383351 11.488868061062
-1.92600920792522 -2.40487456658555 4.65357943999376 -12.4614557734642 8.87476178458963 0.544648726022849 8.94158167009589 2.14277570124044 8.85207457636698 1.51565182427743 -7.27172834595813 13.8565331375366 0.73668293966652 8.40843535348046 2.79519814222891
-0.256844993634279 9.11583457954062 -1.93373402831884 -0.634985553507783 4.30611102649275 3.68600487664113 12.8081525597245 5.58376557354144 -2.77017057176919 3.24499876505463 10.2947854983329 -10.9140787896574 7.61049930365256 2.8853592805178 4.87170243783631
3.12405531298063 21.6262692364449 14.8932050190657 5.50003571702924 3.718556388545 0.988954376586265 6.23838203645852 2.51361825556679 -17.4011682968102 1.60449599498596 -6.35120844459932 4.69918606589808 2.17682155093396 -1.21515556734293 -1.08759974401058
-3.67077193751959 8.66609281009103 -4.36339272846886 -1.04990325966698 4.62333958838658 5.00352483842862 13.8235839833902 5.14963017236169 14.1980347104253 2.97053555339794 11.6042309487262 -13.0430276255841 13.7474329578382 7.8482358688079 1.58527005138305
1.60101164493287 11.4998988193259 12.7239359160103 6.13948917799276 -1.51378305858463 2.64661770096447 0.88800985466793 3.00501850755292 -2.22024167650469 5.51001683560314 -0.470500033736575 3.00349974265424 -6.42167984682913 12.1001834354164 6.40233439199322
11.3099877011691 14.0714233785319 6.16821938083966 -7.32268814991457 -5.10614820877468 -3.47732678345213 -2.09123638983905 0.278941357597378 -3.06868865755573 -1.20755316107068 1.52848173392306 -4.06038424842946 -6.33507456990735 20.6245496967168 0.716900192642706
3.73933039054842 7.00148377840367 8.50257851733695 -1.46366464758743 5.61381720790829 1.0709592511475 12.4535537741208 5.13515401890738 4.34929609744634 1.73504908822333 10.2739180744186 -12.2024212959252 2.09521053045025 0.433404874891153 3.38205711164255
2.08478279039937 13.5788831099822 1.82892533023039 0.103306983761446 -3.94013358326295 5.90565945921585 8.24278302406378 0.795518397757362 -0.488049087284603 3.51578895363984 1.18433426290018 2.61687296347437 -0.843696744556816 7.41665593176723 3.87038801050147
-8.74015843423467 19.4247561325214 7.6467080883529 -12.0117567829373 -1.12844537127003 4.74415515597217 13.7032495819742 1.34276655774521 -0.0308391902391066 0.624905023898039 -0.803124461407231 0.739967015783987 -2.56063189161079 14.7491443109166 1.84553386869462
1.32243403034452 4.93880310226655 -0.694889664961541 -1.89882774126878 -4.72991854576616 -0.463617179331852 -5.2444046801915 4.5304353187837 7.59802815586156 -1.20194225209723 -5.45232391067495 -7.11077997575033 4.17426248531784 4.16913406356373 0.638077520508462
-6.0712540627418 2.45293973661851 0.32235907397875 -16.2811144860094 5.67157112799736 2.1702962055306 7.46798368943492 4.87856748775327 10.9639915839405 3.66897535666406 -2.74710838904816 3.36330148665585 6.06245767837133 12.919113008001 8.97614332081665
-0.895492365471277 -8.27059841920378 5.7216648064291 -8.66705200699949 -9.94056769114727 -7.4294462900417 -0.299064759752977 0.306193838698504 6.92132417907496 0.575550757582298 7.38307986009434 -6.59136392215791 2.47710735073033 -0.131846930256338 14.4959565910332
-14.626225776501 8.92229304076255 -0.928620379884712 -1.35046131768825 -0.499831466470236 -14.110700725904 12.4204488571157 5.37522945297165 -8.0684845038704 5.10760062089596 5.15737474719085 -1.31192940595095 10.8392171191497 12.1981029675039 5.44550783746777
6.396777786625 4.83453669988639 2.81887416590996 7.29555672926008 -9.26719967115295 14.9007303829492 4.47109105400312 3.71745506832068 -5.32002700926694 3.39080693708307 9.78614707580537 6.69102976362603 -7.62899234132492 9.50114652837652 9.75445874429086
3.01425482778194 1.57959690628237 -4.41511562533994 -16.1034804227218 0.606951895727216 -4.13476184197657 9.74136845441046 8.06444983099365 2.97121936934309 0.787389087978789 7.91014955557875 7.76333316853987 21.12312863743 12.9846342345025 4.97564598369627
-2.69841685275098 3.14882655431159 0.0831169999730892 -0.786481563797909 16.9510523474391 -10.708249853646 13.7144117256329 -0.355857977353855 -4.63713912657598 -0.171179877340215 0.552656637468999 -2.81029270134895 2.86277338057063 10.2834698285965 -1.61063062528113
-8.00529218858959 7.99123088404271 7.62079965213635 -2.96036125114401 -6.9470474475905 -8.85444725227615 11.3991430062365 5.97089559763339 7.38809918415916 7.11906127000353 -2.59209455140875 3.42643606794548 -0.906916004242777 14.3886845388035 9.43568452313986
7.42935142781725 18.9027166312278 9.78880307253947 5.22849105858104 5.75354513749999 2.11365362391319 3.47855441869154 7.66480184535192 -4.36344030314379 -0.938495502804647 -5.31886527787195 5.07327852798577 -3.81316529114881 7.41187237111466 3.79541896485788
1.98678243514508 -1.40130027837854 2.83911978718672 -4.1899980928731 -1.0758421246719 3.02645503850252 16.2018031684309 3.32968411502035 -3.90675414550113 0.978982886671391 -3.38469191797008 -13.4492269680805 -2.47415952726632 -5.14270182399034 9.48288147741889
-2.53160111311861 5.64726705297717 3.50775894871447 4.05414846969479 -8.22014931068955 3.15447719831052 6.54129679852572 -5.50754160082632 7.64183366715391 2.00881780125672 -2.25854862818107 2.4018995982724 3.70407476731804 10.1272167813249 16.2224285491669
11.4474993251101 5.08042658964989 -3.57682393460485 -0.148795025326695 4.79892122910141 10.7413003422273 14.5064073873589 -0.563569639031152 -3.26463305078958 3.9820575285314 -1.04146044583048 -12.3523345001825 4.53568369588292 1.62874387022748 0.179122836362038
3.76336273614694 1.39376143700509 4.02511416008583 -4.57306938852445 8.10264658685523 -5.94139525626467 -2.08526521266642 0.155124003546492 10.7610662480892 -3.11178355925817 -6.72622130312435 -6.90144208550872 7.26844910782157 7.12546574538128 4.99437118209424
-3.38647696377695 -8.56880728943296 -3.80790951260522 -2.949421484322 13.6817987623678 -1.61411901624318 14.4575201517217 8.05255592625319 -8.10105611178844 4.50210906572875 1.76409923832087 -12.7805347733903 6.0508866443036 8.53964992118136 5.26557236238533
-4.61791349754357 8.2760882489539 5.54464261362227 -18.3500608616411 -7.67559754051501 7.52923807448246 15.4237129773711 -2.96947261439908 -2.94839908561769 -9.14362255665723 8.30030796872408 4.66402085603656 2.99440798154273 8.88946256956543 2.24819829550628
8.30183308621801 13.041179144135 -0.542532432266928 3.61715828468136 0.146116000470664 7.17766474891456 5.44278046640142 -0.614775716523911 -1.82098524214459 3.82071480386189 8.6911556325687 9.90260504172281 -0.94161727053275 3.33979555438318 4.55273613155347
0.920488469908431 9.54141873220842 3.41399932725958 2.58499756506007 -1.5084761687199 0.350084163257699 4.28561312481096 2.44315503894745 6.18609567329702 5.89686744036838 3.20160539824855 6.01793843105892 -1.55358550358217 4.12320760556555 7.96375110058911
-3.33104759633666 -6.84077578662006 14.7014232860355 -5.3343723925805 1.04604090796502 -7.12197065743775 -0.210400053430788 4.62904422988449 19.5252899243094 -1.67473253829781 -5.78327704772006 -6.58013295035616 -3.34026231822585 8.33262640198603 -3.12549355097739
8.32539185743975 -0.737527726553079 1.22355735311476 -15.459799395823 -5.70840331511646 0.589148057307574 7.93439264075531 7.61108969623941 7.41000015605447 -1.26521486214432 -0.237525353571113 2.8669849943313 2.29709999123447 10.1691528228198 0.0836038783766284
4.74299894868345 6.67282618929078 -0.736055103489879 8.30237635551625 -8.0791059560043 0.343601261230587 4.60359271458369 10.0274083903749 -1.21071722438836 -0.47128290875149 10.1202870330135 8.81092546321969 5.99799201441665 7.79132558924448 3.94211512774553
-1.89268474459757 -4.45148551592395 -1.66983311077721 -13.8843810686109 12.8647048398964 -1.26679422697733 13.0111671387592 3.75091536702638 2.69198552225963 3.519373661481 5.90175587128921 4.5444938712548 10.5062212512715 4.57344230592747 -7.47837910898452
12.3959959757744 10.5285925742494 2.41224892647494 -18.3713674017691 2.22921912088875 6.32328344283412 11.3318737004734 2.3860079235514 6.83444675769443 -8.10310818009735 -0.094073904499119 2.9562394571583 4.80973541384828 -0.958262430282776 9.19839701272616
-4.29272406618469 11.4102336800595 12.027979400243 -4.00196875719682 -5.9022350207209 -0.283427419034156 -7.0911171055866 3.16314425720602 3.3406201637412 -3.31741961363296 0.270987738319082 -6.7834410024265 6.14459051880591 5.56514687383609 -3.5807341250789
-1.82032677096213 2.96844006013409 4.06132768767736 -17.3396177717769 11.3330799273598 2.96296402642131 6.20248596962796 8.82789555234728 5.00191882615005 4.65574665420275 -3.80800409128567 3.43119174420437 -7.34522300943642 4.28314223801379 -1.70586665072168
