x1 x2 x3 x4 x5 x6 x7 x8
-1.64247120824728 -1.78919275925275 1.78345756907551 -10.6751295240223 -5.45931717020323 10.9436527641503 0.306249936015642 3.85600762518848
-0.191617304502689 -1.82953012654329 -5.18391415768656 3.24908988077577 -2.15996225820193 -6.24346179995391 -1.1226362686875 -4.21005096829834
0.0110505412116215 0.443693935395643 -4.19182041724021 -1.8779365021936 -1.29610041190151 0.247744982299785 -1.60178265785175 -5.24066594803376
5.36020644931203 -0.363689469991747 4.7028906142755 6.64044866162864 1.90549630433233 -4.18664339114653 1.41174996383561 1.90634344883227
-0.434167363975778 4.5598892615655 3.7289941146356 3.19014810406696 1.98003377300551 -1.65084605427867 0.578338059483081 4.11051721353827
0.430498464121154 6.68062524779003 3.72744684722069 0.463146942673894 2.4164323526579 -3.36969238592032 2.05913254825568 2.14586281536756
-0.171896498370772 3.40945505240514 1.95586632095016 0.417785033005146 4.02292296633782 -4.40534962308898 0.656905908275966 4.2497089192567
-2.16986082785138 -5.32818608833277 5.53149748563025 6.33319010603116 4.91672468161294 0.532590160415224 -0.507231327978143 7.29339732570438
0.661025928697859 3.88008621531222 4.51766771846694 0.383234694953833 -1.02263298816983 -0.955453310858923 4.04243635450605 -0.934434188159067
0.404880191208156 4.45048822608687 5.31333706878504 -0.635892106537472 7.67845619145031 -0.107465592344787 2.7318343551661 2.47068869677798
0.236354560146483 3.94070632378719 3.75813473318999 -5.87309607188043 -1.35862576616074 3.6374284333295 -1.05969131120525 6.36280178975095
3.82694884390834 9.64523277168992 3.73370178081232 -3.82380237320915 -1.17352220955523 1.26014108445419 -0.104290715451567 7.01763828634859
1.81167951766729 9.84644695884499 -9.1328861863607 -11.7451484579121 -0.860082341816301 2.18286655506038 1.44665580336652 -4.38892802661336
-0.69758414531014 9.07518088320213 5.00666887829157 6.66097513583446 1.21293048440387 -3.5348395998397 -1.95157876782372 2.72625379860087
1.69448676732607 1.02350417120181 -5.1734155088586 2.09648507483507 0.905747770258899 -0.150839059512876 -0.618125190281956 -4.47878362712962
-1.52383118593777 1.6810605465875 -1.32709439252074 5.08464566949748 -1.21172843623615 -4.0164591179364 -4.9379022740126 -4.01499381616017
3.49279784204235 5.83220512744471 7.12637390363715 0.928715264714375 5.3008879179509 -1.77729997578982 -1.05510162805526 4.32152802711699
-1.42627151072053 5.82493924826961 -8.94199434711443 1.51340741185646 0.909277242723443 0.0735486595503628 5.32673748581527 -1.97185461601611
3.6774076471976 10.9914306101981 -9.52122878643707 -0.923664502083425 -0.726981799162301 -6.51271563436493 -3.73659166655805 -3.81028072773718
2.0444240660337 -1.38155502194476 -5.56986650931057 -4.48226983452654 -0.706649423927246 0.425673861386312 1.15844905540915 -5.91887009301246
1.7732417493569 5.50829097242779 -5.86943267033822 -0.147696101472397 1.19572465899435 2.08982413628031 -5.45790821413995 -5.36012902819374
0.693404496667376 -4.48947650165792 -9.06738130506116 1.20223072054584 -2.76868496385091 1.77474709951184 1.60579848909137 -5.76597949209512
-0.00403620314358052 -1.3523072408322 6.78037270621124 8.26981288115135 -1.56452509228367 -7.83077615602487 -1.15660521653971 5.16004359119636
-1.71129948296214 -6.74939807463642 4.12397803853632 -1.31615576481342 0.745646256901469 6.64280019276213 -0.0797236632601673 2.48573033918837
2.61988774596488 1.87629800677037 3.99207609482651 -7.93137775817855 3.19626677822223 1.76234021790877 2.34266328839742 4.10084747511879
0.489850547157519 -0.368246128092107 -6.80238103644168 9.89303724967676 0.598273459785551 -6.89345824485581 -1.1711229688698 -2.83084348508218
0.79980935478555 -0.848247453926396 -3.02746734037759 10.1331960076651 -0.651519283275687 -7.62930934574695 3.65073133204348 -3.30124495206903
2.57214470421033 -1.32339856337154 -4.97994520194616 -0.169624969781867 -1.32215949095155 1.7122225972523 6.58737029983805 -3.12278273319303
-0.698819784643156 -0.515920315162011 4.6950702097853 -3.13925362248566 5.17880160015257 -2.39785505984207 -0.879401076028022 4.74284903162701
-2.19713465065939 -0.694266955273217 6.39388897631501 -5.87397447038248 0.528536459312041 5.81299281934928 0.450434166735295 5.43327753913364
-0.292452535981904 6.84757067573147 -1.93716426622605 0.677504757990936 -0.273177114390144 -2.87059873476727 -4.45163731830137 -4.58195182956286
-1.48798971427755 2.57906258257616 7.28246199128926 -4.40180852164253 -1.77233751402632 2.07995685010264 0.341596184970188 2.85966154591245
0.503707199691925 8.36713782623153 6.87748499135065 -8.36489179646158 -1.63315241269535 -0.146124784954432 -0.16586884506317 1.33926707238659
-0.762963458309316 -3.49725274198057 3.13545399967203 -6.52782223304546 1.36114358163643 4.27465047051821 -1.11745647547075 2.97840275129496
3.2687881388192 2.96711853269466 -3.5783751455715 3.70983557470623 -1.38035362408024 -4.7830887925684 1.86278856450639 -2.19793989367801
3.05906901391576 -2.75335948741138 5.38285110596619 -5.29391063526095 0.417638500890456 3.4767266644543 -1.34772115627106 5.76342322754988
2.59239678002612 -2.57603495825188 3.12687275865569 -4.60339336374948 1.32013420280564 5.07639224062314 2.53256992945532 2.50857973154778
-0.144051739593041 -12.8610459074857 4.15206816739925 8.69032447045929 -0.283176891794166 -0.394026382137856 0.0785562507711787 6.61263337510176
1.89208194293192 2.11789409637245 3.76143921553224 0.580174576788369 5.65319494632752 -2.17548559289812 0.848842269050093 3.20890887485039
-1.26279783946136 -8.02137523620294 -5.15410179600368 -1.1884322018827 -1.52672055224933 1.61731220161076 0.860679262502981 -0.990938851724034
-1.78179223035802 1.00847091968086 3.69172449508843 -6.4010808009055 -3.73184938255444 2.18411948617047 1.19717086133471 1.25387098703152
0.390772987584205 -2.54471051586001 -5.97901687488527 -1.82494872636541 -1.49456665718068 2.92514790916614 1.20201692682415 -4.09037714465012
1.81136851985053 2.6576712551248 4.37836318285649 1.51057686082303 5.78872432422846 -5.20516630999052 -0.355020641234823 8.10609721408047
-2.03173705410913 -5.63836757163267 -0.945518870018487 1.41412101613456 -1.44326092072866 -2.82847249168149 -1.12906340103887 -5.01081102308139
1.23695480625008 -4.6642711411375 -8.86168607238521 -2.37306863533823 0.476266426454356 2.03930239670049 0.24943588428762 -2.24085250379083
1.62936280493883 4.42023480395329 -0.460216131968443 2.68949802782859 -1.34123918450053 -1.2869578508713 1.65477416582235 -3.12216752790652
1.62557643737035 1.80522030228561 4.27276764935538 -5.44684574028665 3.68134209452657 2.59522793763401 -1.19857796884965 7.07524122054102
0.517345970558064 10.9825223158573 -6.97724352898652 -0.254717714165566 -0.0194918932968494 -3.05552411059361 -1.42990909292569 -4.38631954704517
-1.140021252025 2.19517014749941 4.08377970552923 -3.12493939533575 1.10198067042176 4.38319696193699 1.585302442392 3.81623894156388
-0.0969524463755536 5.37166488084896 -3.09402294917805 -0.32556692279293 -1.65972008779147 1.99983544600973 -0.809536063265661 -2.77715133857376
2.45966763314436 4.53591125191969 5.97951453280069 3.52693989365033 1.86682252063591 -6.93195520630311 -0.723388472533355 3.99766415725396
1.5116852946152 1.94294051208471 4.7767711978254 -4.38091350918783 -0.235776072752251 1.03427470497779 -0.190756334937201 2.61617035729342
2.61985382894464 6.91217941520507 5.12291118585249 2.15912773479857 -3.1867568289882 -2.96972861444211 0.473323417842079 6.87416407347243
-1.17724948135557 -5.1839066409035 -5.34759861382923 1.67780309826679 -0.717952911236165 3.01931515162268 -1.17850056240603 -4.91675523337331
-2.27424974361754 -9.86047951478275 -4.02540337198686 1.50674916278982 -1.16719092655776 2.38319767875471 -0.976689660112666 -4.23442881251811
-0.704658797386157 -4.6918784689627 3.73119721999825 9.49087952119658 0.531151020221149 -8.34378274651742 1.34447205556908 0.82178522870017
1.8400709228562 -3.82905472539471 -8.65616464930005 5.94287842054915 -0.042685143834058 -3.63573476617797 -2.25356610376123 -2.44728259022411
3.57799471924215 1.81453079992223 -9.54399583051155 3.64227828643898 -0.698799186448461 -5.394381214374 1.26913352025671 -3.62918374751209
-0.234828065498448 3.22565224582593 4.5272355442854 1.49993471017076 2.0323383974091 -4.94628881903217 -1.22662656600684 5.79226826269813
0.157843643040975 -1.64282441082436 -5.39709806792084 -5.46880904989808 -0.476009003761068 7.32162072261602 -4.34369491593254 -4.83130683567161
-3.43032967548009 -3.74440374992896 4.78949005162961 -2.36030371821348 3.64385722941046 2.73924626536792 0.505939750099429 -0.613841541272938
-2.65294610023259 7.48367575176642 -1.97402937669602 3.78469713271275 -0.519616602568345 -2.98943581793778 1.92542918235921 -4.20014490687567
4.58367706076484 1.53768510267034 -8.8406002403144 0.311601006319283 0.0869530204033945 2.55647268132287 -0.789494355243693 -3.41974053963807
-1.15075926627004 -0.865798283131017 -3.79018974176047 2.00996184296809 -3.27190560285872 2.58829521961679 1.35415670608218 -2.49790687528225
-1.86608302258819 -3.92809081083006 -1.47253562777697 8.4194810942503 0.551078204885752 -3.31848173846285 -3.09014446554952 -4.39431820761544
-0.517642092719193 -2.11199040242758 -3.48242345137471 -8.99995714825012 -2.19017954268522 8.23134446487276 -4.87143663253775 -4.41561797915608
-0.870556347190968 -2.50990298242983 -2.23821267702767 1.39739501906318 -0.615055154782157 3.54429837942793 -1.96364372911131 -3.56241111347045
4.12558839984617 -5.35578849223382 -11.3287100698397 0.609474033444284 -1.4601917741153 -0.58291268584101 -0.195149325888748 -5.42155077068893
-2.27189626567653 6.52961488716854 -3.16668266121355 3.16975037471055 -1.22332708506491 -7.58548051509414 -8.53648564785892 -2.83576418891847
-0.611123542358555 -6.31038453030812 -3.54454591425506 -3.07401361961509 -0.203719736536246 4.75775303084481 -0.941508796330419 -2.51569090256412
-0.264116495207767 -0.338041085738831 -4.53999275270511 -5.16898567270931 0.296277154909771 3.70062426134226 -1.73039044714931 -6.00583515397924
0.29494637153281 14.0893862991944 5.22146423049595 -13.1541193486091 1.80882715352576 1.11620548636706 -0.60013467297416 5.56068810295851
-2.30477606411679 -0.0329030278016856 4.0071507467485 -3.34394217438067 3.78625137699371 1.35643191749878 1.08466201030673 4.33447856961568
-4.43329084856387 5.5689624986756 7.22631413015331 4.56876307465222 -1.89264853935228 -5.27712788781799 3.58400935860699 1.12609856057721
0.847597957431837 -3.29511158156111 -6.30999261727582 4.9257032427425 -0.98559631687068 -4.40588454659701 -3.56168745443566 -4.38305759098845
-2.35162802661672 -2.06768236514395 5.73534187305746 1.17782330556984 2.58309605657341 -0.249510034043586 -2.68923381120474 4.52507986513592
0.396887149802665 1.19507280141877 -3.70982144472987 -5.55064317051925 -3.07578017731703 4.74002434001335 -1.22830406260707 -2.47442359269751
-1.55198603313769 1.22165976018522 3.45904283808968 -2.22442722683379 2.5014871368693 4.97493716348982 1.68971281511282 6.15923513540806
-2.7737830677156 0.723824621183754 -0.656988946717552 -0.961057483104164 -0.763788851117422 1.07330102993507 1.56447436749297 -4.96597500468205
-0.569599610234259 1.13327416723793 -4.03823036711006 -2.09005691785012 -0.973156928029801 -0.305862315943447 1.41934537782691 -4.27890500518919
-0.176053295828639 0.537526187730235 2.73308022691005 4.79484908886064 1.62680592748527 -2.6123649100728 -0.655455103593204 0.18319405886368
1.19271509196246 -7.44024396912446 -5.08224531743258 6.11299799873307 -2.29286389903508 -1.81848716923046 1.14323575281575 -4.35640048656599
3.07566193145766 8.14016241276399 -12.0359757461642 4.36206266079284 -0.391832139793762 -4.28496925701323 0.393204243853564 -3.67724740287069
-1.43995883267245 0.497856473441604 -2.86761094712281 3.14134755242318 0.501323792193225 1.81487132035543 0.794843490198037 -4.71421379448524
-2.90689930795171 -1.1181492377998 4.84238172501042 8.77956384190374 2.41256263075421 -4.3609807575364 1.76209821620458 1.5651652913475
-0.547320509855953 3.53007159570681 -4.2861418730024 -7.37271284022817 0.266680578283411 5.88145949382806 0.70163715030187 -5.60615007953078
4.27269174031968 -8.73112189215153 4.25913939869244 2.25653198145862 -2.12023672105162 2.80170853635558 3.55845539575466 0.266951481593555
0.0819783244898818 1.66112987089557 2.29604343179257 -1.26876764768833 0.234675645609842 4.25414954818056 0.0924256319447794 5.78042551381091
1.49214066962962 -13.8287982084647 4.30082867624745 -3.21304962894797 -3.33157503769729 6.48196781037764 -2.276936836703 5.54966182593652
-1.22382349085513 1.6682942619148 7.66809906271232 -3.34648538791905 1.29799776897843 2.26762892995338 1.68431320108696 1.77407772127648
-0.42599624139831 -6.5712119319987 -5.85525865847676 -5.76853707673744 -2.26268484551511 13.5217132830594 -1.77326808918351 -2.67038943164704
-0.173402785108445 -1.77349610781746 -2.3764451531941 -11.2873271490085 -1.60870145626519 13.5860395244432 0.30198108622631 -4.70809994555062
-1.02336999779643 1.09892436629797 1.83966905535769 -10.6115859359978 2.89091576468212 1.50372202438591 2.40932097447567 3.55170928775379
-1.26660683320663 -2.17772169129631 0.983474240541192 10.1335004336282 -2.53932534546464 -3.53125755219688 0.310624596166606 7.27567984017815
2.07204873200553 1.7555246899198 -8.1526095347265 -3.60773702508446 -0.748675061989159 1.99790079447503 -0.781196545570386 -1.21796463474248
-1.94144362094496 8.29733493364408 -2.364993315688 -1.51020574891407 -1.69852845424491 0.0554389344372208 -0.194943770509329 -2.02570204838549
-0.63724428062729 4.87393463662136 4.18363941076923 2.24162093242619 1.05850100361932 -2.58267069702408 0.33267181716487 1.89380242765674
0.259052705654056 3.43330276537544 5.55294001069922 2.28240436059858 -0.0786745269275088 0.603087029055313 0.134430480373181 4.64616033284613
-2.57470759205401 -1.8413160600507 -1.60485109054474 4.27509573583904 -1.75531968610936 0.866965008335871 0.436907418191307 -4.4302666484664
-0.794671695688525 -7.40141020288848 2.0173793273067 1.82713845375734 -1.99097030560427 -0.40528739939061 0.815435480758588 8.1678250537356
