x1 x2 x3 x4 x5 x6 x7 x8 x9 x10 x11 x12 x13 x14 x15
8.47551555749035 1.22801498250726 7.95572339456406 -3.72796309307163 -0.56212848292765 1.27211672069594 -0.163267420389455 -2.70914029867934 0.718223244209657 -3.74110186070804 5.35464835859288 4.97322824015627 0.945070330610638 4.87962040837207 -4.50731819056077
5.64221854593117 4.18038722450618 -2.46223349971574 1.61675322942669 1.14273765387418 -9.48437094762322 -3.45759350735849 -1.10120142960619 1.60061684572923 3.75513318302484 -6.21578362049679 4.8928082223128 -3.60021660683383 0.527663879037637 0.00874321851404491
-5.56943024800231 -5.2170042798545 8.08423782340603 -1.66308518249545 3.80639102352695 -1.06579993931046 3.22971533819779 -3.14671954306172 -3.49866245736867 4.43865851971579 3.75903748787065 2.91411704483835 1.65947610210331 -2.88684477607785 0.193164418904599
0.89399097829564 -3.51326932181717 4.35507657411313 -4.58263552423632 7.4832402612581 -6.02234484891046 0.495993703210138 0.089703840501637 2.59105575734635 -0.412333255754325 4.40213522842179 1.14069532405906 4.90198662383765 2.41393154846023 0.397519804248016
-1.05092000658871 0.201320730755405 2.3064246218141 0.489304187968655 -3.29377979742768 -2.83633770563456 -4.96364447345929 -4.67459625244058 8.35028852476175 6.30035675107962 4.26564290033525 2.65256365780753 5.62728217448962 -0.281598889750713 -0.895692023274148
1.86791699714497 2.7260378450983 -2.09329568598216 -6.42683482467603 -1.30752752941233 -5.02928191125559 -1.7268538447228 -3.18276744990682 2.75038807932779 3.36856314582418 2.68160103369807 5.26198359309819 -4.5914979129563 -3.24937418176643 -2.58082233248282
3.60854874950981 -4.56790928514453 2.22234093153425 2.88995861957963 5.17321658206461 1.42754508491957 0.515189034323713 1.44691115316962 -3.59369531745853 4.10090502618604 6.90811335493324 4.65372643864604 5.2271047352344 -4.40816695207308 2.95912027904814
-0.708879578287101 6.59597173291732 -1.97624493508949 0.683900462019532 -2.21017915758196 -2.41212035583654 1.50478687372087 -8.08679632448021 5.69743174645493 3.03113711174242 -8.00352352388821 1.90134569071186 1.7982846330961 -0.909924864157699 0.0147311450483893
3.49738468362834 5.96357846105869 -2.09884649999009 -1.72032732004774 -0.162051297806405 0.293717983166913 3.04853695772784 -2.23327462427985 9.28841860562858 -3.7391184573578 6.37039901832777 6.83119482506809 -7.27605881403097 2.52367012333797 -7.00994070760742
3.6522574670786 2.7786220403476 0.944049665156013 -0.212671392767895 -5.23735138816616 -10.5871859206071 3.03551799869225 0.633672682671476 1.49343644751774 -2.46509148931133 -3.80422052216215 -0.444832922796047 6.0040857272485 0.751388657546094 0.261794744374092
6.84637174236924 3.06245229120419 5.91377285722667 -0.528946349365228 3.00640670766622 -3.69100985394534 3.83895175198116 2.2708273209264 -0.53905741500705 1.1108498848874 -2.87913709386246 2.12742113052528 -4.1651192572319 -0.809311892886404 1.28041855142359
-5.40067763234009 2.38701821072649 2.6729739997851 -2.85517230797831 -1.92086864097164 1.59037343742767 2.45608183088947 3.33768983918061 3.66914814177332 -3.79398632494334 4.11966983295946 6.2483047779917 6.33684093367954 -1.59110188258715 -5.16593749195436
2.53368590171436 0.740667167274613 -0.619291496222794 1.44300114439622 -1.26927151051238 -10.3011853989387 -3.50952379175583 -3.24748180788593 0.467696595439359 0.579763474407638 -1.56403568217019 3.932156127812 3.72856700097736 -1.64395300865746 0.934625772652793
-2.44059745097889 -0.215405482778322 0.325239422557904 -0.254983534071031 1.07400949438067 1.18545213479809 -2.98031552113213 -1.25815710085594 7.39890326483435 -2.55266953189903 -1.51915857773535 3.28828399330181 1.53522945291413 3.78654708323058 -2.40039331913686
-3.50543381344454 -2.45442799616664 1.6811615662207 -2.64059366345864 -1.2762728221386 -3.89682077410969 2.37009689378214 -8.88190110724065 -3.11627716192553 2.97438560284993 1.56973563232979 0.253240165525688 12.4774488449416 -6.2492082376885 2.68493486816289
-0.237188221838886 1.0274933013104 4.77448493206213 -3.21289558920514 5.33366097659995 0.623959080748033 -5.47926152559905 -1.84650856891472 1.29992116329302 -7.33032679136478 5.77547736204292 0.320234888965093 1.55253816559435 8.46088196921398 0.0144530192010976
5.08099062053485 -5.93837476376696 8.14093863220402 -4.1335563062944 3.0736444175665 -8.05735622737223 -4.44775161172767 3.09502802826453 5.80312236566826 1.27698997028378 -5.95501871819538 0.479530846471841 -0.19868501477957 -2.11863081532285 5.03818749116506
2.91290991421682 2.28936826617799 -1.01704607430463 -2.9674435800176 -0.25948909282221 -4.71510536774724 1.71600705013334 -7.07597748092889 -7.58036960928944 5.02031722805017 -4.72826502047627 3.55439318148931 3.73909148189519 -0.889210552626894 0.504208179992035
0.63198508102957 4.6206147605497 5.11377423343824 -3.83153807148508 8.6246204292437 1.35416992449419 -7.28477714222038 0.924763404446552 1.93891182684723 -1.64581911186105 5.51379037998572 4.48456997498985 -2.7082607209351 -7.25428118150615 -4.90648224667759
-0.548932946617383 -0.594429330463191 0.487822720407743 -7.74919181536714 1.49945246128608 -2.20793384317864 1.10564854986972 -2.09014358095401 0.250879834318035 3.35207546295047 8.69194943349553 2.01930998221381 -2.7819763115665 -7.08846328013304 3.39774220660028
1.40185791209003 1.15942208154786 4.19536934113127 -0.100588268876015 0.010235433290607 -2.81904978387708 1.37850995177988 1.78657966921326 -4.14848854334727 -5.53365827897235 -1.34889706800122 -0.721726685059638 3.06779452533151 6.77100899591184 -2.39602389147963
11.1798927912751 1.6212079331107 4.04947948404506 0.216367700586108 0.470219234744965 -1.78999928092584 -1.09044461282445 -3.439416485261 0.480569315361343 -0.255901547873008 -1.89362909924412 -0.0326597245868476 9.53162916472878 4.5897356850067 -2.52741546760109
-5.34332802700646 2.71756981763581 -2.79185339524627 0.452025689303116 -2.90535047473817 1.14838360754905 -2.66116911651611 0.880924497980763 0.243420830739614 -2.49347237552085 0.87537211906988 2.12997257400686 1.70977683554398 2.26124985810824 -2.96789133318559
-4.52132113017433 1.44627466495736 3.73871925095841 -0.586259436131584 1.52921652544419 1.45514785282176 1.45445167408257 2.71244182603459 -0.0446879169465648 3.99896225905573 5.79546646961481 2.68123636663633 2.86211833668438 3.62374668867067 1.32598393542493
4.30498392939607 -0.355570127437929 -0.101898195289602 -9.73635005670214 5.56476045906572 -1.30259439036871 5.90663463001977 -1.85873095529866 -3.38821037525668 -0.38162650949622 0.247289237574489 3.80424212331541 6.63471108072731 -3.23194900189567 2.54908909560613
3.65210804152744 -4.76400908703864 -0.850704152905625 -9.8474283426336 3.93361821256123 -0.336751942743483 -2.44781998834888 2.17124663582115 6.92244864783102 9.00950434642859 -2.67808375902118 1.57997703147525 1.73899961775497 -3.64802312773511 3.75323675007219
3.79144667882445 -5.13891826720408 -0.939405671813714 -2.24542406415939 -1.74142054164971 1.33367595752747 -1.12482477706278 -4.35073926205757 5.21115878610415 -3.42956864406435 5.82761927275576 8.45413451808118 2.91533084094354 2.34675606017086 -2.32756133330933
-1.31256334494153 2.83562144007176 3.80997634450177 -2.89911100705738 6.79316414563996 -4.01047957377417 0.191085188033155 -4.35384976279022 2.74371551556313 2.57974774008524 -0.300227183183842 0.193724174623757 3.53616647579148 3.33399012940153 2.57404870067922
1.85880274614677 0.533560799578211 -1.2554885284607 -5.13540692002174 -3.5064049744197 -5.9905285686422 3.93294054536418 -10.6850112858479 -1.06246724811453 0.95587420951893 3.0574050164319 1.63363552451272 1.08188304561871 7.88431480867053 3.88089522380062
-1.95189299264725 -0.624482417766524 2.51386404063182 -2.38068911207872 -1.29512840703041 -1.50021747440849 -2.20704113892269 -9.71638716805402 1.53955494903943 4.36113607633124 0.635490126549233 -2.78721795904995 3.07226117062472 -2.38455982383789 1.97358834162597
1.62151140731701 0.631762073910425 1.92635643105599 4.5876596349992 -0.600969530658793 -1.56934095887795 -0.380372492739817 -1.33530314950822 -1.71915706017731 4.70522268898089 1.93624888359534 1.63751733595619 -1.94044695578132 -3.96363488326902 3.67403814272649
-6.95824058962545 2.99768429846218 8.05890163815724 -5.81510012944416 6.39613185378497 -0.283702368317763 4.67253762045676 -6.46459590725683 -0.446138402717605 -1.26087305301184 3.39158365202538 5.20707209571657 7.28093101822119 -0.948465598003346 -5.63977893312281
-3.84017415925114 4.80725359363067 4.21558679704565 2.328848373917 10.3434539489759 1.15388156771 0.5453578114824 2.29083369734007 4.70496534214947 4.96417157574284 -1.72266582348624 2.92091755983359 5.24651988897215 -2.58887904755799 6.28608142879794
-0.383772629413628 5.84011203131075 -1.53735063210626 -1.374251113435 -0.43541946677757 1.74737608443654 1.53661388319952 1.27495658498948 -3.1339801249628 1.02295575060618 -1.6523384243414 5.20849212559714 0.312871778215824 -8.28476633226141 5.64090076394093
-1.54527768255094 3.3773135411478 6.46490872044898 1.84061273461564 -8.98113494944359 1.54989747404028 -1.83896674602628 3.81591110183249 -0.652217710573672 3.41024180009451 8.03033044051319 2.08448667595477 3.90858364989313 -4.96412423432971 -1.55024039345793
1.51797843312481 -2.34350159874529 6.93814536107638 -1.65230046127978 2.84133900758849 -3.65914339399898 -3.68997575112878 -0.170487970466489 -0.818587774027146 -1.85885282701853 0.781456960954699 2.83284159435277 5.26165529213037 -0.193542232957612 -5.32681753543933
-0.237064619973656 1.13855680103695 4.78197492153139 -0.631969703014508 7.10724639502728 -12.7504541239803 -0.385633975276739 2.55554676682049 2.9837383805587 -6.15094477844696 4.51676868216973 5.09532345894593 2.93105191583125 3.67129330353597 1.50698636300207
-2.59892420164234 1.15154092526723 1.60852984038481 -1.0840941574383 3.31257938332854 -1.66690130719247 -5.78762043805453 -4.72710222877923 -3.7280839291371 -2.65588780578889 2.8867044068756 -1.39677100183373 6.47567978454578 -1.98768623702082 -2.3504027355754
5.01190882579052 -0.472342039071499 -0.827505162037578 -7.53176724008896 0.404020971687494 -1.12044860005951 7.73397212586595 2.45552096008968 0.96826282877216 4.66209667127258 9.72245746382373 5.81007519924367 3.46444390880025 -5.93063315908327 1.23008173511173
5.08683316400596 -1.49324259254864 9.96923422190791 -7.77314971112305 -3.87514687810828 -1.89559338414919 2.53946948786966 1.59609104936826 0.961243316277183 -1.11771194941788 9.00012764745024 5.43554670302135 5.48839639940311 -1.93755205001232 1.43624387593505
-1.79828466494405 6.26062376735905 -7.75675261134238 -5.33722940669846 2.51788099306413 -0.558633475944874 -2.56933574779005 0.217466895839539 1.51889150847776 -1.9349009116287 6.62405902501722 5.31187549867058 3.56817445884861 1.43844035060827 -4.47827946357738
11.9664780083682 -3.18170114414503 -0.0677652197069427 1.83895140404172 -3.80783272810928 -3.6538880699221 -3.6135333660472 -0.0423405228875968 4.61369878206167 -0.693882415045042 -2.51313346654852 -0.225801507317245 2.85016417722237 4.92511010740648 -0.842876699428442
6.02422493807952 2.32137203700865 2.31169291985715 -4.64857273035998 2.98802450257296 -1.25335354643424 6.10666128987881 2.54270242655996 4.48961978006985 -0.341453450694237 15.0377088032082 1.55686783444099 3.16122397958411 -4.26938265261955 0.650066573512857
-3.97431029857753 -2.2149769170737 -2.037651428552 -4.18675705622729 2.91715117673 -0.879654817935239 -0.570779284053388 -10.3858137475741 -1.02392746959499 1.38351002340676 -0.556918798411015 3.51978020453971 2.0781899682407 -0.87428455075737 2.41571334495291
1.92654884644956 -2.60707770530345 3.9335046272079 3.74855213688611 -2.96384733357529 0.178375960010692 2.03970531766652 0.956374011835339 8.2575942173542 0.987616422754574 -5.15294388774594 2.05566356261249 10.5575030445563 -6.44151973547044 7.33789180785807
6.14285751189612 0.25550149220773 -0.789261572122771 -0.411132660753666 -1.51935643234456 -5.33679224215192 4.66576515826099 -0.369241948237914 -0.249546335872244 2.4471703248695 3.11691690737303 4.56599606066973 3.78253413947535 5.61388085565105 -0.037225662500329
-0.910214429514014 1.9527525736088 8.6564173204793 -0.613273592827433 -3.14486610893326 1.06962470308052 0.952912952641067 0.214747218203253 3.33365719389261 2.47650502591584 -0.451044718812232 -0.0573592754513048 5.67203682516811 5.86380543618843 2.3782038724235
0.979737915319546 -2.41509073861086 4.45933116017904 -8.37391230886827 0.730475698143074 -3.27594746824417 4.32124284813457 -0.526783050972372 0.976069481940925 2.19691531806858 -0.860243009521858 0.0195429476598488 9.09376435877057 1.67643503381866 1.02044090465672
-1.15336761452269 -0.00515511951807923 -1.13301355602684 1.84762248057504 0.8286283685705 -0.104541790303533 2.10123630362169 4.10752169677693 1.74786831856815 -0.0107704682235639 6.26179630607788 0.252857456593526 0.189073456261762 2.79424257109129 2.6522591259912
4.49123489323281 0.461787917879407 0.0719681192512038 -0.415971688432666 4.68956658415348 3.42380403690821 8.69694242473085 0.791245679953722 -2.01490402813585 0.825641759250596 7.91140923877696 6.94309967558334 2.10748350145489 -1.32657092953908 4.52689417439331
0.372198250078989 -3.25931939424767 2.74153417084563 -1.79481862328779 -0.995120820254336 -1.32624627245866 0.896044075799328 -1.3323970717197 1.44987251854887 2.46214155762154 -1.14306426825476 -0.348985702130553 -0.291656615284155 -7.92262947165263 -0.922151828782692
1.20152913263735 7.12531914822913 4.73071189816575 2.33253666365802 -1.3996705646447 -0.478326139183234 0.897101195237154 3.25655474944172 2.49571638969905 1.92889816473309 0.666595744248604 4.31063868362101 -5.22702101861616 1.9333236264133 4.52466320686607
3.94016376425246 1.76256470161396 1.41286904282231 -0.394497130994746 7.33182663466123 -6.71665082615431 0.0540088986801199 2.31906393494956 1.51636523940549 5.68758849184401 3.9177985812745 2.43398883003707 5.86808466185683 0.003415902869222 2.42483480626091
-0.145980824100723 5.16044704607604 11.8710234716801 0.174550768828709 0.604117394033514 -7.50385958801637 0.0473937653475873 0.918604159220627 2.7703452314199 8.11426016409167 5.57459863404646 1.9937014115928 -5.00676256969537 5.37485218731131 1.90246663093681
5.93814599058919 1.42615947532424 -1.66866634408048 -6.58580497775328 -8.12040816832975 -1.15007083356046 -5.86660470670618 0.832230035018669 1.59643789711443 3.57975932185046 0.808242808509432 8.0603582382672 10.8186333589346 0.070007492370424 2.44397437506207
0.0289273122492475 0.497286269483021 5.25470410985751 -0.539108498959742 0.77993991109532 -6.37088106283874 8.16958939451781 -1.40839195083325 3.98368383696825 -0.455453704402629 5.69516409303517 6.36027719537025 2.41544577786884 0.506663742525511 0.9062477943998
-0.102986463120734 -6.22338761507858 -0.980636618370765 -5.81167319865293 -0.397082054750128 -0.973412732828359 5.19769495566817 1.12697875648291 -2.55998297935014 -0.818683418802237 5.85539498020205 1.64817980943151 0.450428826448536 -2.46987144507466 2.9980949567381
5.01156566745163 -2.65611131860528 7.55823000729824 -0.694013407636084 1.70934414359316 -0.920355176923978 1.34827405947505 -1.23485369247433 5.87340614778975 -1.26782313335471 -1.5075221372723 5.97585099313489 -1.68062031431512 -5.49685571211393 -0.660708506876682
3.50440364348374 1.94512019836565 -0.0632688168118198 -3.28859769246601 -0.777013072031872 -0.304154546202529 2.61374310973114 -0.898964262099536 -3.58928617595328 -3.35730114606885 2.86348477381465 0.486088351155847 -0.947943420335961 5.59615938002435 -3.83061398325067
-1.15661927554667 6.57661316295986 0.252011508825313 2.2666982608329 0.877192684413457 0.216845664338156 3.49075331434661 1.78965637657055 3.09150330521187 2.39199085599838 -1.15585145915426 3.10305730241445 0.562907392271165 -1.59258071882554 -0.768285685005007
1.88094951524754 0.166023121031463 0.435385042583203 1.74304099712231 -1.37378777616524 -4.45688531683365 -0.981824652689844 -9.49729504735088 0.481729871869449 1.74472190944743 13.3568283330646 -0.132603894282351 7.88590766475462 5.0273059086915 3.54719620282538
1.15059574112509 -5.42419642135796 2.33042627692175 -0.717406038230367 -1.78038422030611 -1.38484834628552 1.72956185513112 0.698901548344147 -5.43477387833157 -5.44011558038368 1.02005839301152 1.65019756085905 -2.93364903860152 1.1299896689635 -0.714946456782602
3.12139185891389 0.295253325323203 -2.71753884335194 -0.361431516236832 -0.140318061338361 0.608718195261559 -2.60429223720792 -5.21227133438851 -1.88721135623553 -5.74647907452618 1.64029890392747 1.62822411933656 -8.10542434457712 -1.32682139689014 -0.395834628782971
0.413856858292631 -4.59838483582415 4.65534844163906 -10.7498947461222 1.4078092975738 -6.51229662974154 1.31285612237272 0.621367877553655 -2.18316938043925 1.97490186583471 0.452975071613411 -1.83284763877998 2.76168069615021 -3.95343244625958 1.24859071134112
1.74426709409146 3.46929363318682 0.74080083140299 1.85409158005171 3.54691219374215 0.0695559718182646 -0.405782384219656 -1.40229886793712 0.493114792835277 -5.57541932756126 5.02103953175451 5.6408863053248 4.364444482063 -0.2296383279835 -4.01707614667476
-0.722406425619046 3.54348083014452 10.0573824421399 -5.23933256647167 7.55090608209926 0.98064172862283 -3.54093811411534 2.04341683804899 -0.976251893971224 -0.304725882309933 3.22870462973331 4.96780930720159 2.06178383941367 4.11555299774559 3.46529836308705
2.71667362279201 -0.391717715411566 1.76789098323898 -8.32069273767248 2.08888363380994 -1.99613787758503 0.412595639433862 -0.0198818305312479 -3.60662002954344 5.22629407821496 3.35482156012653 1.25535741462169 2.34966810738202 7.498385690709 3.61402857334917
7.6028337662519 1.68240525480917 5.87550104414685 0.595205812358401 2.49079807977667 -7.70213618277364 -0.402858275303376 -2.04925521132415 1.92799878822326 2.11734615245446 -2.76749420048196 4.55940970622659 5.10499965029607 6.25567842721771 -1.60955369056371
4.63616537831912 -1.96670153643758 7.90335564920315 1.30268493878116 1.53885909305001 -8.04689976438404 -3.36024743303908 -1.53472868171207 -3.34897832405445 5.16999039822269 5.58853019076325 0.0671098331949898 1.88683733353755 8.69214579633127 2.85798635618364
-4.28638117786405 -1.52986435147739 4.62388441307127 -6.51085543304646 -5.0717377630504 -2.79913640066849 3.67337134760656 0.722885774140063 6.90191547190919 5.88442091144484 4.7892651237119 0.52037740332435 5.04001764484221 -1.49224378967467 -1.53551362608785
0.404321075454745 -1.16329885132093 8.02442175948177 6.02891691513322 1.0334235758342 1.0853893651203 5.79820882269046 3.09811920865585 3.32344567558808 1.04197809329219 0.113803207191807 1.25877672914624 7.41388363743002 -0.706644041128092 4.0770103192715
0.883511906003985 -3.6403681919234 1.96849397058161 -9.69585199704811 2.28316293531244 -3.70625193230534 -1.43944041272947 3.09459200263058 3.31534760033991 -0.894447360009922 -1.92287674638363 2.79956756241736 4.06153832458593 -2.3927950122459 2.19279072730299
8.79776226601574 -1.80095544814534 12.8672055855954 0.395232604855298 2.30618287193935 -4.27402654920596 3.36760851511402 0.79350674408932 1.68242742119224 1.91198916073143 -0.486156068655522 4.8918844404512 4.79282320844956 0.659959940692626 -5.47570032659123
-3.57935700708672 -3.84635824346591 1.02268487084012 -4.50664587509673 2.83144389534558 -4.04888520826706 5.49746185420845 -1.99378597478277 5.02300675702395 1.4701648387241 1.35598984531745 4.7654168323577 -1.66848560228291 -1.0783516841347 5.61066079194608
2.76562144631736 -2.9899990155175 2.58171147285415 -0.0105230712959534 3.55438516023292 -10.5036076289508 4.39046729402721 0.638804738804691 7.17972401503072 -3.47479826099764 1.70993929620579 4.81048206141852 0.565873662132911 0.379353770180296 -4.36112319212785
-4.18788582404303 -2.72725696217451 -1.3075227456002 -2.46258561071309 1.38139549177224 4.18151687744914 -2.18893801160679 -1.54432408122843 -1.57814488196437 -4.257417276554 1.31570982799565 0.805852759972874 5.35062886821875 5.82190963732608 -1.74835072067211
-5.34720456292483 1.30369434122453 -0.0869179033899146 2.57633303591757 -5.47241944901274 -2.87422948294161 -0.582997751692282 -9.20757855491764 -3.25945238980843 4.82871054622924 -5.47630734327134 3.22745151362516 -2.00493473220872 -2.21365551254904 0.802584236599579
0.503007294893537 2.23426907412376 7.13114444622829 -2.95430800337682 1.45141469338783 5.62125438429252 4.84871871773207 -7.99748039032975 2.42543490235163 -0.378033255541945 -6.20376403000699 -0.00280633737881075 -2.8013687467397 -4.69679955397042 4.99258095900969
3.46847281054464 1.1315969747258 5.30845545471952 -0.530600204255231 5.91705955085432 1.5206610847686 3.52565223856901 1.25386747347234 4.09017507348316 6.96220751659215 3.68628304588493 2.68195543345176 2.38254879063161 -3.87309280606535 4.23639593151219
7.07637939638417 0.948755436850806 -10.1741832013752 0.767835240448044 -1.61597933495079 -12.1305724386823 -5.19665975879659 1.7915645073944 -1.59181254848398 -1.54761661926461 0.49158015166579 5.46150499961823 5.95105023904774 3.40322012961195 0.182329685509792
-1.25214064259783 0.393050298552452 6.29183825117673 -6.51295357469549 3.6437548018884 0.245158192376052 1.58051699293209 -4.3625709825286 -2.19115631940118 -2.47738376653052 6.20388675810616 -4.82122199445726 1.54500971131874 -3.24625460708111 -2.39745574919019
-1.66291381034637 4.11665504775097 4.97761830172923 4.07272314228395 2.67968283861773 -4.56322079292554 7.26080983239207 0.224858434716787 4.57398418506781 3.43674619521482 2.07748329912441 0.992267352416387 3.44259302988694 5.16183660207366 0.885189798978873
1.58672104732526 -2.22905269720171 2.37711590430827 -1.20085938371139 -0.129428265961638 -8.26230438981128 3.04209490684442 3.2087364162892 -4.0520313876978 4.59422453891754 -5.16368033239576 2.82986710846276 5.14587888396024 -0.755054419160255 -1.85436152646255
-5.49168679676519 3.51843998683494 0.208715488807208 4.27102005403578 1.0543211132942 -0.0587834025795702 1.59749108540256 -9.01760424375709 1.75758079526542 5.47897000560933 -0.736757296407488 4.65960389890953 -1.19152861769985 1.646071494267 2.90972924225637
3.15421328489284 1.70736795332788 4.49777479013651 -2.81154109651484 -3.22675858127515 0.358540006699465 2.25952370910682 -2.26203816492144 6.79779957722417 0.546625017029652 3.55599214103304 6.4432290121035 -1.10782906736077 -1.13134061678164 -4.62860644010022
-1.72363340704804 -0.0949714671263363 -5.76708601191509 -9.30008726841413 -2.06831883732165 -0.367217447359641 4.11052258391836 2.61358221133358 -3.78299214740047 3.63528119679937 4.76063506471898 3.07312132092826 5.42240180076529 4.76905234988648 -1.06467219032907
6.84550973144503 4.36041771960082 -8.69860423459693 -0.187153196851757 -1.57493521340436 -5.67441036426936 2.53194341214458 2.92597750377107 3.30659003665327 5.48944581962723 2.97691579051956 6.93596869665303 3.79987120702407 -0.767013569689359 3.78016495867953
-3.49177524231933 3.30005069768803 6.01997601874947 -7.35607054135824 5.59640418459913 -5.46117088214891 4.34725315267177 0.456207958242686 4.27302155350153 5.87824425995208 7.79599711799536 2.97825661483922 2.79491026437009 -2.00036984098021 -0.132772652388034
7.90588439924537 -3.31963088597436 2.7416986905869 -0.253414804318309 0.669484679285211 -4.81873740312145 -4.16850616094555 -10.8364721128134 4.29899938853762 8.07164519283513 -3.98709027722609 4.88341660815334 8.40367289353899 -0.320075559056418 2.82704263486723
1.50698869503857 -1.29449762718771 5.78323870388894 -0.611300458834971 1.10970098867085 -3.7558637326545 -0.272001612167923 2.77993141839445 -0.30873781511377 -1.64955429129403 1.81947706379936 0.240956269190847 4.51883781730278 -1.27357606100973 1.82747126375535
2.00496006024524 4.23299128974384 4.95852985823476 -1.63895721987839 6.52604110851603 -2.93353098491893 5.19684404437943 -2.7819437291179 1.41896155270177 -7.02259725549955 -2.22156227190498 6.55768464960903 8.02318167029301 0.770738134832927 -1.43677066316307
3.44439648800675 0.17664470066202 -0.517699274451211 2.56048735783017 5.08260056880282 -12.9786491987651 5.71457523891312 0.784109320500493 0.122823783111587 4.12871205177221 -0.767348444988035 3.46656586868219 -4.44293788591134 -0.922680272896476 -1.60499581792
-3.31192421185338 3.70514220561434 -3.30814776037095 0.0604628217262688 -3.63713979680139 -5.65183055381137 -2.38543646155323 -4.27663020361123 1.63878010715063 5.47104882722254 -0.924853269293687 3.34429399827666 2.04216096935332 -2.41050965971026 0.434004390603132
8.88472863858694 -4.00493830432664 3.39217865383453 -1.13250934658577 7.70668476584496 3.48014584373239 2.10817127318781 0.886900696573057 -2.4903801235486 4.79288888513375 3.06506699054852 -1.04495598747422 2.68299129057759 4.4107167005569 3.38592171294467
0.204901879549913 -1.57462817266728 0.473163054544239 0.420878508535117 -0.973478054650442 2.15768137092521 -0.623998723740459 2.1580643603818 5.64930038474058 4.97156853790353 3.70887560171422 5.86929760965904 -2.43952270404385 -5.93340947414843 3.02575859043347
2.25689876934667 3.68846712377447 4.63514406944191 1.26264337948667 0.58835144742477 -8.16798281844917 6.8405073242139 -1.08148864505361 6.12833880443098 6.40942228553932 4.60730127663435 1.69037889013063 3.56733164330905 0.4596962383075 -1.2191038317593
1.98525694430918 -3.36296410509892 -0.597764508704959 -5.44543293322987 -7.89459227432289 1.02724773706204 -2.42943317954931 -3.92329894687104 -1.14723031683306 -5.88631407785628 1.10376632266955 1.43245131377111 5.92527982396725 1.95600129523698 -4.7231012024843
2.57326671869466 -3.79778831057122 5.17704433431489 1.54194806240498 2.75419958769311 0.551179344496259 10.8041980795796 -6.03183761182359 0.483093452226196 0.284753329345513 -0.226674102585681 0.595281878213322 7.55143338306272 6.3523333637512 2.37869764790404
-5.48410395437019 3.3034727767396 1.02276882040555 -2.27357991015451 0.926907699588898 -2.17268544879409 0.696544298619361 -1.325129621094 0.923219776690031 -0.618230028617728 1.65530490411859 -3.35152644477805 0.437012281684088 3.89656826810419 -1.19792703671617
3.27041026551444 -2.02328870983018 1.26293288306032 -3.00236811433859 -0.682221259285798 -2.26342383657772 4.18959422336671 -3.4042637287414 -0.375354074894367 -1.86240423277033 -2.83778468767498 -0.734889154504597 5.73612929548374 -3.5009725256823 -1.51569104431955
2.91783303340727 -1.90248342801872 -7.59377627458567 -0.242020426691606 7.23293588111445 -8.31184029814702 1.06691759759724 -0.477300672115305 5.9590278045845 0.620679071593776 0.0612049722960579 3.27259530421688 -5.20686781130495 -0.63939675356764 2.57989642346032
-3.79220056280655 2.5240320834814 4.24362604576596 -3.40190528433835 4.92664400642596 -2.44090691997934 0.615361932325508 -4.65212423804952 2.31468510861288 -0.643071458985015 5.8260090571875 1.17289266502146 -0.435305833794351 -2.40402788201058 -3.3743085135603
2.06768298435797 -7.54382059247387 0.41911653163967 -11.3157531928811 -0.936156956543661 -1.63687404124889 4.99334615687969 2.82166837415142 2.35921326264124 2.28562400208435 4.42260946213379 1.08755572997938 7.92923200054525 0.255147125013188 4.15983086534527
-0.0933325567908898 1.44971243979737 -0.299748552340277 -2.45323489374254 3.41840854463898 2.53862699465406 3.27039584344103 -2.93607965322176 5.55648757694009 -5.53689122483261 0.414844669113497 3.67536504491648 7.15555188661352 -8.56023848648162 -7.31948933965985
3.14528674310188 -0.070413274176418 1.09346124699688 -2.06964417673081 -1.52583184613634 -1.02016695588529 -0.645250780779419 -9.6812577379324 2.36092888307348 5.97289109316844 3.9302731170502 3.55614890866944 2.19117961640861 2.84014767456808 1.04187357583734
4.15590812733394 0.357860840237613 8.66091414274383 2.27420899930208 1.30322973890613 -2.20345388639043 -2.66333838727396 0.470574227271866 1.63546022616711 8.09624891039025 -7.31011790883752 4.33674205271567 4.76634413468711 3.57034411691828 1.07250759665945
3.92323295163494 2.80749082251066 1.88614830284032 -4.33346400818913 0.522709110660909 -1.6412107118556 2.94845505905652 0.603000747827729 -0.638007041954586 -6.46842134706442 -4.04745191751353 -0.230406843342673 3.69896839682051 -1.23875721285339 -3.12354258546044
7.89886306920863 8.38022413795269 -4.04662893740027 -1.8020565220175 4.10993325087443 -2.93240805202202 -2.86276631986441 -5.56116140036618 1.83119027752718 -0.281605827901442 3.89844432907089 2.48138805201859 1.17582232454334 1.17100808576602 4.00983031405134
3.45369160658394 9.53619427335044 -2.82898948546767 -4.23966964803627 9.29030429686414 -3.01201831844644 0.784264870442962 0.207010295847983 2.38709087534536 -1.83255235873788 -0.784049153290627 4.15379618330462 0.785595375709236 3.41684037993259 -2.02090893730017
-3.03483096293387 -2.11321848464495 6.34551397472939 -4.82226819269693 -1.25191485587756 -1.05441937152344 -0.869241893471696 1.90082152398475 -2.34422386886774 4.01886878274268 2.1027109194252 -0.903208229241671 10.0927991905259 6.30696140499607 1.71243046113156
7.83294585020218 -3.10718333612244 5.61404406639779 4.19428532249437 -2.63237612444787 -0.444074762384802 1.41521989452366 3.17172245892312 3.39620172429255 4.03898950893291 -3.79000151560142 3.09954221906095 5.51117173317496 0.51263106454469 -0.415850820115677
-2.82654995052001 -0.780812596956371 -2.34059142679156 -0.030861953895376 0.192244507587955 -8.89944531629397 4.73433816671614 -1.01074352623407 1.76618966641254 3.10161933395346 2.81569183009483 2.63244518307687 2.94457740047302 3.81692281853494 -1.32432292233195
4.44816873245477 -0.562165886965994 -1.74925582165438 -0.0724825098424582 -1.39372366967384 -13.7830720784091 2.25285194096787 -2.17770245348329 0.830040165900928 -2.4504678402865 -1.52222812879761 3.98737787316372 -0.180446580243246 2.89738180106356 -0.410958418038081
-1.80562466147979 -3.71738456430818 1.70299786952556 -8.82380413617876 1.35812932919629 -4.19251886263881 5.97598332605501 -8.13011125600215 2.02120754923583 6.01580463386119 7.85301756770475 1.11531413951548 2.79862159603206 -0.325900203248103 0.599619744326682
6.05110929549756 -6.35390364082959 -1.33983996749769 -4.11000828060919 -4.46874290123483 -2.25672875579027 4.93737355128546 0.0330194720710251 -0.211257673296879 -2.08704685194907 4.09935213899461 1.52350818320086 3.26160098872488 1.80055443855838 -3.36223854186005
3.97699068064201 2.42969668783766 3.88042804536526 0.534304915440683 2.90219011197582 -5.32227740761706 4.84133457753049 -0.596768470996187 3.59824425120982 -4.36395388674108 8.40205339508193 8.56518361462151 0.474734399656906 2.68213016849526 1.24902828866243
3.3382277942237 1.33542268837666 -2.95143680184121 -10.5620247989496 -0.682021666137593 -4.42834569649437 -0.1390458659359 0.00850611982400762 0.637341362561867 -0.0917463148524909 3.21058146534781 -1.21189780796644 2.46334297954631 7.04637791608376 3.00593469246342
2.67050031959549 -5.97430126567466 -0.0855092908549184 4.15489054203957 4.08730558285147 -3.3043805094773 1.49733539010967 -6.7273249192549 -1.2367356094201 3.15938453256757 1.44248521876947 0.889983538271331 5.81555258582428 7.90258980619761 1.23995103302389
2.798404243262 4.97379063110071 0.872966962029558 -0.475386775012546 -0.973899913964295 -8.10688891356191 5.10767853864509 0.794125238184856 -1.76209047006146 -0.780638274345102 -2.88725546799051 0.0430209112329565 7.44897178172913 4.29546815258809 -2.31239019810814
-2.78226693509909 0.0646980829825511 8.64884191820035 3.64840345998889 -0.274507343794062 4.27733522939646 -4.59854803885823 1.66421314709403 0.704731528934326 0.436181969597226 0.481408114827563 -5.44455157892078 1.00513888000979 -0.610681900751899 1.09523413990825
-4.60753220720954 -6.10273205073375 6.96236106310343 -1.21624542037581 2.99473251296829 -0.930213886782518 0.389284038339186 -7.35874072369826 -4.59005158079583 3.01503042262971 5.84967143948024 3.58221144599934 5.22364783385698 4.1176316087945 3.8022534029325
4.70580874825414 -4.90186549304811 0.991321930602424 -6.96754773448253 4.14180978104049 0.981404041281605 0.561367903918435 1.39013131444726 -3.87629470592006 -0.888328198202504 4.36708477209255 3.43975118624072 3.25687470382231 9.24818011987841 -1.7841751416888
2.9280508844664 1.53549295084832 7.2041499596903 2.34989881572334 3.50194073997109 3.34141252451213 5.33306194324783 1.83912852292097 4.77019122162317 7.05647818483456 3.65370001063266 6.14804855357221 6.32885907436939 -1.50958921913734 7.28333522984546
-0.409995957354019 -1.67247626150499 -2.13926887755942 2.40358089089248 3.04496981775663 -12.5669378973697 0.966100923622721 0.616112832965401 -1.11223339956969 -3.74315097305406 3.43348322906296 2.77630478001618 6.28671142622139 3.69184477529947 -1.01743065608523
3.10786670701732 -0.375391267701312 4.64735558863087 2.0061610145548 6.7621679110042 -5.47765964576698 2.48542642823574 -0.417783048329631 -4.26532928924859 5.35245958342513 2.01264131967883 3.7442665953873 1.01531469456319 -10.6433947817722 -0.228998573473359
4.2208960567075 -1.66570774096391 0.650693782312927 -8.05678176934633 -2.44680962310863 -3.43891224253463 5.61877749598765 -1.82221877896159 -1.79523117290813 4.30060135065249 -1.02237920346751 -0.795968639497933 8.76782889162616 -0.20984103722689 3.08945063273207
-5.45677374958682 -3.46481297034474 1.40097811424211 -4.36238198586164 4.13795673570416 -4.23182157828272 -1.80127635508572 -5.11198135522627 -1.90358568834897 5.57916966402124 3.19301872392457 -2.84877252510039 0.351120778744213 -1.18809176528715 1.14490316854601
-0.846387715563998 4.5772819228184 2.57853132831999 -9.03800301905128 -1.67274805208809 -1.41644454888445 1.77222008874919 1.09918224259371 -3.10334361623643 2.86704153167624 -4.27511403725676 1.6561804427505 7.15343203517372 4.43647807934932 5.64376940580107
7.00573381064371 5.49453671057097 5.28891638998102 1.65754730300724 2.69747795522752 -0.20212535476404 3.02205429058972 -6.92517478243341 1.54594034778342 5.72122463443803 -0.243332543472675 6.09834892616028 1.54885025504542 -7.30652386722733 3.86857727680914
-4.7038280393276 1.33179373329154 0.476043214837297 -0.617382494349298 -0.95874839700299 -8.99171123141502 -2.89272172684377 -4.15372349983483 0.721036974365993 7.8605863659524 2.07743798284363 -0.467982076536839 3.02375890060237 -0.551759593361922 -0.80836670860032
5.00585693044456 -2.55920017081181 -4.79258740165252 -0.0858744411252328 -2.7833856812365 -7.07799118090866 -4.02638193359948 -2.084097923542 4.78503451812679 -2.45773284823039 4.41008695528453 -0.877309619878198 4.05099002811348 -1.20761711491991 -0.574795773124628
1.09979758799772 -2.97364370448292 -0.882610180430259 -1.38715512812901 -2.87664340734933 -5.8152959918749 4.02921669095959 0.502050499206884 -2.29956327217591 -0.652571556143831 -3.41851895465535 5.14829882538551 3.062969335938 0.167877891716185 3.17631832013323
-0.64890560269531 -1.1466994874299 2.88434318265973 -3.2372329696094 -1.45331187429236 -4.85838772064743 1.7986093089117 -7.50952943307605 3.20974023117673 5.45865339472904 11.257581397847 5.96303159960383 8.54925186052843 1.22432598238148 1.03397205261231
2.86527292400982 3.69714140270791 6.10187318095638 2.99794395603354 -0.331509894964353 1.96716902200873 10.0830441755096 2.93055611747975 3.2830045916478 2.79694610747128 3.77981039626384 3.77314652832805 2.57082971897194 -2.01471354684903 1.8110924708676
-3.16477293392513 9.46039029919178 5.01090764088913 -1.33438128333969 -2.62016369928865 -3.76759541853322 3.77886243586097 -10.7728338019516 6.5382887964455 2.3259022877092 2.45371282183262 3.80886185984901 5.76185900736195 -3.17889031369009 3.5020923896731
2.93662817446691 0.406769920465984 -0.433141800686219 -4.16233947372304 -1.51841131259582 -3.01719420683874 2.9028415924703 -5.35570015410759 2.65083263140646 5.41088392602924 -4.05299428830542 4.59537944117568 -0.994973285487221 -3.36797896294034 1.19467831460231
0.365225410956907 2.11370859700255 3.04426445578748 -0.494527232384349 -1.95920608001901 0.902905958043496 7.30278749243101 -0.832660935938829 6.5263737405978 3.34242549839385 3.88582644311015 4.56258311228121 1.12792163463927 -2.27047917308134 3.65150874638797
-0.0435543413931645 -3.0145403977633 1.38248164644011 -1.68775469248328 4.00502512019859 -0.263665159321806 -3.6346532020405 -5.6991470276743 3.58979614361462 3.50992200660994 -1.23709405964724 2.19680668721623 8.40826232830169 0.905717406298932 1.58085401333572
1.95427885803352 -3.56054428470815 1.14606211471016 -2.88797137320578 -0.232154651610309 0.316989673710763 2.57511666349384 -6.88150377196627 -4.88391392763802 3.53344248735147 7.44828555638145 4.20959371513127 -0.408398134554511 6.03792956719732 3.61238291904952
4.18444866398011 5.78201689840956 -0.86871454027961 -3.9707510324093 2.3459728113431 0.524356148016381 0.0360072317686648 -0.589356618992689 -0.89399111257743 1.26176198377912 -0.624156930670894 2.43606609905413 5.37002692735512 -2.8550843569189 1.47844657847629
2.24694222174992 0.453479200897252 5.22933119503714 -7.00276858662949 6.29024338079859 -7.91303009111452 1.17663351037263 2.7046591964077 3.72430884338254 1.48253120410776 0.887747548977626 7.01007421552899 0.592916833944539 4.03933359125708 -0.732422211542312
-1.38121279877654 -2.86966878963167 -0.0588964897674689 -2.95475014331826 0.577005015143804 -7.50928771693706 1.08836112616455 -3.71663442520985 -0.781533497967484 5.1674868345372 8.63784374668832 -2.72030724691058 3.21322806576842 0.734897138141068 0.732235578115486
0.672342056523747 7.55487334747082 6.7128856832601 0.301316224669986 1.87191752679744 -3.3340898425662 1.56874233528724 1.50972140975241 4.15789090097335 2.00016304967664 5.74661144527094 1.8664099214115 3.4418214954931 7.45837407094407 4.22383786918544
2.63238760032279 -0.908067254506044 2.93206649125123 -0.526972479877688 -2.99588669565526 -1.21611682606162 3.06692284559793 -2.02569892325916 -1.95998015768901 -3.75567570135934 3.62496405892487 0.153138709839951 7.02521328276909 -6.88566439944252 -3.03815704361417
0.568151037975843 2.18534464048646 4.27033084805366 -3.00142921719647 2.37207947619679 -2.43319512512482 -4.24806771058817 -5.50823428235966 2.50977656423096 2.97331740616531 -2.10332355374043 3.49775362267982 2.28563973479998 -3.06919795098339 -1.23720027438673
2.34652857459767 -2.25357715743087 8.30885078524462 -2.15669656565198 1.80780695958403 -8.13199586973456 -2.29346458705093 -0.862984948835716 0.323455571622381 -0.105737835669122 6.85179763323866 1.16905038819012 4.56423155744373 -2.74912487652944 -6.18448834982504
4.25785430549902 4.65973790859631 3.67188660787021 -0.0281877016532954 2.11915496239858 3.52873320633146 2.83094963437427 -1.2497418989357 5.19018002611659 -6.07076170810018 -4.55194596625987 4.14635304340373 0.653337565762983 -1.97647614284812 -3.1810990167043
4.27130297523845 -0.684788305983265 2.40496786946726 -0.80157877299815 -4.93763687015443 -7.7585030488882 -0.400977422172669 2.03821674182682 -6.15356134408811 -2.43671242145681 0.563722782913935 0.669123435611814 3.43705776088187 2.80832659330778 2.13937313657358
1.37875610588801 3.63739512684802 -1.79888493291872 -0.235910655357699 -1.82544854761262 -7.77153810957527 -1.08896453327122 -0.893998510563838 1.49840937701255 0.703633297159958 1.76598817054431 4.24187231392116 -1.12723758756391 -0.829818716070488 -1.10502408933449
-2.60711622293565 -3.61490435720602 2.26854260487113 -3.94164550830927 1.54402770347544 -1.26498572867802 1.81163585981611 -9.15629755306999 -2.93434372014034 2.47193273793566 0.255819536511974 -1.17266927121719 -0.82064961289013 -0.378237182105247 4.79331641441757
4.25214258923876 3.75908450862997 6.12597838234813 -1.0442757909054 -3.28800690042175 0.302254663101628 -9.3298288599111 3.51212088191632 1.26900568015197 0.865049395957072 -2.02180642871299 1.89442265949614 0.0459868722305434 2.04940099720401 4.56389920948008
-0.682555054312868 -2.27937541302973 -0.714399194810516 0.384990724442776 2.71986885007085 -8.84884391698491 0.887171249074063 2.05606334143652 -3.5820707251137 1.58435858165747 1.04912963306757 5.53597475239644 7.48466738336951 3.00334705129756 -1.32170361760223
5.47797705435943 3.62251865804683 4.42577301891991 -6.21480936929446 -1.00424806524663 -4.85199512248526 -0.988646117662114 0.62225812643484 -0.544729772261189 4.50640239081359 5.0443355484022 2.98774861755835 3.11322498427554 -3.20222026836851 -0.33164397291298
4.68245176540956 1.75577748176679 -3.52196573557053 4.42972034033301 -3.50534791278243 1.02133359669785 -0.985306701672084 3.31974935615356 1.58097941416978 4.41706427727047 3.13915255636444 4.01970488266799 7.85619994748589 0.387885932832458 -2.82940346791196
0.796827828206681 -1.81817884929222 -2.47691463178188 1.6537057049731 -0.233300123558156 -5.92163301211484 -6.25520968940555 -1.11944819916624 2.12114975790371 2.0924031068378 -4.43175330504289 4.48711058109357 -3.26283428391906 -2.29162826942537 4.06707322023801
2.38970784142836 -3.92716671299184 4.62195314668808 0.325872831238116 -4.93382613747108 -10.1220411714663 5.53898048145669 0.703466071125199 -1.33597056209454 -2.26399127939522 -0.93171169692728 3.82087191555231 -4.77810777223397 4.10907627501908 0.221683980322203
8.8192074454655 -2.51790399156192 -4.38848265465384 0.74176867660957 -0.957933456330623 -0.504955370139378 0.987715914784191 -7.27353966915407 1.02981691152592 1.53532962012501 7.53774327019721 9.72837488000023 3.31868610500105 1.74523051172305 2.39887985000757
-1.13301878362956 -2.52135446309207 7.97885044254336 1.05690636206106 -3.06926422835065 1.40274877921338 6.81803825271651 0.744270468116824 1.18430503624051 3.23030935535856 1.79899624995753 -0.996480265471579 0.657427437990634 -3.48493454840307 4.79113394757596
0.550307399065312 1.03343901224115 5.56047416612091 -2.10945027738985 1.31595610325897 -2.50675328493974 0.604434985418904 -3.7736406837104 6.01811126939149 -4.92830971564896 0.240870400865171 6.70142874724993 2.24600656663775 -2.02846778382839 2.15139046738946
0.843777270869803 -2.07531380397717 1.69181532223106 2.71136442712198 0.264963657595861 -0.0941189472493714 5.78793373761811 5.22154521967711 2.59083356506526 0.398745213976449 5.48935211223885 -0.225921014723294 5.73230152860238 2.27834670239521 0.341345904669772
1.03170812538512 -1.62354385773535 5.35487145264465 0.96558546936226 0.827045770736363 3.4557052943435 3.93041647546584 3.24510950032613 1.59174722654283 0.110247221284121 1.66778481728764 4.04577986741839 8.93225129509041 0.377839633336962 1.98065037205582
1.64988278623583 5.9012659189819 3.23102303671302 -6.27609670568547 4.42932489623309 -1.86771362405317 4.82030265306583 0.595621200294925 1.59143309969925 3.8361888804096 3.0195078532847 7.65827012324627 7.90031682000571 2.06982131206861 4.19092393474778
7.27798927329197 6.30013057587507 2.89223373344388 1.8273217387345 -2.38527062601834 1.03315917431657 4.1058838062428 2.95473694808593 0.951406226320861 0.113985900938534 2.53331062422855 4.0215176878798 8.34701611415753 -2.19093961340114 2.0414331159036
-5.97238363783436 -0.185975996934475 6.0815975588224 -5.35940438151171 -0.944470009411973 -2.37064003130795 1.18134917955728 1.6674776356211 -2.48626302449394 0.0629027694104298 1.13318840126995 -0.50678189680636 4.30062727078485 4.71859993226981 -0.70952878831056
-3.66778614148035 12.72533449439 -1.65051580456025 -9.64412350606011 1.614999868708 -0.510281708251153 0.480329311442575 0.00315201929535269 3.35996337957015 -4.44598502921953 -2.56661916174155 9.64243650273325 6.54027480230038 8.00359328147908 2.75220577649341
1.36139855181567 0.671449180493591 1.42165404405315 3.25809410162082 5.20902136882806 -4.86799919947487 -4.7486966122151 -8.93019182042871 3.90455367101083 4.48306854015802 2.08476838462598 5.29306695688275 10.4296497251403 4.40434196365501 0.975903880176671
6.14379400813571 8.21437533487708 -3.18527860317151 2.58938727522375 4.41771532982512 -0.898815836969044 1.14658201875838 -0.0284910238058889 0.55133056518033 -1.87083348908839 3.13604609937693 7.63380714786276 2.96490557722824 3.00148342912975 7.73824539993924
4.24721183817612 4.18807842583599 7.99156933740536 -10.2852687106015 -2.02354610071007 -1.72208002728898 0.236875567665224 1.32121537848812 4.28439728379387 0.594364352481607 4.41935146347418 9.85779286634717 5.88162797430968 8.40164113718579 2.13517085870146
-2.66703281623542 5.70229463235076 -1.58797795171359 -10.2698276519717 -0.146532564826064 -3.9924878807229 -4.45481275308417 1.82929419956872 5.54360532088547 6.22862950197688 0.695491543943194 3.08622108500782 4.91689594292243 -3.20744314914113 5.22028657311118
2.66830901006025 -1.03625656138864 2.0941740799816 0.110362585810324 1.14663770202357 0.742720284011369 2.51743551451355 5.78466582431528 3.80257289356489 6.8130743352236 -3.66539942856943 5.73636729980551 3.78809884870997 1.29223615582751 1.06311130159833
2.41336417988947 3.20489009076031 8.84048190897673 -0.593409376427455 -7.39142811552104 1.78414530305428 -5.24039979187888 1.16717699524705 -0.909401834980843 3.97425265141703 4.79236622106825 0.98673738076996 2.97606712104361 1.55288550789799 3.98928693623458
3.90754318264184 5.08210891185854 3.47643256971959 -8.40267848621168 3.44428969148963 -4.15772137543208 1.30741063760043 0.599790636777161 -1.91704875196414 6.7157613451896 4.9269556435068 4.33446812874339 5.87710473087262 -8.6975316807807 4.26928110035266
3.4823939294396 0.933200762750571 2.56922517363957 -7.81966724759385 1.80157527158372 -3.87268946177935 7.18993006197298 1.92142509932429 2.5119603764129 2.98324183367343 4.99696090496951 7.82965063576679 6.94707123206202 -3.60714103840105 2.08444506650209
6.42152692028616 6.7969291336781 2.07152801297324 3.37943152748179 0.986444187052587 -6.91141186664788 -5.3060648740846 -2.64022915456302 0.0229394795493798 2.9983662509406 5.14446008999918 0.820062768428399 3.82170709409271 2.16525421268507 2.30165370365193
4.08003067637678 -3.27398352582445 -1.69846396185232 -2.00368746687876 -3.1986502084871 -3.73440214727758 -0.491415344983578 -8.59813267332368 3.80865583526788 4.15526006194827 -5.8426904928786 -1.40506738927981 -5.7621246031717 -0.821401495502267 2.0763660540503
7.15196056004637 5.21134641887104 6.79369081917208 -5.12922761026448 4.16058525249761 -2.00467869994132 9.17889167218288 -0.993672309016091 2.23366792655787 0.884470683978326 -4.85687492168071 4.86596162643005 3.56003002910161 -8.14055399727885 1.39388594484232
-2.15427703342458 7.27297172027116 1.98008631734124 -1.82635834958108 2.58003298193545 -7.95738405365752 -0.841166839142039 2.30655955147133 -0.895772056333544 5.09918395581949 2.74758567198045 2.09751112801753 2.26637070619527 -6.43189556627384 1.99509151372502
6.55641787197673 0.0772680683684644 -5.55585820709887 -10.9708120480376 -0.886637583518812 2.12940760351937 -1.00494736321818 -14.0777437139957 0.515853978111748 4.69037014088695 1.58176171732764 4.84322855908615 0.725338200378657 0.740900969518191 1.06954045945122
6.52448474677041 1.69869996490949 1.46943048790559 -1.02505654876561 -2.38667208924084 -4.70538605828021 3.36170462398892 -0.439905363092345 9.27339045831149 -1.38992644918437 0.00517009319326434 3.90453258014975 -0.207127714367517 -0.323176028125094 -1.77582508332059
1.55882181035312 -1.90222880702296 9.59043777901738 -5.21736475756119 1.1784937547185 -7.16854014487762 4.24347367879257 -9.87203063260466 2.20604526308467 5.44240675907796 4.71328863538251 5.99530145839709 2.79296398621675 -2.40484503818163 1.10716079001291
-4.10486793341189 -0.155257227874369 5.4350906387975 -6.65341178120238 2.17587130656805 -1.29096849918352 4.94295019848555 1.28970786903222 0.942577945604748 5.0458823195873 9.70454998626574 -0.586944617568998 4.71930673766526 -0.471958374126788 0.690713329568771
-2.76944708122688 3.46781192264516 0.244519766127823 -1.51892975192955 6.33333604668984 -3.91873514938215 -0.765369415613498 -3.89249244535413 2.83247274337732 3.42235514213486 -4.28250839216135 4.79637438455043 0.502284952045401 -1.37228345036025 0.938644162608895
-3.79953823802341 5.56068440027227 3.23773837967335 -3.51021953372818 -4.59333852092624 0.546402628744951 0.0606334730169091 1.52637082052417 3.13797936067048 -0.406878393728604 -0.350872427664062 7.09906776498215 8.23874329191067 7.97918997266242 -3.82997864415557
2.44374657689271 -1.60711150811662 -5.70345795044551 -1.39175394036422 -0.429268101989644 -7.15821663440815 4.23731546305167 0.0015413027716612 4.35587321903217 0.262923443093177 -0.442962467152678 3.1614583515194 2.90286054644258 1.53773509690338 1.88078439636479
0.434125112890482 -0.545454807385271 -1.82516839529657 -5.45146422979834 -4.33101580072757 -0.00922323671308334 -2.01345440176766 -11.0236229482724 -2.09892969529305 9.01718771026141 2.27054935843835 -1.33967108170153 4.23583966058634 -0.0975984121410459 1.46406196432035
5.95229684597638 4.13967948977387 9.70046298887135 1.61171835895352 3.88018964949354 1.93876323952724 1.19884646054385 1.93754516194006 4.71612726726861 5.11807144832723 1.46654025157906 7.13133161515867 4.20906929175986 5.63867912472566 6.45326766535219
-4.49747576844767 0.906283702446302 -0.228107939266509 2.41562786188269 7.22776306742599 -11.1776924482351 -0.893310296624888 1.05148570384608 -2.07679397368755 1.57366035841418 8.07402582544222 4.41283810263619 0.144816961311882 3.03767812030463 2.57099222855333
2.62893888201722 -4.66996811837767 -0.637429913958683 -7.34579422416259 2.07440582266101 3.33632513598581 4.32709405154703 3.16971478940678 -0.266244423013485 8.74354030968022 1.58867440913441 -0.769978368607389 1.31580531926787 -1.34955965916947 3.44092231415676
2.10719949958354 3.57251455834235 -0.509436262718203 2.54336445770387 1.33305397082257 -6.35323015514288 2.421923674293 2.81454554964427 2.79051696590968 -0.458437126347176 1.62894708121596 5.9112411899965 -5.23667229256543 3.56253090470034 0.833080841021058
4.69665733766328 -4.05149955740745 2.06610934134327 -9.93991292532388 1.10351789106274 -2.42754056185278 -2.49302944249621 -2.80095281988099 -2.34899904780483 1.01025993367489 -1.90052526507086 0.462647845352221 1.43624008659115 6.70406850962833 0.759106112319957
4.93233590897175 0.53134018518609 2.68810366479315 -4.04491027052334 -3.27121283161743 1.36332321264172 0.188901483279364 0.215100369721452 3.22175468208116 -4.62517713394975 -0.504981498575883 -1.98237472330413 4.17895336550817 7.99998988099562 -5.52865762524327
-2.19421589812204 3.14490192048961 0.374619956547098 1.11239235428817 -0.852904738311935 -0.979397178735031 2.30148466195842 0.591377609572044 4.91021583147442 -1.71439115413655 5.03232902286534 4.99652712001748 1.92411017283094 2.36142485847658 2.47190547342749
2.85494070795735 -0.695883656165651 3.11210417076627 -2.16421282755983 -4.0728273757579 -1.71054466295242 4.88963284112963 -2.78119645443449 -0.474198273163722 -6.37305465901741 -1.58741412260883 2.07272147115434 2.57531375186228 -3.35295037855196 0.931058523643655
7.0470876925738 -1.5624072891089 5.01727751305411 -9.79597109800738 8.73051999465576 -2.49840335573405 -6.79085655446248 0.381294228388775 8.66047796306187 7.81938219168877 4.41350975398996 1.69707177024705 1.58764368311685 -4.62149367156933 1.23816043012545
6.5459833841461 3.3630786093735 6.77113750380757 4.32773048957015 10.7020247848743 4.71154414273862 -4.13481787401341 1.93404219290441 4.94763875073133 7.38547409587851 -0.321236879248185 6.88908707610764 -0.435508898232308 0.171465920830509 -0.122540914467216
5.18464059447261 1.35613040215049 4.44433433052648 -2.48012127175443 3.26744621959783 -1.39046589663126 1.714026890672 -8.0523545414853 -3.59359783023516 2.22655451644168 4.31319958973156 1.91982472013514 3.91087586978014 -1.10417741101421 2.30111729679165
3.37150878834008 7.85404996440854 7.14777177647693 1.07567568450601 1.55828055108626 -5.50596200776672 0.252614545313435 -11.3960634738528 5.71483914790544 6.87647471824288 5.37828866691488 9.64144120338957 4.61928709336867 -2.22560426965693 3.86564430992016
2.73449237629003 5.31593292430101 3.73901969336852 3.30042153104828 -1.01424564951302 3.74943258040378 -1.3104108371043 1.16988030440629 2.45240467980096 -0.533561998533421 6.8648571582068 4.71230710616401 9.40574797626503 1.18296418232841 6.31583424348065
-0.815275035356491 2.17626288027282 -2.74980990894346 0.3408284324212 -2.32580443713075 -10.9025090269531 6.21362974529059 -3.88023481531648 1.23171313760141 0.585988539600548 5.26117880545902 1.85797081007901 -4.47989147367488 4.47137306651392 4.81948514854076
8.68883219906926 -5.20870947447965 1.51478179021602 0.71071735508129 0.227033647502142 -4.8521183164753 2.01822151284978 3.78542558101713 -0.994518083289552 4.07654073724673 5.6377027709348 -1.31927791658474 -2.35842144596255 5.26308758152462 -0.635121534786583
2.00602973225732 -0.777867364861708 1.02861132910681 0.764250074116178 -1.1851945825711 -10.2115487330828 -1.33308486211558 -1.48186236163735 2.64368733250345 5.0185400272497 0.055372470296783 2.77185159942137 7.15206990435055 -6.10265964749532 -0.241750057413544
-7.202126158442 1.66361609546858 12.5249499908347 1.71441029015813 1.62327465517781 -11.0001050438145 0.685207856187974 3.22568205281184 0.941513514948433 6.63550207486508 7.19517992792619 0.795673890010203 9.65085783239472 -2.02781870169451 1.55227324931472
1.434937676837 2.27163810701488 0.904015553303166 -0.458713164245673 -1.56510496683263 -0.940792508255652 4.7257902621896 -0.272799332288616 8.51196098368983 -1.05011111262122 -0.630827150668104 -5.06704871283066 -5.26037690616369 -3.36365957435057 -3.7041207932489
4.98472706467974 1.98808316644392 0.533545139381905 -3.3658395191685 -0.123760170081923 -4.1638878834015 1.71663615544085 -0.936373175975624 7.03754492891803 -4.49611239586678 -3.24060367449293 7.59500722217935 1.61379702666191 0.120587341136783 -4.87415429470561
-1.81164141015782 -3.12880248199722 -0.680470129871596 -2.25949867897489 1.82990264679709 -1.18755104662035 5.41756962262069 -4.44986426349814 5.85345196799562 -4.0861432869449 0.0943276822895416 0.0924003255378834 5.63102613635861 2.59141311519911 -0.846686747354165
3.35386801937505 4.64365942152668 2.14404201813003 -1.88121335748438 0.922217052414172 -0.365712882247243 3.86348287903528 -0.800122558608624 -5.25143926079342 -3.35264293937544 2.12734722774274 3.63244108566424 5.97972583231039 2.02280063661228 -11.8709309634772
-0.0520139381175104 3.84066969280568 3.28148582714689 -2.41874902610702 6.53620262340941 0.763991779765358 -0.681726821352528 -0.287843678905255 -1.79708110024045 -3.71170092966927 5.97494196856439 5.43034406817213 12.4988263746635 4.61308255491845 -11.2101295798378
1.74751516631401 1.97482972922146 0.31595445042835 1.6919012644893 -6.03490818516339 4.73797687475809 1.17005129586302 2.01591229607188 1.5792592290289 6.234529573474 2.97711485541571 0.128925197518035 1.83879276462795 1.40925301385022 6.40401283862663
-0.340170358485285 6.54593407394759 -0.651065905479332 -0.850201408035097 2.10773770375705 0.366288187014804 2.25053761816178 -0.651574248792411 -10.2678254089192 -4.80551166232472 -5.56285634154605 1.47262073638827 -0.708685390020761 -3.72506853382429 -1.09119453243643
0.64932402251325 2.13423369755901 -0.978699631018096 2.35788311124667 -2.01803499987781 0.429008610831905 -0.40135451684015 2.1739283363779 -1.64706675347587 4.9187998209691 1.25020048086063 1.90710156513234 7.51669982125819 3.86917108574976 6.44425419296543
-0.900051607287636 -3.98484572379858 -0.841266616197663 -0.508280936483214 -3.96699943775768 -3.60795154770966 0.565996439302251 -8.60393143843117 -2.96417411898218 1.37758506566592 -3.82137872511052 -0.80098757653369 5.27152614639977 7.35826178983048 3.43593594116194
5.10679956167995 -3.11881856464293 4.90361170191297 -1.22795515300106 -1.58997612381203 4.23691077963256 6.37940308893664 1.79542592124043 3.37955817499063 -1.30163770541778 -0.910603769725355 -6.1260544851431 1.88122125124407 -3.8350654874492 5.50795603290766
5.13100028810486 0.87226751001463 -0.907050711501815 -0.908310065717946 -1.81214300036873 -3.36212720748797 2.07291734041043 1.78863510833203 8.42969627011838 -1.92999544652909 3.49967289597521 -0.502702092778711 2.15072296216097 5.26954522391528 6.64053479256076
6.25704668979834 0.734006318440037 0.91700754231808 -6.90839267040758 2.74271949858292 -8.50639310479478 -2.77081550180221 1.00929882202953 0.842296639407623 2.85045281386947 8.32586583355712 3.90998668963947 6.5887761301079 4.12939741914657 3.08446274038267
2.37686700379507 -0.959245295147606 -1.28805320470415 0.933191979359776 -0.756429704891347 6.39427132027297 1.24343058933137 2.06581816023546 1.0527162301962 3.7072493444926 5.54786618090258 3.325547650549 6.298554699476 1.50628666920423 2.88716466212369
-0.806856789008074 0.205517666111624 2.17310889178503 2.98307210235479 0.865811645236549 3.10842517115863 -6.449240558141 0.688100229908398 5.78050115891085 2.16721678961178 0.197852702033654 1.21573808529703 0.408762071055917 6.67012381526415 6.00282529573515
5.33922334021037 2.61056053974939 -1.94589209920352 -4.1351219690662 0.451802022187941 -4.96858936769411 4.30777852809665 0.341453722593244 6.9210786917469 1.44975886907267 0.562255951198858 -1.85185080031506 4.14119418223605 4.37766706904309 1.71609250063296
-2.16259993567593 -4.15856897271527 -2.85000164983252 -3.94041449382738 -0.543499173528469 2.88911685935769 -0.615047095436082 -2.75252113231523 -2.09672913971416 -3.53097314668722 -9.66937159663766 0.0217139415735437 1.0920120202604 4.6292299206635 -8.2265848026804
-0.725071645539737 2.41070188517857 -2.31907813478156 2.14836822146833 4.42688781428732 -7.6548483782135 2.9401975513955 0.440684075578402 4.19531881545514 -0.707627013737699 -1.62415195654748 3.15353159210823 -1.77901512851409 1.481663825404 -1.87743801089983
2.75071353560601 3.62269920528737 2.79731304546808 0.310308422205248 2.08157193938023 -11.4180375326766 -3.50148910553494 -0.926623500432952 -0.2911469743828 3.60857654303438 -6.18980745046747 3.56446782399093 3.5439466962142 -5.21745896440259 1.83120307575341
7.98755055076 -4.77438079478213 4.33159398221357 -0.28594584565314 5.09630940582023 -1.59947930537908 -0.747832374709064 1.48818705664104 -1.28849811167256 -0.566059449378765 -0.268899785362347 1.95330849092452 6.38597912199647 0.205801170903668 -0.452161041207813
6.54718714408273 -0.294912481047946 -0.252005571506581 0.47531437339865 -1.75020068898505 -8.41127518648028 3.25850631736678 5.12184535248957 2.45657770227564 2.22576470995335 1.8022931214969 -3.49478658438188 2.01818453757833 -1.19791214525301 -0.0463773265691104
6.36211397416778 -1.04068640168208 4.60299756567638 1.33283025861712 -1.55235956632333 -5.74524088162858 3.08610873348265 -7.98044830768938 -2.70814364849813 5.11941727515361 1.39244364608153 2.46951550779072 -0.31203621921227 -1.20727395758233 -0.3429079898334
1.08158470175864 0.551416049217444 -0.90025731222084 0.535977765398046 6.28372931197632 -13.021926387206 -3.0061797407043 2.81406692572767 1.75895166118142 3.07876032517874 3.95595952039114 6.55553824866111 6.67963331937867 0.158401221788128 1.46714995901373
1.99051456857686 5.48239230117118 3.3575746460093 -3.12131959173833 -3.99293760575986 1.27785595331541 -6.26781669823911 -3.68024675501661 4.18450346784731 -4.17815685259651 8.40139061656425 2.84347018410346 8.54856206762296 3.28821461997818 -4.33416767643263
3.84596765744097 -0.404421933981608 4.59243726851349 0.415591629531326 4.32811138534125 -1.64696230084956 1.34163661103397 -0.645412699132619 2.88233513264495 -4.87741387269879 4.04460391886501 5.66850316798325 9.4149249342038 -3.60714641994708 -4.68073671381347
0.3466361295209 1.23130774408503 9.43199003023022 -2.30247760815264 -4.33498852219617 -6.0950339709011 0.801421592441823 -0.340212956566338 1.65566357956576 8.53608251835687 2.47607861846574 4.88216370031937 5.8284737192751 -3.40086686744216 -0.358695652166118
1.68992203013139 3.32858456411553 2.9914129548469 -9.42695816886562 -0.533910199427274 -0.516816805361307 0.584533529224591 1.72568815448258 -1.74308137681126 1.05456860093351 3.56867701126131 5.77124781292433 5.78570307023942 3.6847970796152 3.86080942479804
0.268138734090105 -1.74752327165643 6.07772123914394 -5.99520683599411 -2.51313698134663 -7.85832849502586 4.85350735745372 0.120432379685726 -1.83104169079292 2.65003178020246 -0.476782406862009 0.798613951794167 -0.406984969329928 -0.656461804976224 0.823171853916481
3.48261026379942 -2.91028122966807 -0.357963419493343 6.54609380215266 -4.43660860382484 -2.03688068355352 0.603365350729639 0.79824184702975 -1.30811358812628 1.13164327205245 0.595144128203764 1.90169575135228 4.68610849139107 5.08445691006503 1.32988464627854
3.22222491947647 2.0665172557248 2.49149764823859 1.62120472569723 0.0360963429959165 0.335279896501926 2.48144125043056 -2.41820843112263 5.02213617095521 6.68788336527232 9.37220869839645 5.09742175798864 8.69809387932216 -2.90162467420447 2.43200028388733
1.07432503199727 -4.34545448409475 1.7409608805783 -4.43960302942073 -0.835494739709139 -5.63834113972855 2.55934320584818 -17.9710172913502 -1.24460825353759 1.85330013139662 0.176532753282647 3.43873164881102 3.80809161631509 6.22042533566613 2.06639556699578
-0.158091391911262 1.89278802826184 1.04973118998616 0.592943975085431 -3.39515175692482 -3.95515378541027 1.91050286876279 0.67714383739239 -2.91338930063156 -1.78733809840073 2.71725105957999 3.10802133736775 2.67856524133041 6.35192594315524 -5.543232984678
0.498515401444524 0.0712674634217442 2.76941718129266 1.8006625284485 -3.09213107121458 -6.15816566151893 1.78838941496473 -1.79068753246544 -0.3546004629078 5.10534274592375 7.1827886415055 7.63070656045951 8.33054549923251 6.72953587647538 1.4097869438805
-3.31355981984857 -1.56034647394459 -1.87367180985948 1.61290756777521 -4.43450401940872 0.4247332205925 1.37795480281619 0.0803157976013804 -3.68896126707081 2.9018620013924 5.591485221931 1.69876276145223 5.19720439016326 6.36648311581002 8.07836633927715
4.36296707906587 -6.27454713397916 -4.48100073488437 -7.41397969425458 0.498560187519971 0.526653320668694 5.62955686478016 -0.513331621682526 -0.751288444585296 0.535723340584055 5.54856408172535 5.83445487524271 -2.48455188409422 5.58194362475626 3.69322640940879
-1.68846862881745 1.09546981110184 1.2752852769096 1.57627647518164 -0.976180037485228 2.20390773107728 1.00323627813451 2.71640318683179 3.99720294163583 5.59577599249232 6.64975733510061 4.54611045821507 -2.0533565746135 -1.61514646458066 5.2633678914482
3.03285463906371 9.12252684879292 -0.787153013927692 0.765759839884459 -0.460875592602372 -12.8922130519795 0.55654402306646 -2.09012369872236 5.00562094183914 3.31740754551851 1.96154702761436 8.03309235996864 6.54250924712151 2.50136786553432 1.07309374135039
6.14125408375551 -4.05691371503348 2.09089451757897 -2.34642374223964 1.64540950075125 -3.72103150842379 -1.77648609259433 -5.62739633362817 -6.9431873631158 -1.02771747428767 2.58407252607732 -4.0385794800661 3.70462607481712 3.83528936161659 3.53133900734883
4.80194898958332 2.53974619116511 2.94136860773257 0.167978572296603 4.93682095543393 -3.12856943877702 -1.53125224813186 3.76522533569035 1.89464553486113 1.53505519094044 -1.31798301856159 3.18115558677168 4.13931349909373 2.11023210218967 -3.77928220203353
8.44236529735518 1.66318585332186 -2.26984931009051 1.74545824102746 0.163768463668285 -8.381623024833 -0.115945457230362 -0.664675961425849 1.68466979246708 1.6937190057752 -1.36498970391556 6.28785798822685 1.11356001788808 1.16928727405838 -0.26986358559205
-1.50233276763546 2.37675743197047 2.1004396320684 -1.00607433431835 5.29790897806754 -7.8357933760884 8.83983417389788 -1.16258658245068 4.50100191563879 6.53368534774005 6.27929135347216 2.54000656551926 -2.86740996354133 5.27839025584134 -1.48410617020763
-0.0437743837498168 2.91687162425804 3.72655817988754 -5.30839560381032 3.12152547280642 -1.13771857485602 3.02247465976681 3.10818950831439 2.55753956434644 4.92758134924871 0.485614233568699 7.04953276127411 1.58289340174159 1.47048542924934 -1.6390870989128
-5.74699582055407 0.441224254845824 0.576329590555031 2.21134166826597 1.82443023139388 0.97966821407265 1.53705586237424 1.33024811868053 -3.9115591012411 -0.863641051386562 5.71334927050853 -3.91345321585731 -0.0803337746370834 5.17864005826521 5.73627586332085
10.7501192162116 6.45356684742719 4.51928044653001 2.049034734492 1.76063223852446 1.26479371921238 0.0748189352709318 1.48449510098938 -0.362446633556163 6.20709367791434 3.38366604222042 8.27640830895157 5.28137832022907 1.31027103683807 2.13477580369901
3.11144106735683 3.84847679215309 -5.81568156863936 0.0359018391714951 -2.17556602287375 0.795338557390411 -0.556984838981595 -0.912601775672862 1.45884250279823 5.70656838831492 3.1599676875003 5.29465340016897 3.38168640733409 3.95700447885783 0.582254335024872
4.12045288060934 6.8887663999126 1.1206706097914 0.797623226126975 -0.12280196031363 -11.8293975073122 7.65361886894433 0.479318363447562 1.46515813696464 1.50733883741574 4.44418285283089 5.60438048437271 0.81897712269758 8.03450074784264 2.04418695167457
1.36626936892147 3.05487312761588 3.70714593360454 -4.82598163920906 4.53707892284562 -2.56619919301226 2.91652042439062 -2.98468064113368 3.0450265010967 2.41180037876377 -2.83060796110345 3.64487508533662 3.20489030800449 5.40601525328668 0.945824490083571
-2.46959564574451 -3.75711510645152 0.365893994962653 -1.25996954910777 -1.89442933688557 -0.0369047294934849 -5.84989877947948 -1.40809845840577 3.42672483177512 -5.31531725192912 2.56277535448355 -2.38068044510006 3.43139627502588 2.77695642990415 -4.94801659714918
-1.23860447215362 5.44670493250569 5.6350370879497 -2.60651074805664 1.26142192770721 -1.89073498344428 -0.986258301382486 -3.17815844700845 -7.03720526447244 -3.47194695579221 -8.7154492661203 6.14423397099418 6.9742035117251 5.21671630105288 -4.46843169407571
