x1 x2 x3 x4 x5 x6 x7 x8
0.514043284536519 -6.1930524130315 5.12754025816671 -0.284008928471204 -5.53894383057407 4.43207723449592 -8.5280248360892 -3.94241755480914
-5.53413300142946 0.891295308983922 -4.74771571715144 -3.26329588864952 0.498435961522065 -0.788297251515983 1.39617311027889 -2.40823259993041
1.47213332327909 8.97013332623106 -2.36819056867305 -2.7577987787379 4.51530556096009 -0.192290064938543 -1.56965999568615 1.38173382170304
3.96853937129647 -0.807825939666073 0.17644258420107 4.01229680643391 0.186079797995015 0.285975021768105 1.64505828829901 -2.20864519860825
-4.74863874255841 -3.84878973823209 -4.98580162583747 -1.56247425044431 3.52790371754092 0.44767988953942 -0.688903461887646 0.023173936087288
-4.12916274684254 -0.739481899079923 0.790944919020527 1.73474567629784 0.0745509009317116 -0.181305425945044 4.8082401680803 -0.742632684235794
-5.81872546985649 -1.35238488210205 -0.809338977307933 -3.64139198858522 3.58649874640654 -0.564454377507213 0.205725857565163 4.84987382326371
-5.6664001416442 3.34403383050715 1.95761819262012 1.98163290810511 -2.7347347178776 -0.481309287856029 -1.85352317975984 4.37193907431011
0.289126033279911 -0.429250620168239 1.07257918324423 2.79232382336687 -2.43086497726154 1.46190450519638 -4.0051317930682 0.282860595945236
1.03959232734731 -2.39913336416102 2.36689504812456 5.08625214860378 0.128730009577961 0.945119517138029 1.0226353636796 -0.411618055366227
2.94629707092074 -1.08275556420049 -3.06070178958489 3.66969319728698 1.4663223718984 2.30730167676736 2.52878312492118 2.27713717374608
5.05106141005986 -0.890148729095456 -0.609772631750964 7.68268683803295 -4.04806661786967 -1.81508210423646 2.0285876579884 -2.20363107765428
-4.58907047072133 -3.3320859364189 0.748375761982101 -1.68399729518896 -1.08049555227188 2.67276498866977 1.99452637473096 -5.68395105079787
-1.47410491108521 -1.99677088907005 -2.12887757364464 -1.33678609493793 -2.84149780102471 -1.12816003556669 -2.6755700167945 -0.621072276154619
0.641081115532542 0.719983457037824 0.337623476667173 -0.738138533122771 -0.997624781364633 0.0673205858289326 -4.2016508772364 -2.26193887316599
-2.68863550556152 -2.21622543396376 -0.434643388979546 -0.0798239755756809 1.63449243579347 1.77876264942907 -2.4862521557962 -0.665623919015659
0.832659019190714 -4.43397358095218 -0.421335169153855 6.51750234470921 5.39007443391883 0.373066770222317 7.0580061678956 2.66106853171416
0.747193161643213 1.14014026483332 -0.913023124732154 3.25919705074226 0.842559593380913 1.5078581172932 2.59636566267144 2.55196282287283
-4.03192893269459 5.40518103565906 -3.3125128294014 -1.98443491989759 -2.70446781316705 -1.96399312979398 -1.4542037708019 4.71687801799866
6.79921730920195 -1.93647326373463 0.758062377125224 0.444946333573962 3.16538743835323 -0.856423974963603 1.4467767135805 3.28776065853662
-0.941234233708854 2.38283268560943 1.19515878625199 -2.84502835110707 -2.29814024933288 0.422177596230563 1.0279346682786 0.664763108440552
4.91884965067911 -5.98928874264527 1.19017525379596 1.19863328766062 1.25217327661495 1.57165528185156 1.51973868982489 3.34117146265347
-4.47472397378434 -3.20433904277294 -2.11945391024993 -1.55045150618579 -3.30521472457586 1.46200912409959 -0.804678804216297 -4.01396228275518
4.04930778618405 1.99974367045346 -2.18458182804772 2.25801654957089 0.318389102131358 0.287866852421232 1.12241648950253 0.817368723641552
0.75337547271107 0.803418510789057 2.16728463722719 5.94193908985551 -2.27250174178291 0.873427845177506 -4.4967904411063 -1.07502426943728
4.37080640654155 -1.61931784343858 3.35476536300292 2.1268907911747 -2.25292821193108 1.91734096418416 0.186095373904189 -1.02733004558474
0.344511848350664 -3.01193530627212 -0.0546995050133213 1.56999151055995 -3.73418976224289 1.49653133723067 -5.77723180447888 -1.74520761369397
2.18059567341637 1.33870170879713 -1.38834339161807 -2.73927985371422 1.64969657538505 -1.76861487035063 0.33591595765146 6.01298254077573
2.51736330889063 -5.7604528603094 1.80370201398866 -1.20668948504319 2.7717705566419 0.933157771807229 -4.45275768901146 -0.861473457260581
-1.28428950798918 3.40372186098032 -1.18409378636257 -0.30501360265666 0.560132129261691 0.786511166553949 -6.36277139683801 -1.53649200343991
2.24002955608369 0.793077879706959 -3.16762193291108 3.80988079822196 1.39636696064625 -1.62973422684639 3.56639315978528 2.70009731047907
-2.98232586497829 3.88856402402446 1.46414748363691 3.84867896998022 2.83952468095897 -0.83587608069525 6.00672862322319 -3.455348133784
1.13652792829035 -0.708456677854595 0.0193261542461364 -1.13549692248069 1.28916031677651 2.46075660553026 2.54764117852681 1.9254292839139
-2.82843289744336 2.92013271583349 0.841478263696859 -2.17082318677071 -0.126613486132931 -1.31497101966281 -1.96908706705766 2.52636388145828
2.9091094475702 -0.759462821772243 -0.471303150954246 -0.324738273246111 3.62594766947158 -0.61759990974275 1.43638227705828 3.63362109644535
-2.1778510822076 -1.12506261728102 1.27158897029626 2.9105850002245 -0.631553775965088 0.802448701412547 2.17548907575496 -1.30491917093122
0.412801725110018 -0.049325361402916 1.79008538311478 0.45853532877742 -2.62907308705558 1.11790915862709 5.39897761542774 1.44421462428868
-2.10873101956273 1.48360126213341 -0.558128856618647 0.855252915513282 -0.433812180919123 -0.597927957103949 -1.88287534685964 1.63778919630731
-2.24445222062082 -0.0303515914267848 -1.14063110879126 0.675757589117179 0.365806281750935 0.0483118847487161 -3.77924705786439 0.450032108567026
-0.267476565844401 4.71010823670246 1.0242788162826 2.01574672569399 3.78888219905331 1.28460535551671 1.40706836710015 1.78162930321389
-0.216579409661334 0.702399301440186 0.639591588263121 0.897945094681909 4.33239195475806 0.0147422261653678 -4.023499786682 5.90877343654397
-2.09752418896171 3.99711387912478 -1.6063306260747 1.5760700786909 -0.88266519802916 -0.948176560119651 0.241973349671709 0.0506858817025444
0.359304057729812 3.24325221785195 -1.53928745851185 -1.0901515757172 -0.389143627914113 0.520302225696513 2.42704071166722 3.94986787452446
0.874572056647559 -0.82113996886611 -0.363476416134908 -0.127144591334699 -2.56734411174617 0.54674133066383 -5.45125087069692 -4.27869212766075
3.89726944088256 1.82804692772502 -3.34117413977761 3.69452408209857 -0.178660436327892 0.269010235751918 1.87840365845045 -2.16881646364223
-4.51450262511967 1.84656217713984 -2.01352734915139 -3.08944857802582 -2.05099054304125 -0.8707852797227 -4.87243238490519 -1.23386969461217
-2.11326178537271 -10.4189112452607 -2.06656449559319 2.02024707069069 2.35571687546402 -0.711033606485181 2.00239615335922 -5.12281668744025
3.02533225180144 -2.10111782408174 0.834445171039758 -0.513770444507605 1.54773063585728 3.14032254823521 -5.7704060227251 -2.16083558485966
1.60638981863191 -0.357497528646198 -2.00804943742812 -2.47579825300296 1.61903646731348 -3.35036899546901 5.84632867925622 2.90897870504352
2.60475368112071 -4.50654952662972 1.44230704581777 -0.527243023612459 1.48824718594022 2.21679218937658 2.20075933206541 -1.02844591168191
0.625557956420335 -5.36499209174195 2.32954523983178 1.16401445101967 -2.68340953285184 -0.820424254982244 5.81382776549147 -1.98758180156384
-2.26835147091508 1.36854585242953 -2.72750570225477 -3.00033659217164 -1.8927018122421 -0.326692013855503 -1.4880460051034 -1.48143713234479
2.9279028441322 -2.08743096485503 -0.627413403206391 2.61279637259156 0.533317097595856 -2.3572631096156 4.38207950838954 2.09076091211285
3.0621877241247 6.91145535361639 -1.34110132255123 -0.38267454027097 2.88872317726775 -0.875945703779396 3.19061137134114 5.13512941745265
-0.0979601060203059 -2.0354381101556 -0.338055970790645 1.19277121353456 0.7259949910304 0.698565967939682 3.62343350175326 -0.736493975052209
1.21832053086331 7.97335977508487 -1.05222851861172 2.41015245745026 4.54661504724835 -0.258716128168106 4.29267933465334 4.88197788939022
-3.11993399461729 4.30712177387505 0.72708839663122 2.47153336867462 -4.38753462343515 2.56384557856356 -6.51102053772438 -4.49043998302636
-2.84277589520734 2.47622726686427 -3.49186056702911 -3.05492946715442 0.451162752335446 -0.820239645930997 2.11413695441932 0.38199037322098
2.52393490335422 4.98950988524867 2.58415323819195 -0.196196162784985 0.681464212474521 1.84644341724843 0.712637457608515 -0.485792766848342
-0.859933358847693 -1.18090430069397 -0.106093404429254 -2.02550162752981 1.8429765097852 -0.376041553093794 -1.09879542745299 0.723907245079523
1.37380916847876 0.747096616572538 -0.340630794455786 3.03700341099911 2.46291273671581 -1.48218574368053 3.50109526075571 -1.92191650384912
0.609943848620188 5.8909265811111 -0.362366655364133 -0.484461675174041 2.69694401816618 -0.741829352663043 -2.77851513724421 -1.97942625509317
2.54595853551567 -0.554868814387027 -1.01210535899516 3.35952696234522 1.23716195917704 -1.21348159077911 3.60842158614884 4.09395876670842
-2.45718051356747 -4.02798357480219 -2.65572903401534 -3.19325769529447 1.78290957950945 1.39922740671595 -0.282734094527303 2.81736984474971
3.13366802096271 -6.15305458099206 3.91953784881472 -0.436479968643031 5.24869398168915 2.90117931262102 1.11235194525134 3.73586176287108
0.817456796112153 4.07395335422299 -1.19926869170271 2.53182535979582 -1.64837309831176 0.464097708722912 5.15963777237253 -0.677916583073428
-2.60796942668084 1.97442176528109 -2.9798944370668 -1.88958723090135 3.14413133005853 -2.69857298621273 0.623011522427528 1.86747273168429
-0.729593325613817 5.16403040227134 -0.69108174995705 2.62758030974267 -3.26685019022964 1.49543081903929 2.82980115517794 1.89206277101103
1.95082744678056 -3.41579052266016 2.64279429540138 3.80303706798545 2.58899303443481 -2.86460430940084 4.5787218217331 3.79272787130861
-5.09182757323604 0.956885913662031 -0.451488890011539 -0.11217535283816 -3.60899216890043 -1.81701054532793 -1.00837491982312 1.88868252951258
0.613881747547644 3.71612029101263 3.57653952360128 -0.866011684798289 -0.245772326625451 0.229424685353914 4.04318547218931 0.497760977682779
-0.862751236424863 -1.07240213571457 -0.75485273785053 -2.85917417743156 -2.690889843882 0.355868031187409 -3.69609827330203 -2.89263516002415
-8.51146273523553 -9.66984146783959 0.273605706356952 -0.249874681287517 3.40520355798146 2.27293981305127 -5.57807290568057 -1.82153421409434
1.43014217952752 -3.7519103168182 -2.00309784321954 -1.33249323787486 -0.457313841151813 -1.26512396956893 -3.82431030356096 1.76808896341363
-4.83967046446797 2.85091594602414 -1.60641890809108 0.109198168156003 0.220923114760798 -0.799562146644325 -2.73863629126073 4.46646559518391
-1.45057968138364 4.65703109694028 -2.2274333233821 -4.19384195434537 3.64386898033819 0.940146530385109 0.963885500852726 1.22102931630448
-2.39575440129783 1.57237217784524 -1.40198922523672 5.96986182983367 -4.76149714909987 0.065788124017354 3.4076926132157 -1.34042591778973
-2.25343902772499 4.00406667545001 -0.421421171695625 -1.86086789327093 -1.30875961302531 -0.159990178870039 -0.350129326223533 3.84801380137427
0.174380057998246 -1.99956208061117 -3.11406272371226 2.49535318602008 -3.90832426390195 -0.0838290338812203 1.15704631489106 -1.46181752224809
3.18100126209485 0.761468531935148 -1.2562364931585 3.01055306883055 0.130867646577705 -0.69236886269187 1.05169686346376 2.43258734499061
-2.25004073848076 -2.05294877975755 0.419045102666857 4.09505443120455 2.18441238930148 -0.60643028626073 5.98236345326286 0.283493783983777
-3.07923464813004 -1.28834487666722 -3.07594373871131 -2.25063823871945 -1.94278985248161 0.593880131919622 -7.04096765158321 -0.0912470651912494
-3.48854847915194 -1.27336780530005 -0.647320619955725 0.488870769167552 4.32633169532242 -2.49829473428139 -3.15906445249153 0.866480294885307
-5.50332959476171 -0.599257602162998 -1.80876806665319 0.518416497389095 2.61033138296151 -1.12090909138141 -2.65218804094163 1.93716995278454
-3.01985798975678 -2.23528062468705 0.547043491670628 0.728397956899256 -2.30053366007034 0.0395479853351349 -6.18860115552281 -3.21874429489389
0.880841513346887 -3.98843211594036 0.0605793638394878 6.8452129373258 3.57758125805841 -0.417632553755712 2.62489007844369 -4.22729850932675
-2.51919245087982 -3.65685851833496 0.326605993620684 -1.23226197414601 0.442049043917781 2.24225817800865 -4.96739252361504 -0.650780027042163
1.28340892176787 -4.60949210854985 -1.97348634842602 -2.28162080374018 0.446520112555901 -1.69029162660982 -0.440199337231157 2.1530931163353
-0.50392521665734 -1.84492212334563 -0.471149654094922 -1.68889341860313 3.58473940537828 1.1286007022066 4.19276337520509 -2.54877713125035
3.43724832576689 -0.336394230793409 0.178319682254405 -0.710343378943036 0.176654427725721 -2.09946342352614 5.77840344270905 -1.35726816972059
2.0854294710065 6.85670353773731 3.53417029212699 -1.92383625510239 0.548332714546823 1.26688841823707 4.74871056271006 1.38694264902249
3.77486403596652 -1.9155760941753 3.09932504144419 1.43925542737452 -2.1271808424896 0.91846933005262 0.7494148472775 2.1252824955305
0.467582326206897 -4.33191940513386 -1.45527278064902 -2.9791357274108 -0.546560641658803 -1.97212151655466 0.063799536843919 2.1002462054683
1.99140070701963 0.375819217869368 -3.15798377796684 -0.959947366779693 -1.23044570229545 0.904930001778095 -2.99760878445679 -1.50981983634959
-3.41873394571968 1.57582304570932 -0.872755443927719 -3.26370985594367 0.395942100751006 0.222887422335483 1.56680334853181 -1.10643391142
1.25427789339391 -1.38610695565944 0.427714811495309 1.14066533843969 -1.8965029460403 1.08631959639603 -2.15703027564312 -2.4762808127618
2.20411238044992 -0.157302980066929 1.67491944279606 1.39215868858868 -2.7132661501777 -0.782161072818004 4.21871416726855 -0.653586254450466
-2.22782890228552 2.17739654927568 -1.71004601557372 0.0426206218894543 -1.63923850007122 -0.63939457085855 1.91944939206 0.263598625207659
1.82979100963746 -4.72637353084286 2.29811381536558 1.61854815194613 -4.2905634947198 1.30258508970581 5.13552126979474 -1.36217629552259
1.44306556849014 2.93914948805347 1.19269109769771 -1.84065926674647 -0.259886959782389 2.46803730645086 1.35006055464582 0.603075718122452
