x1 x2 x3 x4 x5 x6 x7 x8 x9 x10 x11 x12
3.92367704504522 12.9518247303524 21.4400854877576 -4.27674517317035 25.0810127557476 17.2675097672299 5.91077276219862 1.01028951539786 3.20676019222709 -2.62012112736273 16.5274325670313 16.6986181652418
11.7053940105834 14.7916667304043 23.7179585899354 -3.62205199155797 20.8019657884306 18.1587945923834 4.77463277620655 1.77703998419845 -4.16927678017974 5.69455709293294 2.71460436387169 3.68043768292866
0.0420316114799082 -6.61086953152174 8.15319731985266 22.2328623047711 -2.2135671562954 -3.80757989648749 9.59502403048812 11.1358458057968 19.696561551496 14.7454680779023 13.3386192586041 -4.95948809814582
5.72396891625668 11.0242685501412 2.71002841523257 5.91547440585477 -0.207497679625237 13.405897782909 1.02425553086842 11.0327256070723 9.63302845750065 -3.44832214216143 5.25181106365251 4.0131700995828
-16.8514798750448 21.3399084398194 18.6744449041797 26.2702909389884 -0.408507055944374 6.44323673815476 16.8230323991112 2.08577393653527 -5.80901473025854 2.29397886979205 14.8779217420356 28.2565736056949
7.85683028143804 -3.64947338183519 10.5922185270552 -2.94789089799287 12.2744823257345 14.1942509394994 -18.3607978383232 10.198592280139 10.8752469291384 12.9450171503592 8.26869746241162 2.46735699172617
10.1154071131169 -6.51077559797783 11.5522588205786 1.97932109565806 3.14208946073107 -7.51610428092672 19.1063982651114 2.68171510631519 14.2251356910157 14.4612066538898 8.82838371479138 10.3959504734586
6.653207737541 8.52939114060355 2.52905141960336 2.42381342381311 -3.29548864656078 0.78804793285721 10.7454753065741 10.5442395677352 12.7156659347286 19.3008017367081 1.95414033387168 11.9892736677359
7.45928927636839 -2.55751970573301 31.2253583887682 -10.5123006485528 4.63086531083058 15.9285694199195 18.9793562361261 14.0330078266044 -4.00028301011704 2.66763335126898 4.84743851688449 -2.21084906190834
6.4997456535242 -11.3932581625071 15.450951202276 17.3139386451438 19.7591139373897 -3.72686652354044 20.265324331145 -17.3085813001469 -5.27945955402526 2.69581532042122 -18.3759239007689 0.410146623078342
20.2779459713795 -4.58885073869465 12.6549367839838 -1.38300647179604 14.6731868228008 14.1810969040017 4.64528098668436 -14.0586794177515 21.5628856722483 -0.555373105607337 20.0237312686366 1.698290568315
16.4230118046447 26.4463113190735 11.3119329719231 7.55896202111775 5.06559039407487 7.12049514241782 0.424681836878689 -4.3192191141406 14.300463520321 3.26329245596092 18.1469937382518 0.236783484174492
-9.25538440189302 25.8491115286334 29.9001950203736 5.71413773034841 -8.2766264239806 4.70932223511848 10.4011477092099 16.375084095577 3.7225324723259 -0.215351262017568 7.03721135565136 9.32199328672946
-6.80029352953801 -9.67775206678425 20.4687603816539 16.1354422592109 12.5334449116835 -8.59603566741766 2.93152515607462 6.01944729307171 17.3967779256662 0.38940949528633 16.1345342153863 0.883323016333657
15.5541667375486 -6.37741343134023 20.5372774787592 13.269444488968 22.966242361896 -2.50339013363898 -7.87394061948467 5.37267780819326 9.01210073715514 9.37720163113014 19.5967851555067 22.4345260392582
11.2860465523597 -2.03720180114205 2.72858015835393 9.08757433609401 -0.260290551535569 16.4439375597662 11.4590084899292 12.2732846780663 -2.8572680965077 4.34936139519283 2.69133264690205 4.21258248778953
-9.7942240543498 23.3419551602454 22.4202251136603 -7.2991471588086 17.0475115320405 1.85155231188484 6.3867091832507 21.0928567168487 -2.40083007692953 2.75748924524222 2.81151544721237 5.14928781632416
6.24747886287175 -2.52595827182194 8.97057799256771 -17.7724320869218 5.90320488148028 -6.13596167808805 24.5664636817318 17.1676636579178 -3.24548776724662 10.2778011475263 -15.9668346138737 3.34855066158911
0.995923649819254 8.8461118874287 10.6088975966008 4.57893898852468 -1.60060898632452 2.63860141399237 -0.0267097882351965 -3.088506942349 -4.68984728012603 -16.0743882931239 5.36226652037687 6.53113301815468
10.2831455622993 -3.70886690496943 -18.7396232921335 9.56066983083118 12.8787084142794 -2.86658888621414 26.1016040622364 23.0888020196971 20.365107914184 20.860450394709 8.42322767393184 6.94548595128326
-1.9060266960165 -4.64075133044448 9.85223329099956 8.84613223092067 25.3934515612571 10.4366742980101 2.90555433897936 -2.19933841477554 20.2924716398634 13.2415700457583 3.88311134511696 2.91480032039221
-4.04003047998117 27.0817387950031 2.40631048489192 6.88999688288021 20.1196936262278 1.70575186319915 18.9981363247017 -8.9213167770926 9.97895653983167 13.6649498500267 -9.51734231014788 10.7672575144636
7.30311672705525 -3.84611849323587 13.4265292895203 13.7849464553733 -7.62212144749418 10.3925887907217 5.48157369185791 2.52591514495906 7.95224593598861 6.82278916041413 4.23173281700949 -5.12921832015885
17.83558434319 15.3029724944227 0.733191696051334 -6.74361343366569 1.77160267481707 17.0649462209965 -3.79600410519179 13.721775447798 -1.75798495184191 0.537268451002044 1.92206979170487 19.7599092453154
7.89518565040216 -10.185940458952 13.4995882993061 4.42939493534643 11.8956257286525 1.6294899334074 15.3578124558653 -1.75393060719396 -4.30206329100115 -4.34925900398066 0.368467250993255 4.76539398749931
1.16614835798981 3.9967794078304 1.70792425260227 -4.01669392387374 -6.35338825923912 5.73219414529575 8.61065198547101 10.120259317763 11.2508370867819 9.94821180969436 0.685149875934361 -2.46489683667928
-7.64560682175977 24.0310040160424 3.11043465181753 6.82656674449396 14.8075464224108 9.99324070058991 12.5065087513542 19.8692457063839 -2.54243062887169 1.573540030038 10.5948452462253 2.40270835115216
11.4049091300723 24.259823963564 -5.42617325367786 15.1590672852587 0.995420465953861 1.72137164475669 0.154941817509592 5.04917297633768 2.01532628879299 -0.575251590923499 -12.9990833636981 -9.24674977162839
3.864059783426 11.6332876963636 9.62231398669665 -11.0741579539705 4.97203402690389 13.4362101307724 -11.7479645574835 -11.5390921546069 1.59870632140076 2.50537587774854 0.372484146473872 13.8852599120598
9.79566965122406 24.6064135430896 -3.35064968681349 -0.266239177735947 12.6026573052438 4.73765236844775 -1.44017982463818 14.7237966383495 3.5566296554715 30.637436630969 1.58175471696888 16.9779376672581
13.3586451690656 20.6220557939017 1.52177216399324 2.64008642521505 6.30134246221462 6.07075545794168 4.39430202007889 -1.3587802196729 -0.699219680408925 -5.05558189993412 2.91139543286808 4.58303458874532
2.20566679452314 -7.05434210019062 -9.21916800772069 26.8047371132671 16.7581030973685 14.3882234339508 -3.13477799283421 9.23735195393784 9.25070909332829 11.5160294540023 8.28269211869827 -0.13425090311429
15.6507678581343 6.23439179096426 1.33780035591748 4.99206316299173 17.4331020251027 -0.41111366860468 -2.74281370365006 10.6072661028452 18.6860797651204 11.295622933068 12.3067930220938 6.75180482422085
0.495564976588751 25.2059739056024 25.9825052854734 7.27005318964496 2.39100075780475 1.69527340989053 -14.4327255475324 10.4649341144822 9.27095004743409 -5.45998292055611 24.3013203716761 2.08497164807546
23.8742285264966 9.16019469987933 9.27208566269019 -9.29035717979444 1.75455131312267 15.4656680029298 -5.59068947924397 -5.78619240721703 1.69334626065782 -0.396618201623579 1.52554266183672 -2.31407090719113
7.551050530606 -12.0071082115451 22.5834920124962 11.4424726059201 -5.52303735091965 -0.175859580460126 6.31438277763065 11.5557771486379 0.933097862838628 8.24931657638867 2.02745226504801 -0.055832438074348
5.77877279731116 12.7194215282574 16.3055662619012 22.610960239988 3.63851969395427 16.1083097542708 -7.74985678258165 1.18552177260237 -1.07483620885888 18.5227398086396 16.1150815266857 -6.33143149225654
1.16786599530494 11.6677869864033 25.3016454335011 -8.32262149775573 4.25734341881465 17.7512948935832 10.3905904283148 7.13686199270464 14.21373788017 10.1359471586689 -3.56308793096274 -2.72486173408785
13.6219863987575 -0.845698271059913 -0.540058172478797 6.64767372482834 15.1836024508145 12.6336672629642 7.02322419310215 7.39757326321666 16.7577976585507 13.2547223547076 24.9763111551407 6.34531202976553
3.5423941279791 -11.1996918589915 6.09022233489335 23.7258772135906 13.6259753049202 2.95728559952383 -1.51843667072617 -1.11818707404059 13.171114900109 3.71146439666384 3.98630358400803 16.7080553918398
6.64547137119203 5.15690507684364 2.16958660956237 14.5403103429361 8.9953190407048 4.04033822506455 -3.21234893216692 16.1838016752064 17.0316110582897 -0.624909143118248 2.7735976652419 4.81339423318635
13.3735963247459 9.00737464977087 -2.9000737351064 9.45172932148404 19.2592453197796 1.09270283048386 -3.91407193618266 16.4299646564163 14.9943843511801 -4.79256819477047 0.485363035321692 -10.7065401496376
5.48003856255881 -1.13208946143992 -8.62265531373601 8.67341353136366 -13.089771781237 14.4337608729012 5.32074739064238 3.31417045937096 2.09338648639223 5.46711027431972 26.204503908886 8.3939313606676
7.15151241775695 17.2266443019049 7.45981152232552 13.2346313726984 11.5239848646444 16.6539939908747 1.21026365564169 22.2965507256656 13.4805196680622 -11.9953908348192 12.0922238582434 -4.51804121103824
-3.23848335427411 -6.99869796189541 15.350040061002 -3.76076826441714 -5.25482259630534 13.2182862016177 4.87906203740742 1.79905219357631 -10.975867122324 9.22424214965627 13.2960984422423 7.28550656113517
12.2119444036523 -4.24415580581174 12.8628830577431 7.25435207031469 5.99577535124794 -2.82138463758925 8.79164114348585 11.644489866001 10.2587295292762 9.6480329759059 3.99206680154114 -5.36093925916397
9.59229387330673 -8.82849355575742 -0.118482316268001 21.6003893758766 8.57923013070748 -1.37348083547247 -6.22676422574173 -3.25170504383236 15.6708542056292 -0.225774089486927 -5.56208357809198 -5.78622329005635
22.9210717984319 -3.00723984990588 3.78070996834661 -1.46005106385806 10.7269831422186 14.6024568878215 8.06644997124056 12.7058170892484 6.68819104236495 7.20528140919143 -8.33269662444756 3.08739021191457
2.38871515176767 8.98553438765532 10.0326892840772 1.20146091383288 8.57884959665189 12.4685759917947 -13.8453229039012 -3.12477696724432 -17.2981835502557 7.03502869603373 -2.5454469325929 8.86435247318864
-7.81301704977724 4.52708741242667 8.17553857900018 8.86681949365167 10.2791671488176 -0.170328567991232 -11.2374331326236 18.5099603360439 0.191965155133517 -1.24794263816132 9.60326139156455 -3.62740182943072
0.985296871347579 10.5255800520972 25.8615504246622 -2.15425528427509 -4.06121886989829 20.2626962156516 -1.12257054993327 -6.05705224918187 7.2687144818756 -6.35055942783886 8.63610849941831 5.95252106224682
6.26547364360354 11.6754051334737 9.05928119038057 -3.84618566930556 4.81165487190203 17.8800720993824 14.1756775027969 -2.00525784037121 14.8855437765548 17.7700955545782 24.9009769825712 0.0447788639205511
7.36329217670046 -2.77130355298126 13.1830816313015 1.47716758595609 21.1283656382308 12.7275917308678 -12.5865992585853 -11.9794154242579 9.88011501672245 5.52689397540118 9.03765882774238 5.1657711973097
-5.57906720635248 22.8835132367441 -2.78911160228614 9.16943075384767 -0.201804897668611 3.4245640615054 14.4708835301212 -10.2333801753831 8.24858016331543 2.50294123743761 13.507092189424 7.48056917426764
-2.9738108362841 24.8710984039534 18.0616336450664 22.6426431329814 0.359664334952415 7.61240111639582 -6.45420482840885 -1.14235508981899 -1.04662840973872 -2.20021741096138 -12.0774083662216 -4.85513404918312
-3.4970099845252 17.9830290304306 31.464358178049 -5.55673481628684 -0.322045418109862 7.12871941303716 -3.85725889129134 17.5795665875695 9.32750339827357 5.43510506005098 12.685986158789 3.82935792410939
9.36678829519263 -3.54271586492481 1.37455060315438 -2.36921900929023 16.4814349730808 15.0157111012318 2.74361047795064 6.95969452988562 -10.6331597221091 -4.28623603556291 5.03579058726436 3.27050871197155
0.258161395384599 24.2222751381629 -1.11525681888611 19.9765392951986 13.2321961498408 5.98580197167735 15.1422182653062 0.664494366558278 -5.74998239612107 4.98305487161093 14.5185469038699 2.65777848780825
5.62630083457175 11.9139279180122 -8.92492640660774 3.71918346524151 29.0104397980191 18.9513782114625 -11.4676012156612 5.21241516072172 0.552413883412132 4.76791459058327 7.86847211124241 1.60183041139586
-9.22452232806189 -6.71782925689636 15.6915616299417 3.74302272876705 12.9547987113877 -0.21236241369345 4.85362725173609 -5.73104057881843 5.97803364700647 -8.81746090281587 9.50891169109466 1.31375020632662
12.8631796993296 -11.3471588709878 16.9652491379839 3.32997308317612 5.2390415649673 -1.2737215738982 14.7882276894047 -3.4819887389953 13.1892057433175 13.5937517407702 6.91483098298901 15.1652239328065
-18.083013155483 -5.27118913102 11.7439845528212 14.1158038677693 6.56997743687956 0.573317492261811 26.1776107443494 11.0232218622778 8.34113169149657 13.714464875264 19.5017040230731 -12.3221881355392
-18.3058741028103 -6.2820380761745 -17.3755634561513 4.4223665072623 18.5934646102569 -2.71645218768618 10.3602637194206 -7.61783902859092 16.5644252568665 -0.767747104562873 15.8492803390307 19.3783285571717
14.9530077365702 20.3285927437538 -16.5832090941663 10.651415033093 16.2620130466236 5.53453273125408 3.16189203517939 4.89215015898006 16.8045236703481 4.74870106425497 15.0862125087962 13.8812257196579
0.281934637353823 -9.74074425664259 -8.95416606489554 23.2647093295472 8.08171489773972 -1.06879561469833 6.53206828901247 -4.44363909489584 13.9640164396343 16.0280115881284 0.177495576529394 7.91899241710781
1.34844509454255 -12.5449997886556 16.5420210968294 -0.640638428046041 25.57461038967 -2.96390204252037 7.62280870926882 9.37382623354706 -0.873256828065584 10.3868997404429 7.47634244654996 13.9050690624778
-1.72014637488184 -3.84437529956889 1.31919409667651 5.21072652022698 -11.7423724271949 12.752580861341 -12.8528512302328 -3.06685271986383 -2.58237146059058 1.47078222553588 13.9351494690775 4.69676579870614
11.1700941496909 -3.52582112017769 0.508656167929932 0.624086641420003 5.18389248249066 12.0163407005298 6.91211654505067 0.098125783292736 10.2206431899877 13.5527108447386 9.60864742205964 3.07005565173604
4.2377989334758 -2.1849237780458 9.19572820567905 16.8788924154051 -5.8549799029553 -5.81948207667677 -3.0233694330992 28.7889861701752 8.92736352172828 -6.79918159337442 16.0347590991478 6.84797353363738
-20.6799021614816 -4.37609625593729 2.48100756109121 -8.60182229755993 10.9293232680248 9.36607425482997 0.67650184702747 17.4127686660482 2.30031929312391 2.63562517472301 11.4594681792411 2.61886665784705
-7.76059053907493 18.8828571150949 -1.04030862933613 13.8173175750344 -10.4706295184055 1.99751755539394 8.39204520011674 20.9458422766592 -1.95940814938735 6.78070745243735 6.44851300475046 -1.29524349312851
8.90147738073606 -10.3661012610641 13.6223939656871 8.49134026832134 9.77227091561364 -0.352098782897112 2.60322180025265 1.15659814246688 12.4525656030309 5.78776751241799 -0.934133701001356 2.9437751243548
-9.91284545733282 11.5621911538715 10.3914197679903 0.0318918440546412 20.9696636909421 16.7734051840634 11.3323893583507 18.7806251994006 -2.48972789509177 -4.69110813070152 18.975763991923 0.332167826974769
20.8677672075491 9.61869032654725 -3.77055292962512 -4.04758017325514 9.64956669629567 17.9169308267627 -27.9752882747831 4.0079622538251 1.30499607184228 4.81877682421327 24.1425614772728 -2.58024709762328
-2.60092529871435 22.3539049486079 -2.97220414407746 -2.15589432360099 6.25301760567239 8.53921264187413 12.1246781824726 1.46381418159355 3.83810987823836 -12.2330089931673 7.14364270891204 16.2545981742288
-2.56797965368001 9.93057675473141 19.0335709153492 9.31351462635316 2.34204583594985 16.8679861776017 6.6203393884116 15.2991213524891 10.7329575581606 -0.473413670612733 13.4484632785958 13.700242855651
21.8767044135338 -1.71311803304045 4.25758638378585 18.7109306116953 12.7976556755292 11.341666987734 8.06358338552075 0.324795479585609 8.30428575967092 1.99959742198283 10.9421535441976 9.88036857153945
4.00727264380732 10.2468212692587 0.349707173696787 7.99775282028222 12.5470023463311 4.12436842009283 -10.365925974846 18.7945103614631 10.5826791567272 1.97818022064097 -8.84408412015413 -8.03974066121351
3.04944655563302 -2.9516398692333 3.67647086858507 17.3020626625613 9.31150899347152 11.951306593258 18.9610844172633 -2.3348846563943 9.09702971194298 8.87190749048578 3.69019977042402 -4.91533514247315
-2.54950459137009 -3.00906874097475 32.4559242453235 7.03389085080767 -0.373801278679749 11.4982351716702 -6.42514852557635 14.1547424609834 -1.87729373097963 4.83537656960982 10.8754537705499 -7.93017240170356
16.7561516744321 20.5120094577764 1.83778992939136 17.0710853037611 9.04338491775203 4.37177137438147 16.3615581494512 -2.00515254467744 6.64093634345463 -6.14843007224682 14.5443535102355 14.0735934873129
12.1700014041645 31.222640855208 -8.77519263343518 11.8592900015019 4.43940426654181 2.77500475819154 1.91077663661017 -4.60240145611681 6.45399689824521 8.99778050920703 18.8344360352548 -2.33795834845972
-11.0793724865678 11.6289385120645 15.8458654705394 10.9851548592495 2.30738896469351 11.1537363466422 12.6557803768372 5.82034007778669 9.19404392467233 7.64756421302112 10.0981862960923 9.46886045607078
0.0537211370763515 25.3320701005424 -3.77673038401801 -5.16093823683525 30.9236482391026 5.58748964253387 19.9538561383378 -10.339949375578 6.32333452933286 10.8417659203466 12.2723908006042 1.55352987087794
2.93917611971238 -6.12730472983374 16.820829300134 -11.9514598060937 -0.651537834928676 14.2347215335243 10.3569644100603 19.5871609446141 10.1656516211124 14.3666424507848 5.47820251046899 8.09379902343226
4.66792789076817 -1.12533985701697 -5.93014391422245 -11.3855862673308 16.8273645903565 12.8612484651619 -0.454982723549945 14.2839366023867 3.92986262185756 16.2047302970757 4.72666298148495 1.45922549134107
16.8401611638203 -4.0246429886593 16.7294670502743 19.1288758398588 12.8911843266247 -3.09565986416062 -10.3736939320671 25.8110632898297 9.65501891669737 8.94024723380905 9.91522106757202 0.965860531861695
18.8821709415792 -7.41196290280722 20.5108232240741 -0.607975105358944 6.9992480611046 0.619099328513135 0.479599450411087 34.0948801962516 0.911506211532433 2.87699077867026 1.69818099769963 1.53101842444264
13.6409336767538 24.4828385030471 -0.671017152019768 3.74607969921446 -2.33894411735084 3.9660099680727 13.7335952422048 -0.124621920067382 8.52326368684112 8.77530968499631 19.4922770664931 -5.97424317955317
6.39980022945184 -1.21678893429313 -2.60674833130961 1.23823236476423 11.0200468271504 10.7187664454317 4.82950976724719 9.23013321756319 20.6510810720486 0.206610471172008 6.35476464360746 8.91946515775384
-12.162197011386 -0.803085224452224 -12.736285148536 -2.42307065685375 19.8454741617994 14.5214405374479 8.22189130365819 -6.04880948825567 12.1215923363047 1.10365733743404 9.00404775264834 9.20112523062252
-5.20147147279721 -4.90780346948486 16.7823488076589 -16.8240337682621 13.573162330206 -0.287122897791432 2.11513188780082 16.6440153155826 -20.6878551033398 -1.87929067454409 -2.26795551912068 -4.32587932949276
6.44395823475015 11.0810741835976 6.37284149040205 8.17812504466447 7.21961649834685 14.2530389421373 15.8479096238582 17.1758179003388 21.8990728734129 2.42966087123284 9.54774258175964 -4.7793463689081
2.56140288498273 6.01996751590837 7.65564450683778 7.88490159908086 4.2415333156591 5.01293336374304 9.90241856388069 -8.84103714436596 18.4258834762506 -4.35513860352229 7.46841242384792 9.62616010310666
-6.8182483163296 -2.48569381137988 -11.7676646760713 13.6191691087056 2.08389236059326 -5.00769309246957 2.59940668639667 -1.8975484578474 10.0804081501521 -9.99547082838226 1.32659797310838 -0.295499264714771
19.3401814851146 -5.9867781170896 9.11716757592522 7.82213053716143 17.7546043937272 0.708158990303493 9.11336723595448 12.9437504566075 6.80723479005503 0.402774459577972 1.56533410360092 -3.53661747842402
13.5100476843393 -5.21157446078721 6.97624568383523 -7.92801253488191 8.63980320935602 1.19906024380233 10.7131822078065 5.01871824195203 4.07113551769173 1.71111553153459 -4.2610348128095 7.99581298512805
8.56706833503202 11.5035227926232 19.7425947805276 22.235651224573 2.94776072982105 16.5578734937361 15.3715023236867 -3.11617506436249 11.2180306578809 -6.2207199854205 21.9022519821873 12.7427618278174
-17.6988101024761 11.0310436380388 2.34769491487258 -12.7679140608074 16.3737174946867 0.915751548638752 4.90782937725289 2.53688056791469 5.40814140106487 16.7114438589034 2.80504164569494 26.3555388341037
19.7057658445301 24.1459893035493 5.96328227199195 5.88115074954629 15.6260548881687 3.25810919448867 -1.14635549389724 -4.68741193458728 7.90272946124641 9.64305251138575 -1.74038777514835 5.52633390590465
6.34385113559663 12.9333793228585 -2.64015285694575 32.557352822401 6.52507221527452 15.2752606644026 8.40453046977415 4.02080366223811 19.785946688793 11.7459794340204 0.454511460598542 -7.03160562355799
1.72814345400222 14.7511382140553 -16.3530885132928 6.51815589828652 7.20694490918822 17.8671259915134 -6.73090785665882 -7.00014044288434 11.8176700198769 23.2459736041921 11.0160943552225 5.50765469584286
9.22784678816974 -4.00504517333217 -3.93236946906578 -10.0261718909505 9.45826445680503 -0.450503846892175 22.4249379384602 25.5027320309467 21.8253368220646 15.0191183042889 8.59638396126784 7.77763780017284
3.44393168562224 21.5422865758886 -2.3967410188834 4.08857295439358 14.7185440146953 3.43656630113006 -1.79444257984812 -1.7517358573663 19.4398392200636 14.8583190161543 8.92755174573293 8.09788304166504
-3.8908304237254 11.1060103703665 28.56875705486 40.3919397371671 7.17732171017508 16.9318528791483 -2.4957429491162 17.5913078475827 9.40647553291554 14.9394629227601 -7.0175531415464 22.7421307361898
9.63979217461514 -3.18689105060465 8.57561744551197 -4.19584732763817 3.71236398603344 11.2734929898141 -2.62699593692968 5.49887506019308 13.7503347902663 7.00933202802767 10.8240867016652 10.0749390952888
-2.77889018053439 12.9602204675372 35.5563758909159 10.6732303499216 4.36689786060327 16.7591454440115 -4.69171497068731 21.1381899545856 3.10486809768793 -1.40186615902358 23.1899855193418 15.4119381937914
21.8105280020221 9.3336348336538 -12.4036895747116 8.6712297461977 7.21270474574065 4.43570660163209 4.21280306682189 17.6772152587025 4.2233287996875 2.37031926232741 4.18007586038569 3.19762644731031
-11.4228458480861 5.85351786184248 1.73605744924317 -14.6983910390852 4.43898502530161 2.29763110775921 -2.15630412551152 7.47028115463911 1.05890264900725 2.05604024740827 11.9457967882876 -8.846032706045
6.44121620909463 12.5364242315173 2.11750967744211 6.02719823322955 -1.82052731278235 14.3781063902593 11.2338187001769 7.84589567546257 8.01591950604073 8.2296996170034 5.60125961260452 11.7306164577327
21.0890895369305 -2.6128814209885 -6.1165789314483 17.3134774947365 17.0489957214961 13.8025780559287 2.07986498266897 -1.89680291492968 22.5357330242265 -0.836963741543584 18.4642577104388 3.63133109499844
8.71971555990401 -3.64837563986415 7.04190850231304 -8.13792611636427 -9.56790160586378 13.3631150931869 -1.97070498844678 -9.20357195746221 9.38252108100093 -1.15889210496074 16.0024561705535 2.98051300858144
5.26819589487795 -2.66450957499737 0.293950550319773 31.9162651226719 12.1482702640155 13.4926766652039 5.83544454423658 13.9244155819992 3.4889950529589 4.84080394762732 -0.36308366252134 8.31546720991221
20.7117461998549 -3.43704007641905 -9.25648445433728 15.29153384065 3.28033067861378 4.17960119542901 -7.66891429868184 10.8248539004902 4.91156877348862 7.59971852546369 2.82776186203652 0.157287374205527
7.34218808438824 1.57993576521688 13.9765338676646 0.845727913510593 17.7983491444578 2.44377857557766 26.7596683639309 3.50399861909519 -6.47550819967031 -12.7797240024128 -10.2364744993925 4.70565479502499
-7.14346830193482 18.9508597544125 2.23132815152899 -9.74170345363626 -4.18006945564554 3.49599237295758 18.0991286373644 1.38684207416843 -0.452641608696327 -8.33729500350282 4.23045654049772 -3.68894820588076
12.3792110731165 8.29611625621297 10.5448015805345 17.8655265903589 -0.917380703925788 7.24520055317533 12.1012978472399 -8.43615357578824 16.2691710749097 3.1916576703925 25.3125698658849 20.1837947166507
10.8915166849153 6.43908420355698 -10.4575606794398 7.62884653548001 15.2317199991844 -0.295898841786677 16.4179486094574 16.4972754226782 3.64108143351315 -0.651810791410048 2.38515361429646 7.02137617223031
11.7780193410903 12.6518237951203 21.7516939178025 23.3997224194661 1.76689211194329 16.9823817824301 4.75748505668551 -3.08639011284492 6.91800783344283 7.01171367494657 -1.16419528104883 3.97032692715937
10.8935243524171 7.17061579621754 15.8776708730109 4.08660308868524 20.1998612154337 2.91413817528253 -7.15614819213764 18.1959900821569 12.0584500174806 7.59168941833242 -19.5639495334427 10.3529499064307
6.35340222553404 14.1342154702084 17.6973496896775 12.1878539817035 10.3315984132293 17.3421090238834 10.038359814446 1.73192678363423 14.4269023724514 -1.6535557348829 2.97522830086798 16.2917542290069
24.0475846310914 -10.650062159598 10.7343831628602 28.4919212766393 4.53865576823557 -4.46259055345401 12.510349790202 -5.17403790824499 12.9011079406628 7.76095979615412 1.23643262857366 20.6526317998173
13.6714285730716 22.9776094935282 0.726764009753729 -7.16064243919541 -9.12181589712995 10.1144806456512 6.19006921481802 -6.73906098454755 -2.00270409147168 10.7959344568874 0.556925037583764 15.8581548582537
0.070857381148917 10.1862736823689 -0.289957341113722 11.8098464352497 23.9556159102512 20.068339172945 8.86211613089217 16.6006651535824 6.58113742074571 17.7079652131787 -4.25677102708351 1.22823061947115
11.8503783168123 9.41551239702549 16.8401084416419 37.8653955167986 12.9653357355087 0.44018885210285 8.36815837640328 17.7509040860032 15.3916987063028 11.3460489374627 -1.54928764019159 -2.0628341006425
22.7386994601759 9.06995490408608 18.3611290267062 -2.06612450799248 9.14243867749311 11.6929684607898 10.3995795026581 -6.39253857658187 3.44918318229442 -2.58656122621658 5.74670627305218 11.9980246417333
0.795207139121659 28.9805019747372 22.2372366574956 7.2945332308623 -7.37080815420514 4.54429770155705 9.9833034184234 -4.64507164331335 1.3081695112843 14.5238709317024 23.8690655591764 9.41567774312407
17.2882173121006 6.24335285975392 22.4284744191227 27.5867105024812 10.8848784957972 6.69856377636919 11.5725478966422 19.0444793785945 -1.19125694430765 3.25079447824853 3.52040522745338 -0.561941784397988
10.078731877918 22.9324440910872 21.5878348784477 20.7685152619653 6.80282179474838 7.25530466757612 7.71260574506811 9.19827623801271 10.2827606579856 7.05937561714622 2.22381472317186 3.04104033252389
7.18500369944723 22.295770547984 26.168637516689 20.3081195076016 7.51718469849171 6.65884304945782 13.0835629529469 22.3979068187259 15.4830391606295 8.24553412208916 19.4320198228223 11.0655446928658
1.51006745876515 11.3637844791101 12.1180458464911 -0.753621307298332 17.8771251059365 3.58617988152675 1.92972870020993 14.753296297365 7.4066932372907 -4.73961740701928 6.7657202270036 4.6887103063788
-4.99779363072821 9.2303826080222 -7.33850736542459 3.28355224144813 14.341786634313 1.99391435886894 3.35378960804548 -2.19524307875836 -10.3346421817972 10.3473652362848 4.45501425108938 2.19287753402141
-1.80774033296058 15.8026677461803 15.1297769911687 -8.44466767083953 1.7597664919283 11.3359679870129 -23.6150972969518 -2.38672135133891 2.2181151353502 12.9896503701456 8.29166951731506 4.74729037577054
1.98262682692958 -4.62132968701623 28.2879590687684 2.43996303317391 4.34725215495036 -2.2502404842118 14.1862166587757 16.3519691089365 13.9284310154629 19.9881035532953 -2.72510374873076 -0.805424438316087
9.72764377589204 -2.39725774477094 0.833401837253464 4.19871265532199 16.1212942666804 13.4263364906983 9.0696807340345 -13.5560149620086 5.53012419014133 21.430621766704 22.137505621336 7.79656822939642
-0.0624256866201431 9.30539853927405 12.5845643237208 -0.9828160461099 -0.415187419851846 16.4919930939998 -3.64280538822575 23.4810555106062 -3.26770576059216 8.48806052153179 -17.1098981575246 7.49527953065455
17.4617181044471 6.89254307120481 6.16057887335566 8.42863714844619 1.7016331315702 -0.626754664421804 0.58918739968239 0.158788331936329 11.7950557193775 12.5948595184585 25.5215928067531 8.73075460071802
7.00377426052307 22.690874804573 0.415307593008532 11.3792757743622 18.904032068415 3.89637253902012 6.03816431746821 18.4107117377294 1.32917263791077 6.25823561121201 4.59774276884339 12.9464381597037
0.841242257261279 12.4686936864536 -14.6756334477933 23.3496440982448 9.81504722740358 18.703953164811 2.12391100582089 17.7449000161919 11.7901371995116 -4.52011435082628 24.9110633803047 4.60867908967918
-4.99016160720686 6.79145872403756 26.1840612868822 -1.12530303169617 22.1054579609906 2.96113421078542 -12.101241874848 -5.65806143541911 12.5314854475386 -0.589332494096734 5.63046638868444 11.0861291209872
-1.18838057120466 -2.76733338795743 19.5485785071889 0.258611463694757 4.88562420371677 14.5455484527645 -0.764493799070129 -10.8399776875152 10.0763221949127 -5.67217529970627 8.68878801702406 -0.33433573450263
2.52492189047272 -8.76924271063048 9.52516676528888 17.5948798541462 1.48459566600265 0.596781267588316 8.3793062660083 6.52109246365752 4.44476637455154 -5.18396160752201 12.7313599391955 -3.60757924086498
10.4795658609551 19.3095188398424 18.8148259518048 5.1573022914086 17.1180149940381 5.30328074153564 -11.2715509807425 4.21177638900981 15.1993422279763 12.8153480438955 1.45227509425861 -4.99411153061992
-1.82354332252457 10.7042376171553 1.37472495942506 4.80892322922588 11.6204832276634 18.2024652778139 -1.82854732849695 9.27595580713964 -2.75349672664531 14.1654154161602 -0.831534049039409 9.81005426413798
13.482846381327 13.4861658374655 31.2730209439174 -0.42809512861285 2.12745866987678 16.5157899171509 11.4785067742826 4.38895210984299 0.620953095794042 12.2633275022198 6.50022986286592 12.1204317201221
10.3385617871655 5.12840151877099 -0.569184232838794 4.82724861338038 -3.47579208429836 5.85269908521013 -25.0240835530175 11.8137477135553 9.90601518829037 -15.1486947079671 3.67126330934591 0.590406545293019
9.02973533321241 25.3056138871404 -7.62486249025289 -7.84865032672824 8.68195744944302 8.46581326463634 3.57354632649532 5.41033536309667 -0.351094075326564 20.167765623073 16.3028258690618 -10.8885296849249
7.2692250933975 -5.03145895840693 7.99261751568546 19.3736439895412 13.9272038766716 1.81247301529444 5.78192875730067 5.48788444085176 8.2841543892228 4.34389093179427 8.65955404470379 -1.65514793517672
2.03395347178259 8.23645104623258 -6.12814199000244 -9.58447025932155 9.54396228768029 -1.66197944783071 -11.457542363679 21.8846086884332 15.0436274157095 12.4183239925554 16.1904353562774 18.0090255785007
1.62699826355954 20.7942563079544 4.38729727954925 -2.52657206910587 -0.235314904507642 1.83480395707706 4.10039403500043 7.50267047385872 4.2103156649945 -2.5142491182578 5.66548056914551 1.63938676722885
6.63516509881982 8.6263983087629 10.1076387588115 -12.3021548890339 -7.34555515843509 3.83226432416144 -2.77062856680572 -3.18237875308957 -0.0138849498940257 13.0445101208009 1.73210609263322 10.3205580136885
10.2013672783423 6.10565961303105 4.30349045806155 6.80249672135809 14.192415494622 13.9591478818803 11.2601987462697 16.1880092822476 22.4222807014119 9.009620556712 27.5748961874469 4.78720987371668
-0.438673455064436 23.9127408888973 0.10371496190154 10.3809126873326 22.1908532266977 6.87830712239899 2.21873834680431 0.872742968589892 0.967047704168833 6.70757717918867 11.3597983374309 10.9036439138458
5.11231167246413 6.03158845146645 24.331599669327 1.04032210217316 9.79706339984416 1.78501301722051 -0.76321822885929 0.683622636791601 -1.18901746189916 2.96158444269919 15.2663288338768 9.05509217191486
21.1722882029618 -7.52580481334905 7.19866430530868 8.13433828909396 16.3563403282197 -2.11410776555327 8.97112248466579 3.57007258116406 23.3990395708084 9.91983224873451 6.64840205078793 6.55844710196817
21.7582797672799 -4.85368892140947 5.85816245519992 -10.6883514179891 4.18197330818863 0.116016172177578 -2.35368803517084 17.4069475742495 -5.77885582982356 -15.3813108489193 10.9046111005989 11.0976556081882
6.10787716905663 7.11109851936166 18.5973459317473 -9.64261855247471 9.75000217609303 -0.861678074332955 0.2818214187321 12.3554045823476 10.9888134467571 1.56365422096699 5.41655298537871 1.14116096572005
19.0589425436561 -5.24034797368444 10.3933882909473 5.89331787016851 4.02593555859882 10.9169370917351 -8.53274019312817 2.0873797945845 20.4763518579851 16.6270812866852 8.73076696696558 1.31581198620859
-3.43135816092408 0.725886745223134 -8.67879575650497 10.9026069447628 -5.88360391220681 1.69666079291866 7.68009078651951 3.98930898828522 1.74650330323164 2.79535774803789 23.4926698412402 16.5264996199222
10.834082185245 9.61563166972072 7.67003645265588 17.8364737367923 7.43551127389524 14.3905355348348 0.83542551232623 29.9569991812203 8.77749682131723 4.05577525987646 8.46945048957065 3.36864256881447
2.55461012684854 8.91709346362139 6.57331240203593 4.23196641438123 3.08129155845928 0.730028593106676 8.47645714902837 13.3856607520981 7.91527668335681 -5.43153551691965 4.68532962787114 7.962158224878
19.1773480815142 -3.99573677772598 0.0952690497693087 15.3533741934345 10.4637244594912 11.2044258367616 0.91851613824037 2.17386919992617 1.25804273702109 6.90127693289033 13.7109911780442 15.1539826992407
8.84185224439412 -1.90040304018228 29.3033566359042 -1.91024268643658 4.09776012876237 9.65032107903495 -4.18580809155045 28.328815317503 5.73582732297379 13.1155877748109 15.8329034771287 0.589969073094482
-2.36907197137385 11.8046420675314 0.316061890489748 2.84382664441484 9.20238631448206 12.7704283507522 6.56630274163484 -9.82100594347972 12.3775885042865 -13.4420052226033 9.02032810014908 8.58674803092033
-0.265802039609063 12.0736070265932 11.911370118158 5.05467803073065 -10.19876942022 14.0323685193961 10.5337047403086 -1.53817003781527 23.3141223846874 4.0156877176113 10.6442227919622 -8.90901432404516
10.9235825091799 -2.15643336899719 1.77234948297544 8.23175767181526 6.84090294079316 9.72482651387173 4.16743919112411 -0.230719045401854 22.2855102558211 34.4641535772564 0.392800962333461 16.0413906481758
-5.49195133647745 10.7609053410363 -1.71582710883271 1.86535546520293 9.27375775752381 4.11204976237584 5.56764636499042 0.540339121453272 18.7701949671687 11.7300793549953 12.0247088175389 7.90846207883332
8.90664304089457 -8.72257999037886 8.07378652600259 4.83829746561748 10.29950034126 0.305125473088631 17.0080107797889 -0.0890595664053739 8.23120644806082 11.6052046773406 13.5171893160528 16.119391660863
2.32228195793658 -4.83373566500345 22.8582225379321 8.16931444549844 -5.6539006974338 14.2629907922511 0.458435021860314 -2.57369310851299 12.397899544197 0.352742430240577 16.6406897759324 1.28394275055081
-2.89181417719146 -7.33333967605934 13.7741226409249 12.9996447093189 1.53361107127162 -1.23945901826021 21.0493319411022 0.872805145374753 -16.3828176541691 2.41977891393959 19.0675071154431 -15.0656172130047
10.5457239109171 15.0757928228825 -6.39509701937766 15.4931014362937 9.14496422847266 19.1941801189849 -2.83467415346644 10.4577310053934 22.6012219032567 2.11426291754122 7.45619574139467 13.7415006131287
18.0348076577012 7.12983871097632 0.4588391489874 -4.98745294170935 18.3002145856119 3.04771739293882 -5.30268456362545 -5.51674908668403 12.8701807000019 -8.2551715947463 20.8361500486759 -2.26150908709733
-3.26627146802222 27.1230237607094 6.83423959207515 8.1726005523699 0.128029013279138 6.34203038574461 5.93374828358134 -1.6921608778533 -0.479093671931018 8.96891640240241 21.7162409350098 -3.21321026436152
0.763760600740311 -12.6907691886234 18.2182033601236 2.6854399672787 10.663266041981 -0.714015292754576 20.7005658807794 1.01305800761066 12.6371948743929 -8.05231992345684 9.71985263216392 6.24227871706421
2.92102335462608 -8.82819884912236 12.4694820905268 9.05616368146069 -3.20264002430148 5.04937792308875 0.127258056837927 40.4196364954202 9.47535815886577 -0.415736885116461 7.39558646863026 8.75633119587929
11.4625844675948 -1.87577875121785 21.6272929747957 7.41024238319026 7.2564272768324 13.3433771680961 -9.02215392243482 -1.50783091311442 17.9590255816235 0.1716387313396 1.63446543607976 3.17145998388305
-13.8360635331279 5.69359919546142 10.9348927294448 3.97690280000633 -3.41030512430438 0.836094587607086 11.5843059251188 25.5523530587361 7.57909832639136 -4.79877619691023 11.4861003875401 9.66599480534401
2.22014043629443 9.26774758459395 15.9055629822231 5.42915681273067 9.99459330468468 -0.35444685898193 12.7801058722858 -5.49162614265001 22.7041558863124 -1.95911626562263 1.31074242695272 -8.78771945580178
5.94841274935555 -5.42471082900792 6.8555517012518 -3.78846746167802 3.97860129516924 12.6704534233876 4.86735391667056 13.8644026772369 4.3327766145929 2.46601016000193 23.326712161047 1.96810154400871
5.1458515990512 -9.09698605081259 20.7287936893235 8.05600816195744 -12.8325150578786 -1.33901335526173 3.14934698407442 7.41108906147859 4.21968244660108 12.2001760183788 10.8550446410289 5.26534505471246
-8.08374506795623 -11.0208724637844 -17.3154847544863 37.0896259749332 24.8599454864939 -4.88777785506903 3.41868219381811 10.9908181522445 9.05382696579609 10.78187889834 21.4243741353061 29.9276086033434
-7.29003989617917 -2.92596566249623 2.47995510618228 1.00259124464903 4.47421391117413 13.7085544844662 -17.7533218518646 11.185982544359 19.3981943995217 25.0485187240562 2.71754588703045 -4.19879043098774
4.9688418821019 -5.7171429000176 -5.4109848348106 6.02365224759313 -1.46034198080287 -4.53567381154808 12.9786893265224 11.4288016871658 0.0690444849284164 -0.656941711596926 10.7193642599487 9.56760106514289
-7.08651399578706 -3.61060045259059 22.9029666292218 4.31247184429454 -7.8710040720555 13.6163232314541 10.3437708978781 2.8690548558712 14.7854640300593 -3.48630014432119 20.8059544100886 -6.33838699216801
2.58002716613792 13.2351905626306 -0.154689314787151 6.8359583126786 0.195708905872929 14.9165168431077 -1.4774625187442 10.7176556987294 -2.70847546940158 -0.412451055226327 14.2385718090364 -0.366012227879541
1.03696376077265 26.0149133366255 11.5504110883887 -5.86654153289991 18.0778544483559 9.00474675906777 23.8614823538068 20.0856802839393 2.83825018691869 2.17324972574597 -8.41136426337209 -2.64703093881466
-0.539690195545128 -1.57076339974867 4.06759038710431 -0.996770179482904 9.60553895427131 10.4020237809317 -2.88692686027444 1.87264712260199 6.47669915797622 -10.2296173455019 10.4994910101293 13.4718571899193
4.9656676486582 -3.97825521269216 -8.36493205932216 13.9051261070849 20.1471017304683 13.2000703604658 11.776014201465 27.3867666720617 14.9901945915144 7.80477802503096 16.0141817328745 -2.6582725532085
-0.798378599955999 7.62664443239433 20.6560047291912 4.03326512906136 -1.54271739952227 2.96634011028981 -0.253887843826944 7.23467594509009 -8.04643066497217 10.8215731470659 8.0644274289985 30.4034112381562
10.4911307367234 6.27371792415355 5.11255017592834 10.204537609207 5.77020751239603 3.3214313989749 11.8763757766245 1.99156840107241 -4.33940510401161 7.81122937525384 13.4263933858935 6.02540461150702
14.2541408158672 23.3402173610857 19.4013268729856 7.49942415591582 -1.13098183115712 4.63832966591966 5.13212194958079 4.02070994462336 11.1001671691723 0.805758402729865 -5.86230355079844 0.254899237723625
6.33712041184515 26.8725126962755 13.1854751600585 10.1856751435105 -4.43015756803731 6.44904002730252 -8.95557789454199 27.2310236360927 1.88698707253218 3.58359231223035 0.225502920695145 4.85770647121927
10.3360696593993 -2.07235388975436 13.3731035779302 2.85585648817718 24.1500667127998 15.6722847947705 5.35183949789343 2.2845223233777 17.019278289371 18.5015003186461 10.1476750058825 6.12456655265276
22.4524742739005 22.9356489121073 -1.42224003543027 20.0950354503553 0.153988980514996 11.3006405244514 -0.146797709103982 0.782520180443394 13.3773020864639 0.571598341626967 -13.7909466810474 16.8209332551368
-5.24628424305208 -5.11857091931574 6.78037840008631 8.25406884318094 -12.3195468661002 13.261804299567 7.09410296887278 4.65209787491025 18.740183165428 7.52345213450533 24.2477160555155 -3.63417491535853
6.20659623886803 -3.12816943360975 15.9355940951827 -1.62807087072407 2.65086162346592 13.6683790672957 18.3281065029847 22.4373840591039 9.82647452110786 10.4493472468744 10.0661423423571 1.88109408307652
-1.37237204793689 21.640589431141 2.28923079040727 -17.1022471319604 12.0374473258445 3.67454086680259 -4.60029625756812 -1.56995340808081 -9.30837950339546 -5.01420236745945 0.905034145533338 4.48243949965188
-4.97469875000828 13.446260428265 9.39612508292372 -2.21242507903804 12.8683808968916 19.4349968294273 3.22466200350155 22.7425993802088 2.99421498015397 -2.85481573870883 18.2217648921745 -5.68138223100124
-13.2239767005367 -4.26642289517871 -3.19565785542655 0.86157589494638 24.8291944803165 12.5402946329017 12.1733670892233 5.88223095719243 -6.32170593780427 -4.5781346404864 14.3633649828085 -3.43466163752496
13.810108747031 -4.69299379832895 -11.5227672404449 9.697225875319 -8.96586160308964 12.6906659233502 -17.4231840081185 5.07043400102359 4.00862879484239 2.12281792249716 -17.4396777751647 1.1379096770765
6.84760190805409 8.35516576884693 16.6019502953677 3.32650005257062 8.39124577982423 1.19589954631956 21.9963526133505 -6.2335129780793 10.7084626030894 5.92485930476276 10.120589561528 0.135412924178183
7.23270408910199 21.400326679538 15.0435867827444 13.0485234940931 14.3402629777206 8.17493426705768 19.6303951507618 -8.45219798150919 11.8272025995463 12.5566242666719 -2.16183250245316 1.63242398491576
14.9462252851452 25.3999577862326 -6.82474396319201 12.3384830334935 16.7644470192772 4.42660526376476 6.89132500308088 6.59027419986347 9.7225847765292 -0.303060775285739 21.5402224258408 -3.24446066842467
-6.04336224578836 7.03843437266019 10.3612329571384 1.54546608322709 -3.76031064015979 -3.3489050312398 -3.86106460531315 10.1020191676718 24.1353692309882 15.9050660309569 10.8959136923551 18.2530468887762
3.80841661986836 8.75986911167245 -14.1157290061972 -10.0006933465109 31.4597346940314 18.9949519151314 -5.47534330656527 -10.6432957920764 -0.628781951364118 -19.6217612568093 8.4586795908353 10.4991111454016
17.2127166550977 5.21329532833147 20.1512227807353 12.9450176738807 1.91156302345859 3.11319713077251 9.70684476372251 1.60022592308566 20.394675325351 4.40524899177178 -3.84315486647405 1.97896944861882
7.01833512739758 -4.40040077070393 -11.3480132496352 -4.27907019641096 15.5183565660724 10.6225449125352 -0.379631299040911 14.4463210465176 6.57423794208764 -11.1408828756927 7.40744078043354 7.56437013085646
2.38066611990312 -7.12439568238527 11.4846348828293 -9.02591375634644 4.43660205086939 -5.68706886431151 18.6460923391034 14.3090804444492 -6.13806408793667 2.97957624557294 4.13510042102751 3.65637307222495
12.7218808271675 12.3438934205872 24.0459407445208 6.43259107578739 15.9563952653493 20.8331058397504 15.0838068841529 2.98689879446044 30.7819963129462 8.58579546168291 14.0966529620946 11.0525256421582
-10.415184926021 6.68581861636878 19.1690591535532 12.1503705293411 7.85825894316583 5.52128658490665 1.84078924961185 3.2227028051046 -21.6570793006309 -0.91069583715833 4.78839837010556 -14.1726285402215
1.03463981460672 7.79383680204426 -4.89706176773381 7.29972112865826 7.59598711838801 13.374772704644 18.7222348421571 -1.47391715690189 -2.12911471351008 -2.80425524187293 9.09965749893104 8.18371692910624
-0.983910937781099 14.4996969585894 25.8752758043378 3.73234422269916 1.9974831340213 12.7350448799593 10.995360598096 22.3840798468263 -2.31041521898538 9.35756914736735 14.4394891862685 7.25043606560383
7.58564402023587 -11.1522659084631 -10.4474788552754 12.0063442622109 -2.42590762834934 -0.333006998164953 15.875368849355 31.6882190943654 4.94200697110863 11.8326521778768 -6.257681493897 -6.81580238010859
3.805903732196 9.80709511712823 2.13350776058436 21.0312819211916 1.11646031209207 0.878405311492018 9.95574127243808 -15.9637750571261 22.1099679595319 6.52889075053717 22.2373898244275 -3.22667677353226
8.66407736821875 -5.43376136564929 7.01232863928151 10.9939999446506 -9.83165256391929 11.9348168924144 -4.13868781041824 -13.0510083064218 6.17350447805298 8.39279672513715 15.7407864264371 14.0379143578194
9.55140339911881 14.485208540075 -9.43944010566887 6.39597387027389 4.80676622833877 18.3337535519705 15.4300719184877 -0.188635283526168 10.2381687656156 4.52422403994782 -3.67597500130039 -6.20609604840621
21.1294958397312 -3.00466810053383 23.8123497631131 4.42117673926032 -10.0717310980514 12.4337794911098 2.5095707301475 7.41301827055157 16.068475472389 18.6952030843625 34.1151465073169 13.32577654232
7.95787360722871 20.4690492840973 1.37713620689644 7.54660238012597 15.2973135000891 7.28688947019343 18.6099418819447 7.39721155987866 5.05739527529944 16.100770157741 23.0469617565228 3.86502809869682
10.9792300070696 -8.16063387959872 3.92589805376449 7.54001324217933 10.3868812133169 -2.48313169559902 14.1574115490265 -11.8528428598728 14.4485090140692 6.61243008415858 19.780487310985 11.4120229444408
14.7645873556542 12.2065261943417 27.259824637907 9.2954098149611 -0.341774690675023 19.364839653225 4.39188608527992 2.53250660803765 16.6661242461472 -0.00738737553298741 8.83304590400624 14.4051393606438
8.19612011577344 7.15938225066782 -4.26997404598562 4.28021948460568 14.2079767153382 5.26242330454333 4.5810400174718 17.6588483186608 -2.78523088592067 -5.58874089412833 20.6658592616692 6.0431401391025
9.8156205005218 7.40480495895366 -0.0721332493721363 -9.40542481387025 1.05933117085307 1.00205337962835 3.30824094330697 -4.86503722540294 16.8809863057997 12.4377424594744 6.5819665565155 1.47988257886761
13.3929406610271 28.8049218268507 29.4357069115489 23.0268741735283 21.6337577548964 4.74250660238488 31.3486744603738 25.1628068546048 8.4554836243846 12.3117538916508 17.8058273387113 1.13508560352307
0.439373572773971 7.32697533507766 -0.576199779895466 12.6779468012714 1.02808097269535 3.10840390158299 -13.1036159167443 12.0335794899164 16.4401884296177 12.5613480882762 11.0063396688246 1.40367274250204
21.1257264881093 -8.24696155362597 20.1041516397844 8.30186815839038 5.295693563646 -1.3043288502539 11.1777019182329 9.41626102399729 12.8097779042587 0.480973541789472 17.1113850598215 19.4107124880098
-6.50226139231951 13.1348858702492 11.7560406837901 9.11580264125473 3.50467866145442 18.2149448516302 -3.29676772772402 7.96891208872364 9.33678238714342 6.44150006649281 4.76740228823328 3.09655376151302
-13.3351379016409 19.4950581680278 8.04602201078504 2.59046211944032 2.03414330716199 3.42009606996805 0.133517248632947 -0.938392068843574 4.99304564897852 -8.08730299456308 11.4857219832838 7.83065590785413
12.2481907204779 20.0673480554355 -1.06462388527233 -19.6089431088101 8.21664435579225 10.8769831689225 3.17664640763945 -5.41524651777631 14.0742557959527 2.60540973169742 9.01176169198407 2.53772627376707
-7.32976286581433 21.9928947014532 -17.0462525493199 -1.01850680557148 13.0603710167033 6.87718440559913 2.92689197929939 10.0757601571138 3.0319360789752 5.81611618760035 14.7562532060523 -13.0878354876854
-2.17014275712609 20.0501318080341 16.5962263426186 -6.12738430534678 9.28439378731721 6.38078801205011 9.67613374644344 17.3910749890452 -8.88377017802848 12.7047776351274 5.94463820481299 9.36586678500101
10.7769258001069 5.83430472059287 8.84763371984274 8.56856303884423 8.51907817490855 1.28097499372698 1.19425731243755 -16.7498861192816 8.64572494210717 22.8136625197045 11.5401153818905 4.57675632969016
31.1241430868181 24.7289913659212 6.85138353781825 16.9747913498942 13.9294764012742 6.23695237987347 8.97480504558092 5.60383461764377 17.2094189980185 18.0533987876763 12.1973008813989 5.71361927814494
14.0947530112002 -5.64783401583867 9.38116136148125 -4.79731950211463 9.4946278046068 -0.957524656158047 15.6545334110623 -9.95790471174909 2.59605478108805 9.96019925187762 -4.73313137401226 9.47910247463272
-10.4480059603773 8.05995066820765 2.51750491377955 4.3864682654692 6.21414951967238 14.2061164740179 -0.955530498759707 1.70493819299989 9.32962834949967 12.6662433515718 30.4832091244497 1.51781388673062
-10.7451969627898 12.4874437426377 1.55143037094099 4.18293564191294 -1.97837865329075 20.3485319905502 0.43611101054028 2.45005474222196 4.56812519863671 8.80501464543151 4.85826601697439 4.8368625381957
-0.226590073265537 3.56803617863846 -9.08389400825655 -4.23736170246568 5.50193977089102 7.13620709590244 -9.50788855142301 17.7023487991691 5.09211921462459 14.6887346810724 18.5032673356929 30.6655672838728
-3.64132316940786 -4.75084277825766 11.4634728321165 1.56852316173637 8.45606635596661 -2.85631469350433 8.3784388325117 1.02263778218631 14.0315298318134 -3.09380810610271 -11.751523137803 -8.42613180640526
-3.93740266451397 21.8367632381381 6.52269462820149 -3.77501195131296 15.0136334851047 7.33049487050423 1.64690799714353 16.9519511139105 4.93047401813888 7.57900822286918 -2.08641865843445 11.781668465634
6.41217443938688 10.8666173471788 19.5811594672366 19.6220422383641 1.81116745461695 16.7305245660351 0.247442761836879 17.365205289192 -2.18755610589963 19.7878284165491 8.03290854971013 17.1548070692235
3.06076852881051 7.52865790711959 -7.30959706575109 0.94967549042815 -4.51628467232137 0.274052914387372 5.34658905783853 -0.354418724657088 9.54425805526814 11.319583198713 7.68546382462415 2.91162420403904
14.608854331027 9.11062579541072 16.1687281935274 0.426695110612728 0.222271143551806 1.79335172998806 -0.586886110548138 -2.46319985634111 -3.20933041254242 -1.01168054713051 -4.17181007735389 2.92445870059695
8.07683751394276 20.7688678005019 13.8203477706598 -7.82978673723755 13.7054910664416 6.92237481387305 -0.884833826864664 4.00040455864033 29.8720675899874 8.19458460869461 -7.56680356149807 1.82368989357828
4.53088769135002 6.56450688367882 20.8698894725344 -1.996851489819 16.9907635478042 2.83344026043169 1.01654163559643 5.70285232681334 4.67386628057273 18.2505762040565 15.7455237591088 9.305853935503
1.26698569245821 8.70820689569445 8.81627783744056 7.78435370422995 21.7194556324768 -0.362644104942476 5.60675941053276 31.1088129986745 5.8657516578154 -4.35312108839679 20.6244501417986 6.33000095386871
-5.78961256093888 -3.94849607742186 15.3448193438679 14.3863402539491 -5.66958327843741 13.4733096280264 19.1290817524477 9.61073893873588 13.9197111319403 3.46044182873475 -0.814694773343875 0.798265356793496
8.20255700571079 6.25407471131533 17.1532926192329 11.9072049317584 2.29844914554454 3.3512146413982 15.8087997517409 -11.7417992737253 -11.1086381117792 17.5757059063522 -4.70503237793835 13.9064174920552
9.85963736374255 -4.8832648172848 9.30526707557996 22.6958226653482 13.3831513961661 2.40541784626296 1.2577535493103 0.718924822254953 -1.5638497398006 14.170422864861 7.84594752960664 4.50675660399855
11.4939048598498 -6.04305590505859 2.68138053585425 9.16313214038164 -11.3199293987866 -1.61767256775854 -6.15039306848089 3.04703875275089 10.5017814650383 11.2436242459211 2.29337295896924 17.2059652556667
4.53312809458254 -1.04669237776518 20.3509527036845 18.1974326303506 11.3732521564639 16.6715514039835 1.59784724607729 0.768954808957424 14.2325590772532 -6.42685909972393 7.2014648355888 0.0194836153227946
9.50357305820662 -4.6042471548363 18.5349192479002 -4.86047922098 -0.314857679512028 -0.338828781271292 27.0384552539925 -0.331392236187185 7.3864501124309 21.4053331154895 17.9884900245173 3.87986537861773
