x1 x2 x3 x4 x5 x6 x7 x8 x9 x10 x11
0.0808712233335112 0.737695278320208 1.01667319784221 2.16622541976842 -3.23935282149778 6.47722283690785 2.21301641526927 -3.74396209581933 -0.0104704373789706 -13.0836844099044 1.10394404533611
-3.94872940938453 2.45967376332878 1.20482575108902 -3.17413321295315 3.56554531177513 1.76378489696919 1.68085380588359 -4.46980119671762 -1.32102998800673 2.56410857483099 -4.85060300494239
0.901146732908669 0.456864705766995 1.62196205852613 3.03828748817034 -0.0915872430026557 2.74387791621819 3.45236171764133 5.34511305963013 2.33790765613862 4.02491001872093 5.38484963836857
-7.92831917656991 2.65335367614825 -0.244239494388134 -0.370358537231796 2.65667974166141 10.4849007329921 1.0379110335146 -0.401705663995756 8.20018677768018 -0.843943564235957 2.4100502121154
-2.52786657694524 3.75827955012071 -0.755771719286282 -3.38603619447675 0.246967574865646 -7.47014678934647 -0.135437868433602 0.311056398881346 0.498272888099977 -0.763546483113946 -2.66022890202796
3.60021611647353 0.622166415123178 4.33896205009311 1.04907378652964 3.98959221442263 6.56795939537686 1.79622729027369 0.918437125682342 0.40456803370939 -15.5372876410491 -0.960958082131117
5.62417996641692 -3.24487541040969 1.29205593691945 2.10530777390801 -1.37179545320068 -0.0756295247847074 1.23710018232471 6.41656006716785 2.74790831176734 2.44811984889429 5.5293699457991
-14.0276238960606 4.66857948402278 -0.917341153858338 0.834119380356945 1.77868950974643 9.26288949867479 2.97588729561994 0.841418816934643 1.67048705667015 -2.30477244868695 -0.484400541043844
-4.74116006924901 7.8361049566281 -6.57037966112087 0.431777067704308 2.22687302469624 0.661093042539548 -3.23971476876717 -2.73886463995735 3.49000428040125 2.70332302992777 -3.18816737904037
2.45081903347783 1.11406394996145 0.411544680287406 1.75880903467883 1.34337788057334 6.83461921372449 -2.30591034624276 -10.1101629853596 4.35567566870774 -0.322892451405734 2.82860562185253
4.94489894028376 1.60874860379027 3.72417461014715 3.20249095628118 -0.316296144382541 3.31086036824717 3.20896582968243 -1.46636005100375 1.16955762557909 2.07904886133943 -0.0370152344724941
1.75754411944667 7.69791395169205 1.79529585155128 -3.2529799587693 2.52202200222656 3.57549388753408 3.18533235460453 -7.80175924874482 0.385058070812352 -5.15169680121765 1.26165936641616
-2.18380252211884 5.41433612827528 -11.6657350050986 -1.38543522234087 3.6467876478119 -4.4407455761152 -1.17467169430378 -6.00062885714954 -1.16435830119017 -2.28546955296538 -0.166459357598109
-9.73275407749702 -0.445385855137676 0.445235736743083 1.67512076386491 2.52340673535709 1.65929866564148 -2.42516596965092 -1.66761893001857 2.37156958414486 -3.8748614636963 5.87674428422535
-5.69912541210941 3.59466127801768 -2.54744466489305 -4.24478600539408 2.37055942699212 0.545066402248442 -4.25366156524674 -4.15039205108345 3.14297984995835 -1.25166071180613 -2.82899409374319
2.41276630264953 -1.38211563192943 5.10203435560219 -0.0304132232511353 -0.614406381627495 -1.76197500687508 -0.955585761892872 -0.827082230969479 1.26850363172048 -3.37887021478453 -4.04325217818728
3.3865402284261 -2.98895417737542 -0.765387623940915 -1.59680342392042 -2.81356357751367 4.18213114512782 -0.110735596294037 5.58236050343056 2.54166958980021 0.334933936604101 7.93616438567241
4.99420474468769 4.78577045385904 -1.16099661633727 -0.647664178416206 1.23460176839241 7.4206074033902 -0.758433132452233 1.98487618129407 2.95735615246225 -12.9628673889933 2.80308311549211
-8.11610174969312 11.6523533731793 0.550262634984432 -4.02948649348769 -1.52313636229817 11.4946691817176 1.29802420858546 1.62239096430149 5.60166276070595 1.1395450276316 0.989782707905078
0.0167604213773882 5.24973963778502 2.73817771199055 -0.244308075148085 0.450986271026698 3.03557702063717 2.31311744072901 2.98368185667964 3.90610241601431 2.66210713289477 1.7735520678129
-1.15182187130254 7.42096362806551 -1.49296801351221 1.35106510810312 0.6281664563884 8.13286785340262 2.46227405079135 -7.20404093692727 0.11576948871743 -1.48078613423767 6.80510061448944
-15.7119223159288 2.73772193639762 0.214641502798688 -5.31387143689268 -2.30338390786551 6.99894214648027 -0.682605413953495 -2.81133581391212 1.2420111244171 -3.16524439636216 3.08435687196515
-0.462563893339268 6.18980801767001 -2.28658663708227 0.592315622657396 -0.183942850577368 7.13803364419175 -0.345387551888556 -2.69681356995484 2.49768174454072 -12.9810712243981 1.94449826114747
-3.99873686010172 0.334059367280388 3.70120176662279 -3.01806432066431 -0.228614984860801 -0.110099834900367 1.55438173995737 -1.90392569956495 -0.0411912965340702 -2.70253778287675 -6.08454802981375
-7.85864351928014 5.96769701063374 -3.6352150542574 -2.32576451057933 -3.9431216219162 6.60313792810141 0.22564160893854 -2.42649417821841 1.49329694125395 -8.2960772165866 0.402186971675937
4.88953535559216 9.22196711180205 -0.322845472823734 3.55867497886036 0.707756699198376 1.23533498107665 0.213207410422265 5.56310642715418 2.23029042807784 0.336183075265095 3.52078917477285
4.0580372901423 2.06704720946473 1.02956984800602 2.34069614922734 2.11018606880614 2.2029443385629 1.86174928454307 5.39405068141035 3.13325560252208 3.07806264740831 0.228656909867187
2.04577455695601 1.20038941569513 3.43228543400845 3.97141264372733 1.52939338775615 1.08259688124614 2.05256080052724 7.11156803606841 2.83957932237596 -0.215357830550283 -1.44836058548984
3.24650292883921 3.32791173198645 10.1312221340572 4.0568926051748 -1.08375936611426 5.02904516517427 -1.35443220242829 4.36523716569624 0.169064605574635 -14.8515641679429 -2.08258243002304
7.07030203069179 5.3079227057611 1.30375638763078 0.0846430230605566 1.33581419434015 4.82547698513083 2.45523473986208 -9.45722111679699 4.39007494985335 -4.12255062249064 4.88093210310696
-11.834310456214 -7.103851853118 3.82191321464195 2.93188802694127 -0.30512044286508 6.77974849203239 -3.54099986597343 -1.1010457344373 6.92606673045352 -2.19072656242521 1.37467216912823
1.61946608318694 2.06499102812566 -0.829991600262174 2.50871897221885 -1.77125109017214 5.1482733897294 1.69497952412436 4.88450714020054 1.5633331578876 -13.6123878874164 0.457555442669419
-15.1212262896027 7.81212493122021 -0.0878585642769854 -0.350467042800029 0.753836366193258 6.80612784054423 3.37580810100434 1.04627228889753 6.20088262947647 -5.47696227059862 1.5824585166807
2.66809997872034 9.63564974053234 2.05098874573186 -0.764022414556175 -1.30778160540494 2.54002513153101 2.77665018776017 3.41952317381588 3.93835427653611 1.98783961102942 -1.66284975813486
-11.2463962605956 3.93306471149395 0.664576937697183 0.612554826627382 4.74411776824614 6.88781684340413 -0.0325926293824201 4.32160195587972 -0.632686335708176 -0.892393398101901 2.2746421500673
-2.37088556872141 6.26756312863397 1.90697646659827 -0.478660184873844 -1.91842827269677 10.2283191203984 -1.30783358904515 -12.3148994814032 3.14434453346412 0.730647614783974 1.79697263788105
-1.61332945612449 4.66300069345557 -1.94124558878441 -0.7179868295609 2.5525123595544 -2.40841214600675 -2.66269093597613 -3.83742406737663 -5.56490271745946 0.590773410980657 0.0911557337501252
-6.96395149365805 1.90123437185104 -3.8195335589188 -0.967799020683477 -1.47784797626867 -6.89475483492356 -2.54908895526207 -6.75917976103151 4.06672583530544 -2.91177085500649 -1.62956780102506
2.15072176860289 -5.2480737536548 -1.64497370677068 -1.41234761138594 -1.11064392985585 7.0367693150234 0.42323860583365 -6.24185829256907 -1.25125366102794 -4.71928402517161 0.576128120742781
-3.40860205077537 0.946361878175601 -0.0802611134652942 1.90179471348166 0.388749861021778 -1.48880140763747 -1.4958830741972 -5.34552513882882 1.52164986773976 -6.06288306902738 0.552951218899245
3.00969596408244 6.52759460207023 -0.328351863454384 0.0983009377357743 -2.0354683669186 4.33326092913169 2.08165347500538 -13.6226243118921 3.64718258962383 -0.962642674487927 5.54223937201454
-2.86611402079255 3.9699211172708 2.0775199490704 0.443373501893756 1.89623646601732 5.22993015288028 -0.923070754034906 2.09970536804156 2.81296981281313 -17.4802734505082 3.39839472044313
2.34941252198803 3.38425520699585 -0.273419421937096 4.59914772393856 -5.32110077039198 1.50873326244098 1.23803180541277 5.75409398780281 1.47079929008361 -13.3833856960848 -0.87856718939489
1.96970186867554 5.79961661371941 1.03455444842354 -0.796958105716198 2.30235805539173 10.5608894952277 -0.191545807894344 -11.8795865402336 2.27224883293179 -7.45173110507912 0.327506757137012
0.681545985252799 1.24076572376876 -0.17841130585083 -0.413427834750262 1.88614661804505 6.9191019645429 2.21178099863971 -11.1253579375157 2.53837964309172 -3.95650646631641 5.75445243600598
6.32661908550797 1.23280265513956 0.660688482676355 -1.08419608494952 1.6321189459159 -0.460429413067838 -0.197494364395741 3.4574852752487 1.47424389399858 2.41751443631062 5.94119991049222
-1.84747706703498 7.03661358284892 -2.55993542779702 0.228480517997602 -3.16054810504435 6.66593415243694 -2.52649920767352 1.63915375419708 1.95075368995543 -13.2952056072668 0.568951954498079
-5.77250252993859 10.7024454434935 -1.83439450404103 -0.0791717267711031 0.970337542502498 -0.406251336872786 -3.56198197757862 -7.00027908384561 -3.56627134820194 4.71736106556329 0.045823515632966
4.05934783408265 1.17152963122123 1.32197852276001 -1.23124256030792 -2.29194814962476 0.316689759403816 1.36055582569039 6.73734757599873 4.79620056641779 1.75747940461244 0.426625479092982
0.425478953394145 0.874447752345781 3.79967943680732 0.985269827077434 -1.54412549441802 4.3982151522093 3.10281053411899 -10.619915465145 2.52446011884268 -5.41759190767136 5.87871846771357
-12.5916084987722 4.742547142362 -1.45273645106476 0.363690685166599 3.47413457592475 5.08036788009102 3.78879205086255 -2.50113996862004 5.97687379642935 -6.17776078684199 1.50243416522286
-12.4249166254537 1.79397959893878 1.97030697877473 2.22146762085305 -2.82918800820938 7.91205261440468 -1.18532165913292 -0.880441749834405 2.60023528059743 -4.82520104733924 0.542190073376614
-2.17513981712483 4.18494708062308 -4.33993731942451 0.640135843088185 -1.11696045726323 6.24006026495083 0.783703540370538 1.25468611367359 2.48804361533427 -13.4074757313627 1.06404157401753
5.24982049198876 -0.734266418319249 3.74048481148371 -2.19910712981697 0.0728082685062662 4.03782146515432 2.63340202079724 -0.829085329347299 4.84409835959251 -1.01137639656637 6.36371350174758
0.718712702217819 9.04586399230588 -3.1510488093369 -2.10341471874942 4.33651962230811 0.976486482007642 2.98973835369335 4.98489617593726 1.47905597337318 -12.1116825847286 -0.353215409248443
-2.56166350891269 6.44581077865183 0.898595027798867 -2.51542648059979 -0.934924516341375 -6.24578992585469 -1.81233921862599 -6.55167408500474 -5.00765269540737 -1.68752126578222 -6.28593276512081
-1.89954076543254 10.1884073322202 4.23003554214007 -1.56302183018167 1.52063265766852 -0.581047305834242 -2.78592313508931 -3.62683416279649 -5.36112067369805 9.93384157771673 0.872053533121082
3.23768097722525 4.73576222030726 2.17873883352345 4.32088179149699 -2.20390188900242 2.30598917066802 -0.422522211126016 2.68475540266436 1.962305671769 7.19206002927504 0.816288315004229
2.41720210576705 8.80171373923617 5.01887621866047 -2.53125434447578 -3.39622890355899 1.63489792673767 5.26901424494239 3.52662930990539 -0.0208621642355973 -12.863967475712 2.0981174856379
-2.0267188152722 3.24881337765636 4.31963263857969 -0.0829606171292934 0.353079217488646 -0.259790948473105 -3.03842518127506 -1.09597920116775 -5.43743447005327 -5.65533902512544 -2.90301469479814
6.04328379159966 4.36132075121717 1.54319437579355 2.66853009486483 1.6220465794268 5.50089123469729 1.06445742840535 -2.24988649490819 1.75454276555916 4.73480390393025 7.07568366292366
3.38213173103413 6.7440196305305 2.15322356934415 1.42074941719859 -1.55309707154756 3.64316248242073 -2.09003579114771 4.86391618269016 4.18840755219009 1.46952014558578 4.67381974447011
4.66438531338286 6.63001818345196 -0.82238974277291 2.72950099364053 0.713989754293338 7.3409775513241 -2.08911812955162 -11.9317770664154 6.84243930998717 -3.0281702263452 3.48532115487187
-11.5567115759465 5.70484902471359 5.6186089559949 -0.870402440149367 -1.91855850275151 7.80022783209105 1.96781722513672 -2.18626503312603 3.79314965626494 -3.52063372093033 0.987382953858441
3.61846732442796 4.53680891938186 1.73063149770357 -0.316351068167462 -0.182362689914904 1.88058564682019 2.70558286705289 2.05639119486683 4.1568541222799 3.95069868348368 1.16005564493646
1.79636221236999 0.264053101978102 0.607376961886446 1.77764657949674 3.22946672761878 3.66861163439329 1.77884881455277 -6.4587012927724 3.38427620422195 -2.92094074081294 -0.388209591800702
-0.503022270137104 1.75638151705361 4.22760429975689 1.35869892689926 3.95397203611239 7.01464773334045 -0.329866409845846 -15.8644629801515 -0.364770437563835 -4.0228124323692 -2.2004296446743
-4.8106342180722 -1.91460646120234 -1.45939846004894 -5.76992145752965 -0.0502462082655099 -0.0181852885218925 0.04068798958144 -2.63593857304646 -2.03510686133859 -3.5420622706643 -3.22048403249486
-7.43298468961846 0.574283071316167 4.77093831360376 1.59678433443681 -1.94693750103525 9.74825355024866 3.26969471875885 -2.18626694213962 1.37875358397852 -1.62994744626243 1.32602227156831
-10.255718748069 -2.75426990259739 3.5075151416995 -0.963156040550915 -0.566367244982118 8.4489416495243 2.28980940009214 -0.188485282295682 4.69030370989716 -0.770015960617629 -0.742607529101436
0.66058276545333 6.93647505480414 1.75164532709448 -1.0340267865065 -0.488644074182832 3.19712439539512 3.47126947433304 5.47202043872009 3.35096756709453 3.81000302347402 1.00340297234875
3.74736138351818 -1.76883554331987 -0.544157374742555 2.34067568367879 1.22106810919065 5.07596288303211 4.55560016583727 -4.38823011000867 3.20087220346949 -16.5280006747908 -0.917734926747743
-1.02594360384174 1.39334937046581 1.32847454369936 -3.75876727476882 -0.477494414782688 -2.61327888244763 0.0663514725285379 -9.73195973228476 -10.0152826909016 -2.6856534992484 -1.72559870215832
2.07138372569699 7.169582084176 -1.37932281294772 3.92827083721048 2.40293666522093 5.51733362476688 2.00701045647488 -14.4382276862611 0.254280683653781 -2.8250390146888 1.33720397067397
-5.52490761967722 -1.34945732007489 0.355783984297569 0.223801881689778 -1.2019729354383 -5.57762255439449 -1.11360828307429 -9.49742221481086 -4.45812796907246 -7.62690058389513 1.0237834401835
2.4962244992585 2.51996932909127 -2.11200839325666 -2.05217188410983 -1.4489411667228 8.13163825992979 -3.74120132185206 -0.19418554682474 -1.62404699567364 -16.5941236295523 4.05705435538746
-15.9894787434103 -4.87793979146407 1.39118767026884 4.35004366035658 -5.42627833140391 7.51350719406838 -1.1981613856501 -2.48217747716667 0.0964909023793052 -10.1447995839582 4.72175736395006
0.566378264144468 7.75897336016543 1.14302409083798 -2.69161242723981 -0.781743482960437 6.43372724535479 -1.70984232062844 -12.0423680749493 3.75453238781405 -4.54368503873834 -0.733685331586419
-6.06698060766828 -7.84183937410489 0.488510924439505 2.73519121570269 -1.07335896055388 6.23474128026883 1.10261324359265 -2.09130787913897 -1.20986895202567 -5.15399243300888 2.16763622459383
3.06154204922732 -2.62634349797201 0.871096297129874 2.74244826325859 1.0295842653023 10.7538970922241 1.96766574980231 -7.62656794559868 1.49536965595741 -3.57101478911229 6.23516187484205
3.08188523372117 2.82938366271649 2.56151452002505 0.303306530621646 -0.104453941112938 2.60073771010114 1.88555792320088 5.85939537987006 1.82106263192999 4.01821519724833 3.61626020282293
5.64535583496901 4.50465714632852 -1.74180339252207 -2.9716549053742 -2.26443320465881 4.2857979500528 -2.3044104024223 -0.386652669465368 -0.000697866436487171 -13.8801288871093 -0.524988346221372
-0.434887644112983 -2.61327077740104 0.945978538221737 -1.32580005680817 -2.48326059024645 1.26831847855412 -2.22853585771124 1.80922083223827 0.0709286768881057 -11.8995588429879 1.40347168967813
5.3370549945248 0.386244894073983 2.77116275415958 5.64760447131665 0.210298823222442 9.52240253665867 4.4476061180121 -9.69433927004612 5.91833842914543 -1.56840770234887 0.81873589893294
4.90562750466353 0.698868372540116 -2.30988957991552 0.536057844113083 -3.25382063083602 4.68194368254687 0.634513651485969 3.98706658108673 3.01579142444808 4.09705003129882 1.20950176837524
-3.55375143799095 4.67317231761866 -6.81752730752671 -4.83952346926863 0.336415757411006 -2.5718480061917 -1.54040116756536 1.65891488106348 -3.50868325013161 -1.81015127734663 -5.58627077531479
4.05844431005271 0.192891048743201 1.79499432405346 -1.62764110735435 0.700339893559112 6.4095867314537 3.46897096350907 2.00404847169337 3.73639663844486 3.80489707162538 10.4785408318563
3.89870540601172 8.77925150025295 3.75709554191497 1.02736116365689 -2.05482803738098 5.94964011952893 0.988653050264581 -4.48394815498237 2.58602469783942 1.45783255265073 -4.20784302761162
-11.1708646379198 0.49738966669127 2.14127594177739 -2.70276147509605 -3.99924456488814 7.31681661183766 4.59583951493373 -3.12618558622526 5.6023503266462 -2.50740287558451 -2.12866826046294
2.33828981261129 1.6776487373138 2.55837401053646 -2.42526483488844 -2.26555803876906 1.84990417017695 0.42137674301682 2.5817102937015 1.20635155364015 -11.0307525870214 3.22913506477852
-2.33736974322186 -0.310997709679345 5.85904401023305 1.04360001582094 -3.98486397982841 -4.08792234127609 -0.681957030555551 -2.49064551883704 -5.11954131477521 2.56229667371623 -3.06028650763442
-5.82903990349492 8.37858754133545 0.283717314564817 1.55752173804001 -1.04593639180223 -0.581540547988194 -0.596209801883228 -6.25046251891193 2.19697712577848 6.97490810515161 1.67917914810389
1.46422137536114 -0.662673373916559 2.19430166133902 -0.0321266420730073 0.640068277285847 5.16554235934759 0.377814520017876 5.73289931182919 3.72087756001259 4.07848772684279 7.24131057183592
3.42472000553857 1.94377559142109 3.67866975347954 -2.74964358984535 -2.10314677975858 5.89060852093778 -1.18280086419695 -2.48209050361064 2.18044791457781 0.431526165676245 -1.03491084271883
2.21288553062444 -1.83482830627277 -0.838144371693937 -0.100106429325763 2.91837991288627 1.82059711597956 1.26646790642211 0.823238097102486 2.15080255235557 -11.545643153305 3.20442265926273
-0.263468180649273 2.594081229854 8.24200569291203 -3.01264252588214 -0.725140433550439 4.93548422794805 -4.73020987743433 1.58783676114809 2.17351365984325 -12.6090047589053 0.667609014506563
-6.2477672368387 1.57729377111551 -0.777687871483012 2.35517708259251 -0.371649612519785 10.4496600620625 -0.953255364137857 -1.39249687771732 -0.402928723978554 -2.68680011958848 2.33277055844811
-12.07576328275 0.142645696955133 4.61309218762962 -0.746566665108549 2.68848230957645 12.6018433862322 -0.20254507675888 1.60611268189626 3.13216633567729 0.824445571288122 1.44735392244885
1.98634473877188 -2.62556372031779 -4.51546789177879 -0.89898733560511 0.114612732465036 4.33682650611428 0.464926698638765 1.8199327031429 -0.0363967633581432 -12.8405472738955 0.951176115519509
-6.29655959437435 8.62093208677756 1.41036207622561 -0.528873429387733 -1.85268170582935 6.05215525358431 1.07133810693948 -2.97161643486142 -2.67774194167457 -5.18120008761022 -0.623885644270649
-11.560197989665 0.397294704626932 0.781046300933572 -1.50247277742994 2.05791659531126 11.546827352331 0.969328296850406 0.0506424060226094 0.695143288669769 -5.28645801837317 2.07072636839115
3.69518374155611 2.64914959715336 3.7362256362046 4.37232705388257 -1.45499829528932 1.22564113379631 0.227548886278246 5.26720337677982 1.88196952444451 -1.51902487671611 1.78787582363425
-11.2651819036935 -4.48571483788292 0.291596810254323 0.0783623161034115 2.42948720608504 8.98657310355613 0.87898881792334 4.07728334681082 5.77156482612144 -2.58734706912608 0.975463562997334
3.0305835120201 -4.93863006434862 -1.70115572631062 -0.842209437696581 1.27523277412679 5.55207384541741 2.97377821244331 -3.67982584434942 0.463403512940519 -12.9914523204891 4.55262299426203
-9.55486402255629 1.59745308146687 2.2182190092278 -2.23586895793085 -3.21575877836071 6.5826619244724 0.374145755645672 -0.537666572004496 1.73290342361039 -1.81909146726392 4.44110924196967
3.73823351515009 -2.30996348300571 3.38741869430311 -1.23658733064354 1.10678244877452 6.61014114942228 1.45306941941667 -1.59454618829328 2.64899049019432 -15.1188513642125 0.903149593649186
2.43225385450314 8.82019043711902 1.125418809269 0.569580175392914 -5.54421185356445 1.96107576697039 -4.04538224558017 2.97025752837535 2.34473987207525 -16.2600360583261 -0.0572715011914302
2.4694507844168 6.14570127926868 3.90783438386726 -1.66453815903081 1.621204342059 2.30735708688691 3.85185677510734 0.387385889081056 3.55717452564273 1.99780340173171 5.01305312266514
-8.83119687095722 3.18573070787728 -1.89477112605496 0.45531832095607 1.21781377035217 4.26643479537378 2.82012958824689 -1.33130041457621 3.83760411630045 -7.03282995641532 1.49657640198809
2.77167550476443 0.332642567259446 -0.416504529145697 2.87185562650643 -0.912509497337074 6.89468268595414 2.74643781150821 -8.07193448821297 1.20115752376749 -0.697988100052023 5.81744498140941
-3.30752098915747 1.21697507859921 -3.04866074673855 -3.642669452796 0.830037862234771 -2.31114847911659 -2.77531613308745 -4.95089837113924 -5.74675301221695 -9.22493954466836 -2.58856742767973
2.56252983979136 7.4665109673549 0.641015945798801 -0.880010689867964 -2.49824132589769 4.18462442812195 -1.29223798212058 8.30757510576568 2.63374694017986 3.76950589751687 4.79731591308689
-6.52157589428361 1.22933757622581 1.39555739887348 -0.472883884894856 -3.11206612115795 4.81485282507228 3.55295438928779 0.255128934533676 1.74571440217416 2.75558836238894 -1.02376795693178
3.40572915709143 5.64237215931474 -0.666198202566511 0.388914502707038 0.0563632040435688 1.70890295293867 -0.381602480208083 1.97621797595997 0.288929531199876 -14.0002149869757 -4.50109651859008
2.12039448295013 5.20077998719375 5.14034667749134 2.16369388719904 -0.759437494066579 10.1531426000963 3.73409371395537 -4.06827369746222 2.65066923238735 -1.0236348572471 3.18234870694737
-3.19993276615286 4.23810550912303 -0.386727187100544 -2.89506624027941 0.529149861103966 -1.21746373758782 -2.55978709830685 -4.16843003159753 -7.23211044855057 -4.63755159786563 -1.00506136500371
4.14594483125406 0.420210534273374 4.35921221135043 -0.961945116521996 2.43363395416223 1.81130749161432 0.798203438704996 0.745107122006543 1.3320205057836 3.0083708749908 7.72182284402514
0.111428443636939 1.35971796169564 -2.07786978704073 -2.65725039067317 1.27543166979801 3.45835621553882 7.80936017467315 0.81170479307582 1.87883493206415 -14.6560526962504 0.949471700877522
9.07662543528497 0.395672726274731 0.865161735572057 0.971019145436868 1.56286666200109 4.99847952162646 -1.18428160094699 -8.1012419330509 4.44198675524677 -2.4164493923274 2.02902146056579
-0.0874025009773334 -1.15402781332123 4.92881739268914 -0.675920373321742 -0.00787921494517465 8.1890715614426 1.53569893001917 -13.9125398949738 -1.53611890357167 -3.54939769284509 4.51893127432678
-1.45919976880824 6.54876157581697 -0.166466652753091 -4.57936143137106 0.462568481884058 -1.1449536963478 0.608318194603263 -2.37115398936872 -3.57340793301003 -3.81603607082931 -6.807664661766
-6.8058282414151 -1.55309396716736 -2.72371113542258 -2.53673401047276 0.869524801395525 -1.47281119813591 -1.34574070442491 -4.81228157815625 3.27067754614718 0.0414363814037513 -6.14880726165087
-12.4351091279065 -4.03625692794314 2.94448374045932 -2.89570032347017 2.9560335121211 7.63806354537168 3.10931487333249 -0.00412468625505102 3.82471808992006 -2.75687014577685 0.0287245904672386
-1.50020493074413 8.9249881029122 -10.2099708206963 -4.36722362411972 -1.60575921227423 -7.24333014831005 -1.30233405735173 -1.58818973133495 -9.42084422486607 -5.70387670625315 -4.72243542972573
-1.16349671945076 3.72308345388261 1.43973547321809 -4.76954844682317 0.785318264450623 -3.2750645184808 -2.94514863360618 -3.50628068280486 -13.5627363821994 -1.82145491943105 -4.60721974162108
-8.40647440069597 4.79681318098589 7.09113409440634 -1.1316668419485 -1.3152158585883 6.5489182869832 0.409806336957438 -1.88599552825922 -1.45051855116247 -6.40552746873011 2.1441830573574
5.05652891613216 6.32579633978041 2.64430836993141 -0.165252960877254 0.52361078384953 2.93113531248169 2.86676151496896 2.98669534011556 4.79669721628616 2.5436273321944 3.85815071255808
4.99780255405212 1.60390144331856 0.354471379393621 -0.263893430137017 0.526075010236434 2.41809719847837 0.881499492643167 7.26557758325794 1.80625945515479 2.80402058399344 2.79059460970936
-2.47438558663296 2.14339642557888 1.98682394065479 2.09967134045758 -1.43131062836976 5.77488064014467 -1.22906790665556 -7.26208454040832 2.81470741072486 -7.96016783635703 8.41276838487159
3.56286748132054 2.96575034171965 3.09303765883175 1.41507641196517 0.57011757469832 0.843724210222159 -0.410557287943841 4.64769901058613 4.32951895019012 0.94004757126176 -0.787424421435118
3.75201313700757 8.28302253233567 -0.204458970402694 1.65177257335266 1.06232235644433 2.11843594702129 0.411557765642718 2.35041277086947 0.521921472554177 -10.0656632114646 0.67377368334073
-0.537601028740872 1.4777242953839 -1.93241372061698 -3.20659993786014 2.72008486636949 1.2973088046182 2.20459902895324 4.85241580622906 6.24160666062852 4.07150062198784 -4.48878628456884
4.10830744574 0.325218540755535 -0.554455638629012 4.26514214285352 2.4008593911832 5.7992488006373 2.68200026000416 4.71532476275395 2.43531104239051 4.25844789510955 7.66945051966763
2.72067360642293 0.452340359429515 0.541899477359862 5.71446981656202 -0.283176422150088 1.35184041795042 1.93700758117557 10.3028079476656 3.3572150832324 1.9853461903336 4.73159698347884
4.17801378657947 8.34979281197923 1.97501149111885 -5.20586143644605 -1.3911159551387 8.14250992299634 1.74615608306978 -9.6494158127577 4.30944730636613 -2.63174508740023 -0.526108788324463
0.310385342315809 -2.15433614937552 3.14047200281337 1.36057647182598 -3.65872908588564 4.84513672638744 -1.88360544905631 3.94650240118477 1.77120257228041 -12.3260521181797 3.11877133893082
1.73340195046359 0.472148491369746 -4.44931064287636 3.96891471994067 0.0319194125868408 2.56977843186456 6.0511288887825 3.99811786480478 -0.0244974551892323 -16.6319171061609 -1.5101569396502
2.7944587036798 7.61554643638537 0.419570742249762 3.6084092508902 0.0193870903389545 5.03215235944022 2.20939316186283 7.31917333967633 -0.407798064851239 -14.2368925889298 1.30167486721387
0.218537432448186 0.258435781259718 4.61746745564436 -1.0974273423659 -1.81437680784979 4.09591075348819 0.0459223227842356 7.26677298885745 3.8174094891375 3.78151287565294 3.69640117849833
-3.96506772560903 0.0445006659263067 0.373824389391013 -1.78043919478923 -1.09608028767215 -5.22816814827004 -2.91643216043059 -2.78391114962763 -2.66071528730009 -4.60871151726947 -1.25416403676845
-5.08510745723998 2.88139030529808 -2.78425915510438 1.2738868670359 -0.188917042877362 -6.26976786950889 -3.2302270465992 -7.12765748264699 -8.04424404279909 -3.47875705987836 -2.08918902382704
-3.8542924203471 -0.808404342964097 -2.2715575942304 -6.72210423584722 -2.17056962375502 -6.19752502131871 -4.1559366701744 -4.59815366337859 -4.39417969955227 -4.38443078171109 -8.47184044199768
-4.37538540971799 7.43954007511279 2.79530899344703 -2.23656805812706 1.851372698026 6.51688554270354 1.30980979054888 -2.19843957141969 5.51845652727007 -5.42001760573218 2.58731306412271
-9.8422079089974 2.3403191673861 0.655754467245166 -0.985957450919292 -2.10669158109446 12.0086351055109 1.72908711789068 -3.2113352856511 -2.62755870290563 -3.1889919059514 1.24082172631975
-12.4476136223699 2.13616580760849 2.71296199686935 1.2350190348877 1.43968179608584 9.22376018056172 2.19524328618664 2.02923542438461 5.77456900375785 -0.771831397870169 -1.06275519914635
3.35075543160784 1.83187267621925 4.63727947138139 2.14231198516465 0.271484091283151 1.01904948427833 -0.450620991452577 3.70861249890056 3.4413270484008 -1.59901621089246 1.47501104803872
3.3011469548571 3.45345006067427 3.95247311133936 1.52863163877788 -1.69974093621356 6.08374123300706 -1.49244499339836 -10.5397635161807 3.08574664779156 1.71694149960932 6.69137679197322
5.24718446241177 6.03877747815051 0.294185490386727 -0.260700042028414 3.24199470898256 4.44169494181607 -0.348279509213513 6.96876559454805 -0.469808372635934 -15.7737178216098 2.01273750295625
-0.281436018128256 0.195224464617254 3.44187301011523 -1.49805721066747 2.50593989365383 6.55657524176787 1.11455699482439 -1.68681070227378 0.985219026850455 -11.9236362852909 1.43544697282932
1.50852675621975 6.01951980239159 1.34655566293808 -0.856492367202157 -1.76299636124341 13.5157317559193 -1.788762350534 -12.2484588369128 2.19627197988066 -2.62634944579572 -1.1333196529257
-3.31563787076104 6.88536324216374 -0.429479248378539 1.42029067014312 -1.53620212698672 2.35707390461782 -1.95299283226426 4.93362709117005 1.62351908667636 -9.8761623554124 -0.661746879488474
4.39431504732883 0.470607390848591 -1.46699756651436 2.72760018322098 -2.21896130316475 6.74080214976349 1.56444306781217 -0.571612881622492 3.55252237889186 -12.3586934974183 2.22470329994148
2.18277447042873 6.43771865703744 2.0380728485995 3.33154279960762 0.427350731652525 8.79016509398279 1.35500261947011 -12.9196178169694 1.26858048760226 -4.36592051651986 0.997729570823835
-6.57228664542286 4.05412028267478 -10.8326959700023 4.2948143804589 4.73330403059621 2.12502570156415 -0.435833625910364 -3.47213591756073 -2.30909030543538 -6.33193181548013 -5.72869932509644
2.45871530146155 1.3999145635165 3.06178549755701 0.071115849430489 -0.648857737745592 12.4715165550407 4.15198220967241 -12.3787614308674 2.20113019348635 -3.95464586222846 7.01633639513319
-5.27006241888275 3.81853208977285 -1.29574303768853 0.960409704733397 -2.04389739178867 -1.29574231202303 -3.77133494868062 -0.412647418973396 2.23454930119879 -0.878887119269144 -6.02435132467151
4.89564230628221 -3.05864031807234 0.0220104594760464 -3.16252656158294 3.8364709261598 4.09832229252818 1.833396076527 -12.7620212667751 -0.0438102559499551 -3.69076279186474 -2.45551786276793
1.88593865984725 -1.62809870635757 2.56836658960288 -1.87392745558623 -7.34161805783142 4.43031911341366 1.41138925326927 -7.84301410452697 1.96164174482311 -12.9099815133166 3.37419054145561
-10.9194171461367 4.10852089815871 -0.758645714779029 -5.07562336796352 -3.44633909476063 4.64623878690789 3.82407394812785 -5.24592429716221 3.78262772150726 -2.18103618040477 2.35749108015023
2.20813512169405 0.768862441013972 0.221249871153895 -1.42004451205205 1.66328276118903 4.92682611204503 2.52246497374864 -8.0542106318709 6.10073418163173 -1.57923871426242 -0.553287728338375
4.99278753322806 5.42646343871728 1.64833189155476 -1.5865314171306 0.262103114481842 9.72076380098182 1.37503923780433 -14.2951112135148 -1.71846656131517 -2.95873842045266 5.38272450650918
7.98696894903638 5.66019318185874 0.0646893782254174 -1.125417915321 -0.228829097557996 8.26822181025289 1.78634326173981 -19.4596766587236 0.280816323623244 2.99434484497222 3.54251106940787
4.45357799689297 4.08779147461994 4.11719977909159 0.818005374939311 1.11042593225218 2.24814285198867 1.2934008146653 6.71934878190719 4.60893658052862 0.928773095133899 7.40313393406528
-11.5969708972445 -1.83758474887013 2.66314926079021 -0.0433720973209114 1.91646029654766 12.4788115902615 2.18106034875648 -0.885167552515865 2.50537565256454 -3.87717415391025 1.14625605309972
0.468662216691639 4.92592047466978 3.68569071717398 -2.36389109905592 -2.65334316278418 4.04639542984766 -0.916842774236025 4.78538665624249 3.84946742927601 -0.991225618548413 4.24285792270222
1.15403164229816 -7.41321084007204 4.54036739732075 4.79986950210832 2.38931038594837 2.50156548575951 0.992448717360934 8.96891621754339 4.50899195704704 3.83328560722929 2.67996702019862
5.29915096036064 1.1934960265926 2.65605042523375 1.36521765513899 -1.69456400034387 8.99414902558304 4.47710994824858 -9.11706038645339 1.16210880884642 -1.13718622328473 2.15925595832011
-10.1352769120834 -1.43108084078735 4.27713851414125 -3.84683088618704 -1.43453415599207 7.52114287652571 0.246611930324915 -1.61024230334019 2.25752964516318 -2.22197974613456 -0.35795746966146
-5.9880162849291 4.89407117175131 -2.53845663746772 7.17797642678722 1.34847765231345 0.707685673739185 0.186072023497622 -1.37910385370266 -0.83914282032688 3.36264191722289 -3.83076204738923
2.69787362210587 3.53134374849435 3.07048185589145 2.54300581141747 0.0713561150975267 3.9549931648121 0.607633927317462 -0.490519559071466 2.01585668210793 3.39808506471926 2.56348350281562
1.61735558668453 3.67662977055399 -9.92680780425699 -1.21575702057902 -0.300604924362878 -6.37055629970571 -1.7957678808178 -6.56393035299184 -0.340107320957873 -4.83065253708287 -2.10364860730544
2.19870573396752 0.199886291639325 1.38500302989122 2.94304180796976 0.395241793279557 5.63135290400257 4.73838522123787 -1.29051495452945 1.01731383578288 -16.2660880589527 -3.82264352372892
-0.786161922719595 9.45438254755858 -6.02309640921499 -6.86138001566565 -1.57024906190809 -4.27533076422039 -2.50690701020428 -4.30358804869469 -8.71515140101665 -6.75506310456143 -2.41391430690508
-7.22218192823069 -3.89349395597722 2.01335965967005 1.84263306774822 -1.6181893840305 6.39427914473968 1.71456930753708 0.866411502684233 2.61882235527818 -1.7114201702695 2.97586263006436
-1.2579400902274 1.91433660779229 5.46917851685906 -1.05156896714737 0.795142987990105 2.09322029064017 -1.53594777481255 1.43681286771439 2.57828858294467 -14.0667462357757 3.49161656598054
4.5694346712548 -0.138175361355834 6.3534538382222 0.668143508345315 -2.08060347539876 7.031629188921 -3.12780218991709 -1.39059471592995 2.45945150237777 -15.7060766262402 4.36154321525332
0.890579378720451 -4.81467234480365 2.08829971453621 -1.81911333883694 0.513517987022589 3.68836312557864 1.53860966071098 -10.5124655961946 4.38061867210467 2.9698939557007 4.4370284286815
1.05494464895724 5.39264531463065 3.4256750889332 1.19833019517796 0.98001707981606 6.61354597650742 5.02387824051624 3.80961279472031 1.39631550942224 -14.5032206612376 1.03478428718046
8.72725170524556 1.15633867405259 2.08022164111949 -0.845398860574811 1.92113423246707 7.11071086973211 1.00248346459512 -10.7571492206097 0.162603609347125 -1.10899746767573 -1.64388703014946
4.20887816676774 4.38477378106586 2.94040652567258 -2.39350693581721 1.13510241048896 4.75013853129794 4.28577286625509 8.94856771943937 2.47664354798408 -1.39334079923438 7.16975715148866
0.0851487008712111 5.42471925474094 -0.113794687128381 2.59962473674781 -1.86515005092857 4.43748556938997 -1.06611140942508 -1.10548907356127 1.43392974459793 -14.4538339548936 0.285291764050562
-8.84728377141 5.46529869479742 -1.55099440638821 2.79878795591891 -4.72399720491453 8.52432795774935 1.66797065823687 0.801900950939718 -0.602650681299136 -5.05452103514528 1.9576651171749
1.70421189757839 -3.03538608816961 2.25728219549414 3.38170780005872 -0.0927934845731818 3.72855993528505 3.28204204377016 2.91740458837783 1.33806239066523 3.61225149370159 6.89280880527921
0.248058505845484 4.5670520648805 -3.41378898270777 -3.53189606099597 6.76674023415249 -7.4242228865475 -2.17803665609572 -4.70130446405395 -5.85319980105012 -6.8988961098475 -2.2381075788183
-1.01645121268389 8.32897216108573 0.380059655175423 0.925958564725822 -1.52297388404397 7.6071896396738 -0.545696511109674 0.0925761705659265 1.76884641067064 -15.4368051763509 1.77043227220413
-1.61128964861059 7.18458729415202 -3.57248123084902 2.90434034664751 -5.35493935253216 -2.94244651855409 -4.71016760750049 -3.81360522421336 0.0334362278819436 -2.00563609820018 -4.41130460564552
1.2248894562897 2.60811144113856 2.63609466719589 1.44515715351781 1.57307670933471 5.85072707251932 -3.06050080659747 -10.5227836713091 0.724772549374742 -2.71732649477249 2.84716187538056
1.06074840950734 2.13524892862226 0.938968366269991 0.687894812472085 -4.48485691795541 12.4223730130032 0.67777043441612 -14.5755780167202 3.60932812802449 2.06505514621673 9.99463520551592
-1.26842974003833 9.21687114240131 -7.74247324448824 -2.3196581127263 2.06625763802285 -0.257112525889524 2.24266901976541 1.03984075797984 -0.332912007013389 -13.5831915727043 1.92666172305601
1.97591755338026 6.17542238356065 4.19005066004394 0.681657923281511 0.927431119775308 2.82445214169697 0.523928820747241 1.23275268913307 2.44227363258918 1.85693484827458 3.60321312529742
-6.92312437105175 5.07987188453066 3.60822088100031 -1.38534930554644 2.85354082359759 7.79953803996742 4.01424404623148 -0.462997834146498 1.04220400122458 -5.30411696063333 -1.84339906192007
-5.32803492427214 1.75936797097403 -6.52365167854961 -0.624707302020429 0.727708694397905 -4.4095424149633 -1.132328790605 -1.82106933165476 -7.36927241323534 0.673381212257244 -2.37848677025882
-9.27054555655125 9.47146044361749 2.5274968975135 -0.0721469773468273 -0.678917083472797 6.89566903390274 -2.11495382283781 3.54841635725959 2.45525790497614 -4.1780547971229 2.78811495395278
-7.40994456173591 7.28411333042745 0.678907236626569 1.30903744939909 0.58999421791472 4.97150459293018 -1.08061011444669 -0.554323924394873 -0.883011410473165 -2.88305142484301 1.5164101815925
-10.2170809859923 5.96844614661993 1.65454394014854 -2.19522791101425 -2.08335275601455 8.4856009778024 7.10775068364626 -1.54556971497499 2.66476080758606 -3.16737612177185 -1.96893392742798
-6.28737000317027 -0.580299527302039 5.58432329663561 -2.45637696048276 0.923029696992223 9.50488452881411 -0.298822837240416 -2.48525943161598 0.507574912736482 -2.95710806260625 3.50498585712739
7.75876527871573 6.43462198187293 2.63753463383753 -1.32966715090991 0.249580719128942 6.07233668429512 -0.838400038308414 -9.64385998176772 0.692241221451189 -4.62430927343979 1.88346115755498
-10.8445294200296 3.52907655212437 5.37077377330825 2.09767498467379 0.347865768014432 8.1588578222928 0.557982089083673 0.489371550716871 4.68618956467335 -4.84400329028181 1.80505219730114
2.66314862723184 3.08007068193603 -0.170470962723229 0.827393642799088 0.266138284409026 7.02959275474879 2.92825635744631 -13.6133405805469 1.83870849627476 -2.51157701929319 4.34530018682743
1.51641754113088 5.27764885365775 3.2554660436809 -2.61331987232565 2.75099145768009 9.70605723471176 1.53745868695435 -12.3773849477057 2.11633453809047 -2.11161451297195 1.98233642185735
3.57973510816486 4.1407841055414 -0.275695996989951 2.11649599871903 -2.93457655084701 1.18922357829817 -0.222351176371112 11.4258619398735 -0.448628789375666 -14.1974584976934 2.61427267985222
9.04332605004131 4.79355478406682 2.79859557907609 -1.43340003454353 -3.09210898175452 8.56653080292653 -1.52679995380548 -11.1182353289278 1.22964856266739 -10.602181146164 0.375240820224328
-1.56524990488605 10.4378245838585 5.44605677427974 1.52705567790461 -3.63018359493718 -0.695157864877654 -1.31991157970493 -4.97259135525775 -2.28968449134901 -5.35375670216561 -1.43175483838787
-4.93123165035668 -6.31787980174215 -4.09490212771733 4.45668655054467 2.31400118109968 -3.11254034831707 -2.71361602742572 -3.41102356106144 -7.24694498934481 -1.4150612495706 -2.74532310391078
-3.70233238530945 4.97644431159729 -0.262559744282565 0.473480714661568 -5.42115915654934 -4.3381973551762 -1.47043942066718 -0.641918324179425 -6.27471614109598 -2.88952476017499 -2.84103944484772
-11.2006054143992 3.74879087119766 0.0111402434687871 0.742388052720783 1.96452734617924 8.12714217800094 2.99494203530969 -0.466043826043134 0.355428212744867 0.092469727419529 1.35929765039441
-13.1292702658124 5.63185451022962 6.3293133086909 -1.60169634794948 -0.935202287307488 12.8121245922644 0.512539629788594 -2.08999915385171 -1.70625707626029 -5.96564497066135 4.48392224107299
1.75024025876691 -1.55964988542922 2.24311368878421 -0.177695572592021 -2.29940490481482 5.99076556729819 1.7937633800279 1.85933662208856 -0.988985134075194 -11.5499534925473 0.070248870823757
-2.24440678375745 -2.51937809019498 2.48515082764393 -0.98699010549986 0.0635571889631354 3.93154387162489 1.13840414646745 5.79598969005842 4.11976674412879 -12.0485491012357 1.46202415282145
-6.05931030634708 7.02512690917946 4.57972313174448 -9.84571772983889 1.71525814669729 -3.25759291409206 -2.87397762754562 -7.22126860959954 1.16384418890371 0.767115811860203 -1.42109871957492
3.11261654318489 2.38894932089164 4.23890132117289 -1.60630504870105 0.680786739112279 4.94164736927045 0.554802601810312 1.60010917275864 1.93754597018101 -14.5722053293681 -2.74327148013588
-11.1612986393264 -0.678389393927412 4.41061524213873 1.94348538822278 -0.58075952431365 8.376276416031 0.878654156965003 2.32513758402817 2.22243082516202 -1.60887690310367 6.39868079675404
4.36081344936228 3.59500025944089 1.30754863791612 -0.321838865989413 1.31435267608671 3.33784197277721 1.32956885064973 6.97823061248721 2.74116542192574 2.80350372309147 3.09438736778859
3.90640576338802 0.35196050810545 3.24519561568641 -0.700013554722171 2.69583442805214 4.85644502754159 2.23383758562289 5.9892325566815 3.82498248096103 0.0662119437374371 0.945490650962674
-4.20677719754474 5.10944790510722 0.251223634958607 -5.60110322049962 1.74164404529689 -7.43792208729725 -4.45590668770045 -4.57702979960307 -9.90972757005801 -2.13051048433986 -4.87593434387889
-2.23653532887449 3.99456932000261 -3.67276503392491 -0.579602553568466 2.04414990120896 -2.01186402093272 -0.473278122329917 -4.24175322703128 0.525350590812556 -2.04928079155276 -0.497911647918253
1.90576945087348 1.49017815126449 -3.46330618077841 -0.265083744411632 4.98005162009062 7.74469701828602 -0.24445994379372 1.08272261964812 1.13390354265232 -17.1368653314117 2.17745626723811
-9.71091764243828 8.09456750046918 0.35354014190265 0.762605001513399 0.0376888675021909 9.45854133114279 0.714625259831614 -1.34445613716962 1.44809953273845 -2.9642831572106 3.62208868558219
3.68829666597924 3.4324826605732 -0.944706098949986 0.296758857043512 -0.392213400423031 7.93127774832601 6.65865847760739 -9.88519278228396 2.55891402119858 -6.79199273858594 1.94567729543346
4.19754535858562 8.74891755955265 1.87316234412588 0.839877841328103 -2.1690483463998 6.40976309082427 2.36988574838788 2.53619181569576 3.95750746236831 1.69734650822329 5.55582692013045
3.26247533417502 1.45397551154888 1.90258980857728 -1.38169004822159 -3.21119628918003 10.429226534583 -1.67639363365816 -11.9073634138974 -1.08358442199266 -2.34892414824797 5.37959817294337
-12.1407416606018 -1.57862759999494 3.34064236153135 0.420915667341614 -0.775715259730249 12.1216459700698 0.0844245706066342 0.64391945786324 -0.606544664192981 -2.1146783463314 -1.99217229607511
2.63400261038716 2.07408894608243 0.148927084325159 -0.381207311568884 -0.0958536303459682 6.8229385507865 -3.45383791655902 1.74218469907746 -1.8318583972629 -13.9549564931462 6.0059271598397
3.58849623679812 4.02050562964817 3.62715595214466 -1.01547636345053 0.904755148003865 5.93026565174137 0.262073618429989 1.6548606934178 -2.1498076582103 -13.4824161837133 2.80628133012738
-3.2659811355332 5.95223999014459 -8.62136658495445 1.80902353522499 -1.03894043193665 -6.99462738532196 -1.27385005739183 -3.5429381304981 -0.272732124675787 1.90436900572598 0.162290100558419
7.26032109043173 2.06630869338657 -0.0521364445619152 0.650042038945253 2.75473593496839 10.5806239940272 5.9634834234082 -10.2425598297506 1.48125523801077 -0.877781825630019 0.568032195184454
-0.686497425551438 4.2057602776113 1.06471325815222 2.34425654349936 -0.234679923660661 6.16404715429373 -2.13544939578013 -12.6676462624757 -1.07920904451465 -5.41671371671225 1.88258316245218
2.25910251903142 4.39610881818375 2.39019444585861 5.57053440343117 0.705106267966554 2.92500573878516 1.6022716467828 2.41861040771907 3.86422972645961 -0.58743348943438 -0.591028811112234
-8.68639394364363 0.522942284753202 3.59360722074206 -0.610518475233484 4.49834433825931 11.5535923383893 5.11699645398303 3.01262404915939 2.85785162058362 -2.21792034781581 0.389735635849782
5.1787463993322 5.93657114661937 3.21643896796508 2.44043966162328 -0.854001837302633 9.28477101290084 -0.0709014148681879 -13.9197780721959 6.53172412427467 -1.39214678516384 -1.07347293287266
-9.46454613529975 9.86141458607818 2.50960017962603 -3.37729104637562 2.36938773774758 6.74074082899749 -3.16959090185821 3.13654602026083 3.50316539715725 2.62520772653029 -0.380124080420206
-6.29269277642409 3.28760677240246 -9.09580422186678 4.34384193819175 -1.75772731921871 -4.98181466380639 1.1613738850575 -1.39943454380026 4.20676202517408 4.49890224189358 -0.176418172108738
3.9720115995281 6.004431694478 -0.103790801970046 -7.3507538765711 2.56691941001412 2.73464988052168 2.39982063574986 2.90149849552181 2.77259880238349 2.76412277238006 0.623689074529093
-3.2662053945681 -0.614450648972718 3.14957606217341 1.77503479032763 0.129164264479627 7.61322505735428 3.88921803549858 -4.88365603603629 1.26645966542776 0.27153990885919 9.39035924342907
3.91607008941763 4.25794950181388 2.23344193530583 2.94035306159081 -2.11103173501554 3.543576677984 -0.0733349031618702 3.79221143637174 0.826335134005951 2.4031351223709 2.80511794561907
1.69871250872625 5.09668405484253 -0.980078681584304 0.807073601035865 2.65240895556357 4.88208987730156 3.23238794419717 -2.16481454563367 0.0899491851186498 -13.838522973838 -3.28075904455943
-6.62276538726221 1.12676290848282 1.10596670862532 3.53103406504035 4.14536406143243 -4.27914388471803 -1.71285159764213 -3.67531609022599 -2.66505733358825 4.1802871883742 -2.27166766222632
6.11040629727875 3.78783401388812 3.96067630530667 -3.57501332730781 -2.04393642942143 10.0420742132009 2.52229832416151 -6.56067075555196 2.08634798927406 -7.73168276767355 6.10095621151835
-4.66669408016959 4.2564986458916 2.89681949358068 -3.51158417122585 3.84834462749061 1.13586362036795 -1.42489109524107 -4.77032400655979 -1.00166087580505 -0.935846808625894 -0.241703198723825
-2.36316476101128 0.0304277686747403 -11.4337656397075 -3.33792258949351 -1.59045248126408 -7.85358215217248 0.489079389074938 -5.69675285306107 -10.483395433403 -0.87226785683909 -1.48910764814106
-4.67656304504071 4.23195369060739 -0.789870907114723 0.233294383697108 3.95279192868146 6.71201569487035 5.14092085757776 -2.40861228196935 0.476968646624244 -1.4759424661788 1.94432633403298
-0.594942328236631 5.74799751803226 1.71851140942586 4.63103849754031 1.50638518323208 10.5896971209262 5.50785925182373 -9.69866118006536 -1.27886010693956 -0.706847093468658 2.11062696246249
1.90198703433167 0.326765474780914 1.199398684719 -1.81440111657419 2.28384174530828 2.41260615473206 4.77592527586686 1.07317723947612 0.944624695355711 -13.289531268562 -1.40502024125247
5.51133671255938 7.47833319619912 1.85187966756335 0.417664532206983 1.25684493424811 1.42748998207995 4.84118132701953 2.91769391487473 0.265702066481522 6.45621765305116 5.21348548917453
0.903819107580975 5.5534036775683 6.21565052535832 -1.59020783029344 -2.69403344058342 2.40962509232412 3.31286856979783 3.09252466197551 3.55699249741956 0.783402336607183 3.89789672429684
0.251599397407847 -0.990659107655242 -4.05263361735067 -2.18080437066673 -3.21465294570656 -1.04694373820257 0.422372615403788 -3.38944408102666 -0.628287234037791 -1.04841670139464 -5.11948269497648
-6.24997907585862 4.83224660204615 -2.49391572127444 -0.085724933814221 2.42714260554935 0.547243438838731 -1.0882776515538 -1.58236868527388 1.79573801947373 -5.27515273161263 -2.96345788655332
-13.503184042345 5.90290763622142 -0.817110704281919 2.04504118455577 -1.64577068763352 10.7687830009176 3.44266047988189 0.0644530736642739 2.8465825301945 -4.86427958678423 4.44379980427523
8.37897211105114 3.23980402748857 1.83973872674983 -1.47273922961641 0.316433517197604 10.0458798770266 0.323674066590312 -9.45233693876176 1.16877542609454 -0.711609890721838 2.7244413580122
2.00305480107392 5.96308189019068 -1.27832238652651 -4.35889436287278 0.422161640545132 1.14454982931296 1.69339073011152 5.40503554860411 1.69596399458471 1.5195041790748 4.99804566565234
