x1 x2 x3 x4 x5
-5.5443792650344 -4.03083836623248 -3.26857599911628 0.381325306249303 -6.66287560652455
1.32522528993129 4.64530600097323 8.26765312862878 -0.937511877031244 5.62537208237426
-1.24417971085682 -5.22950713595414 0.471240064151329 -0.974694196961039 -4.16418704473608
-5.04038067924211 -3.73215032743473 -1.86055471458438 -5.20022190161015 -2.83743588137582
4.74398617320418 4.40670996568942 4.45687167207911 1.49518165862074 3.26495428079035
-6.35843964478594 -3.40344846580275 2.93375197337316 -3.19267071618232 -5.2876044408001
-6.12169683063105 -1.43105144793212 -1.2011857122229 -0.937172795275091 -10.7361456751717
-7.94033463316589 -2.36152784693341 -0.28962914623174 -0.453652615794255 -4.03479801189425
-7.65888092707487 -5.82409505686843 -3.37035978438124 0.774773006892313 -4.52893917479017
4.21863490168634 6.34210424032518 3.03080912973511 5.1149890122937 5.88908638965987
3.76874891816905 0.474930885215697 4.94545207415674 1.84629802826221 3.84815424900902
2.63363042336797 5.39306085748801 4.75874838464512 -2.64418789965321 4.28586891428999
5.17452245485072 2.17336337653545 4.16792773982632 1.16251673336818 4.06708223137242
-5.02012271728451 1.00294388952613 -1.58750940591293 -5.96902346801023 -4.75919594290623
-3.43642020078428 -7.50764643680787 -1.5544359804658 -4.28125031198972 -2.45229880478881
3.6036236219009 0.166221557201416 4.83288400575706 5.11551751405982 4.12250513477129
-4.82124832480674 -5.15800895607269 -3.15187435419366 4.28418382443514 -3.7757695057892
2.56168393861463 2.69682021925872 4.67413704675787 1.19340045411942 2.39097088860856
4.18859560692426 5.48803578991746 0.42407372728628 4.15967950497628 7.11463297898736
1.77338226898434 3.84309280290881 0.800789329577561 5.25567955486152 3.71877826497787
3.81712073370843 -1.30705521750358 -0.681582918009989 1.91458654243668 1.03282736124073
-4.55385275498251 -0.804606239870447 -0.243363954883887 -8.21628967811668 -4.87983322946548
4.69324067486994 7.39941553504188 5.30101988853486 3.21901597891582 5.63235686206166
6.26239479984243 7.71533829434884 1.17152470641 1.65540135319923 6.13242715851254
6.47274861366129 6.00060379116973 4.60653914833596 5.11654366552673 9.20543851443895
5.46389439794131 6.01067528585533 6.87308651576285 -1.2333813876433 5.10653708006031
4.57821431394146 3.76690503811859 5.32834044724656 3.29704871479458 3.03025075702296
-3.93826674206912 -3.47668149868168 -3.13483866708133 2.76609829683333 -8.74885327381899
-6.40009418008998 -5.94401278811362 -5.19892258319033 -3.86573550475068 -2.48269707707929
3.86878491107477 5.73241995936156 5.12225136907428 -1.39198234778149 2.00191867437046
-3.78182466120604 -6.88063738595056 -4.82762733176202 -0.870957561161761 -5.00671065660626
7.61107170149838 3.1401848170159 -1.42082843346608 1.8578357667515 5.3265775542456
3.21978275928121 2.1059298876508 1.01896102781983 4.32325051421487 -1.81715084531917
5.92972149778924 -0.425401778700962 5.47448733415453 4.54961139212157 2.87134071453345
2.34253784696726 6.60448732711609 4.1836888610611 1.37787452695241 8.1072911119099
2.99396788757384 2.34962560549662 -1.34706776965678 0.93979517290369 5.02724367270772
4.75515737439433 4.02168072158397 2.86564655649848 3.8215834354553 2.60633892940165
4.67084300695272 2.54061470667436 4.54801715551825 4.21071716782413 2.05679826202848
3.13684035111244 3.94199278014765 5.60364234900307 5.49954219837514 4.74879134190792
3.54218487678248 2.63167457232191 7.39131062337928 1.2234127777911 3.91517350389254
-4.00030738973263 -3.37146691181927 -0.607939659505921 -2.09182368101316 -8.00835099538592
-5.75739447383592 -2.90198365673477 -1.88559838392391 -1.62885255814749 -4.23439200886678
-6.36438120968567 -7.02235232889876 -4.10329390646081 0.5216510323781 -0.812678208873504
-6.76363107820309 -3.48569440897193 -4.23988585891181 -2.83017780950948 -2.54435468415224
1.59068998047542 3.88437109672821 2.76593775307658 0.76889602406054 4.48990313001291
0.0979230620517262 -6.05924197196443 0.59498804016931 3.33163759478055 0.645108894566738
-3.21861840869514 -1.31488325442415 -3.95560346653869 -6.19443021704552 -3.5048325945443
-4.8048232268921 -4.84660390297346 -1.17960563735023 -2.68070160996611 -3.65525120895451
9.58927012881554 2.25890910584398 5.53939502269933 0.978422230009393 9.99299171765415
-0.662092750190939 -7.0305755403221 -1.17965655827235 -6.78905467837251 -2.086360997493
-5.72434440219564 -2.12987030627401 -2.42592192786996 -2.07874910051672 -2.44994426550074
7.15220855776716 4.07100005709402 6.35206573987588 1.20575823668838 9.45627255176371
-5.14559202071959 -2.59797082615663 -4.65681462705319 0.430687476077544 -6.10554184878081
-6.0359076796867 -3.74602182669387 1.32916976071767 -1.79725716501538 -3.31849639239061
-7.4541870296217 -2.27877613997328 -2.96938395090124 0.996294374665595 -2.78164495663499
3.28187096036481 2.52071155449899 -1.21154416502552 5.16529490443723 4.57024021246869
5.17340181209242 -0.165225223244466 1.22755169047534 4.4165277451706 2.61713239136518
7.00384027489569 3.66539638714345 5.51488390327772 4.69592654878041 6.02169253152453
3.20850077856264 2.97662408075121 -0.670611155187832 2.33592546851627 3.01215567915613
7.21990556111757 3.46778738977601 2.42777936022426 2.69215951537023 3.76652559053408
6.82549577620025 6.8848606272177 5.1106104031705 3.8938271284969 7.30148107333079
-5.44664809043397 -3.37081841280974 -0.844637996327811 -1.50653836919663 -3.79131684986199
7.22376077217449 6.11010923648123 2.75435962533121 5.41970034564813 4.90120178978388
-4.58480226593165 -2.52028558026628 0.176215602701585 -8.8232596688222 -6.97889040944113
-2.97859474551878 -0.552764217333635 -5.25711067476892 -4.08445935343967 -5.22836684738494
-3.01281687870695 -3.46083137135628 -2.66921958630315 -6.4366283439125 -8.60983706356417
-6.0755596695472 -4.23009162170962 -2.07522006515155 -2.70661219341009 -4.28351272367371
-2.75059000201797 -5.52860437068041 -2.58009469816464 -0.626883598863142 -6.20873976725774
-10.0931444644365 -1.86205933516372 -1.95020757294707 -0.326436808606149 -2.89989774643502
-4.95622314764458 -1.04526126408834 -6.47702237658457 -3.94772198017289 -5.61223971023814
-5.04042864900525 -2.53457511727619 -6.6604574045362 -2.28261445336055 -5.28323187016703
-7.90805153598534 -4.32131316442779 0.674973322256622 -4.63743368307994 -5.44835912177119
5.07993892332874 2.54737568325524 5.97214868782162 -0.509470780420768 3.49938800618639
3.4352706104762 2.50429669560545 -0.557779472347263 3.3133863678184 6.52184863604857
-7.06636431483733 -4.25553888902626 -3.27715136006668 -4.41743565541507 -4.398925065529
3.51512345736588 0.189357934968619 3.7310644498306 3.0147738489406 3.92602669898506
-3.28062775892311 -1.93327728154829 -0.953502161657273 -4.81376453709452 -7.13910056306862
3.46664473016691 4.29094626283827 0.680488181874292 4.86100782501051 6.63366744736871
4.91791588010256 3.64109122126241 5.40778694619252 5.91555889874284 2.74021991420079
-4.06145684414122 -3.34985248557691 0.897009838944955 -7.11592803486219 -5.54210071101645
5.04478525894868 4.62015584433959 5.61046713945542 -0.205598034168065 6.6036728942118
-5.46300975366783 -2.4691778872873 -0.153689056409216 -6.69109814214852 -6.57818061088519
6.57750851436853 3.91381388628955 2.70043484765117 3.76064922402567 3.06496134205368
-4.2776422497868 -0.888909353000379 -2.75793416824096 -0.271095635218498 -7.19453334131667
4.36436970705231 1.39846249746843 3.71283911908413 2.37219720578052 5.05426482102737
4.81590931119763 3.9039812923902 0.191913321372217 3.71587245932049 3.1445480697104
3.52856364625688 -1.17288269780903 1.66519723283563 2.30010924652727 4.25311336981981
-0.632639162359008 -3.86853278357545 -2.1081156204082 -7.30276082765688 -6.54894764497063
0.752328817199158 3.92216861744189 5.3671552549115 3.14136885888854 0.807640942392082
-4.58989797940785 -2.34673206487479 -1.70973946067359 -2.73208761828497 -4.78936970287736
-2.07775772958514 -2.41861032782414 0.411269619912398 -7.59399089112791 -7.12601136007862
-6.9723018453926 -4.10765205680655 -1.55069247499716 -1.56237753975459 -1.93948582389594
3.77001700714682 2.80817711962329 0.168902619972045 -0.561838008597813 3.01635880451322
6.77150734681922 5.56546822964308 2.30950263467155 2.22270796148125 5.04422431242441
-5.88206967656873 -1.97372610029828 -0.138076521627736 -0.0827706147678375 -5.65732435420589
2.64411994487459 3.34267612249259 4.88819403790937 3.95544789965301 4.17431238472594
-2.2086876710253 -3.91019750549528 -5.57950440428628 1.41922277316906 -1.53907772589116
-4.65702724085901 -3.67867404250609 -4.38063358744746 -5.42613478305818 -4.37986258978985
-6.66923066651226 -0.906526286720549 -4.1008430770593 -3.70875305614113 -5.59890849029065
-6.17542612019653 -4.09896604634921 -3.36687857859319 -2.64392524865936 -2.04937662611499
