x1 x2 x3 x4 x5 x6 x7 x8 x9 x10
1.55697108081644 6.72436219755782 -1.77577783763284 -3.10503629273989 7.1827111330498 4.09888795535688 -11.5240704824422 -1.86260395070503 -1.30225079206597 3.41082171090412
6.00770052342966 4.81128826154325 6.4049952889447 1.17553873065534 1.29279756875632 2.79596767204361 1.45628972142678 -0.516432405155274 -4.40056386683389 -3.7188057723982
3.61820996395207 4.79455802667297 -11.358755041798 -5.03640532397285 0.765749580485311 0.590733092874739 -6.07867300399741 5.33558448424941 0.259419890143363 1.03841321354462
2.29557305144171 4.14007837926428 -13.8579034426368 -3.12425720737804 -1.74098820096903 -1.5420829072988 -3.5446220233359 2.19059569365956 1.12589522681415 -1.34297316338013
0.59374146990992 2.43030437659146 -4.33569564756293 -2.60217740166668 1.36752650763109 1.79304620758225 -13.1627964735446 -1.64191421267779 3.26759814340002 2.57534880378224
-0.0681193308653008 6.81702794727267 -0.714120260600229 -11.1563102520659 -0.0797865500130395 0.276754683682887 -2.63416719668212 4.02082062182323 0.636023254972288 -0.407171972306973
-5.01337374186979 4.01269316648 -4.83079210177391 -9.90002604422638 -2.82620445269794 -0.728112941582682 -0.188834588370235 0.263432836509261 2.62446373890145 -1.14552696529925
3.67265786638079 2.48158729769496 2.18876551819341 -0.813070401726633 3.90829755184494 4.7651468282127 -11.7290986262769 -2.61024039499151 -0.513170507026736 4.41319038097103
6.85910469599865 4.33871509407172 3.38665087471187 6.38413713238645 0.0915229269867655 4.96854374675108 0.107036549067411 2.79799365232601 3.43163999001944 0.897252531235505
-2.60466909298708 -1.52876463582508 -0.643571274820405 -4.82416470032748 -5.11188090203557 -3.77939971468363 -1.42335616638364 -2.48221892182612 4.35054973316903 0.49134539526578
4.90660260242566 2.45442481041584 4.82570874716593 4.51624738749248 6.99606812655688 4.24750303304367 2.06754300200877 2.22683376833758 0.532046987849911 -2.16642109732376
2.36780062576467 6.36555223637707 -1.40168609567232 -12.5774681240685 1.11217868168482 0.660704012009241 1.96895612913689 4.96456450894659 1.31328098528737 0.716623636461661
3.07757526888859 6.24852619743862 -14.5002495405405 -1.52569011249047 1.25160786018695 1.23994812651344 -4.18858021454272 4.61690341818545 0.369953102525156 -1.27122130975014
0.10462449944219 -0.0485290689764977 -1.1945680109883 -3.73074086504766 -3.79467115179255 2.0074954542798 -5.17841412860105 -2.70734072240242 -2.94435927581369 -0.72504760686749
-3.13978992361012 7.76604799425292 -0.798361859273093 -13.3540114648633 3.70021014890034 4.07118397246293 0.125098642020795 1.62338102727191 -7.88278265403313 -1.54977067047957
-4.23839204082761 2.23829095504361 -2.69703275898133 -8.956330996326 -2.4404871983183 -1.03119903015486 -2.63055087890978 -1.4723453829118 -1.79045472678759 -3.76134807394557
-1.70155821886509 6.18994605161312 -0.67911346343049 -8.99582550368517 3.82149582711955 -1.25486746675163 1.35889251911612 -1.44253159615092 3.58611270860936 0.754233315718499
0.97500723606138 3.25223187601183 4.4775297974309 -11.396772363496 2.92626193403966 -1.5383189109111 1.48445099309418 2.8989079435871 2.44784453886941 0.331496949253726
0.361280704119985 8.37595174439444 -12.1023668687093 -1.58691320596574 2.90872337826748 3.49675972175233 0.449324747901364 -0.792254294354604 3.28201469261214 1.229320972534
3.77757222603338 1.6639700577654 -1.03732497370355 -3.55257062330747 3.19627017046955 1.43721983228774 -11.8106832992015 1.76278965653441 -0.222969492933588 -0.784483727207458
3.66055538974493 4.72075868297215 0.0485494061031713 2.05473454082054 -1.13702124908696 5.1499492985382 2.44292726864147 0.36577997151416 -0.099884906508742 0.158283786692955
3.82516747595335 8.60586448509954 -9.00698576624708 -3.13972283664885 2.03218836563981 1.28327587714256 -1.21335172682267 5.68898670233212 2.3759938188391 -1.74708274755854
2.79395578684712 5.2800677309634 -15.737915598402 0.859837562158299 6.01565835205641 6.51747422777922 5.58230448474275 2.09157427515214 0.850542813435004 3.3085017068603
6.70982075375125 9.83912403991264 -3.34433459866957 -11.323806912717 3.56791207309587 -0.292201290029399 -1.62905257486222 0.257837681861415 -4.59401108406686 3.59288441262508
3.50066457708297 7.00340815521803 8.97342238761653 -10.9802897750572 4.22983096359897 -2.96621314180376 1.00431838909879 2.13670603854094 0.872817128207303 -0.401517852250513
3.31574751482026 2.78941109103132 -9.35676833355578 -4.3887374795484 4.09252018735804 1.50234166458856 -1.76651173112714 3.44105763414996 -1.05251763314494 0.594753154951914
1.74269606836148 6.96198264456486 5.58205075550143 -11.3165140978422 2.35888627425639 2.27933628589989 1.00355517787069 1.29032509152989 0.496697563902466 -1.26246018297779
2.22996718004719 1.95741043637589 -2.11864099088257 -2.43801205167769 5.65128741230906 4.79426091556554 -12.6767517609955 4.2228921983636 -0.897096497274934 -2.33461670746283
-4.51699743488833 -5.24712755208919 -1.89767965776154 -3.85655413854418 -2.80430800651221 0.54215776305429 -3.74207508559344 -4.20855241511739 -1.52121356997682 -2.52013717813376
3.8303010481794 4.50483856405089 -13.5702506256247 -3.47956339788955 2.01394317626668 -1.29656365039495 0.77813417321886 3.97710301387146 0.6533203354786 2.00652281626629
-0.0692969567194184 3.47237103926937 -4.6245093972509 -12.9558842922705 -0.627355800180134 1.5204633077174 1.17350843442759 0.169317259365165 0.670975005979255 2.20414761434424
0.154112216749057 4.36981214580935 -1.26214789463151 -5.07009787659098 0.633098438999327 4.27111926277423 -14.2177829407984 -3.74292682611603 1.86074365183376 -3.94935044812324
1.74851080449141 3.57294043788676 -9.10607304027181 -3.02141973003114 2.31868149639032 -1.20962147480825 -1.51109398925063 -0.0750050885571951 3.23336441058518 -0.440285149898891
0.31609857162683 0.711368409839016 1.67960375152755 4.54404450443334 2.9272232762283 -0.407290318065863 4.38407873606062 -2.26514627909329 -2.99063640517077 -2.16131791277222
-1.17391679811188 -2.50074072790171 -3.33641506616252 -5.43904138459406 -5.58128436702155 2.61122743302157 -1.77507148499343 -3.32728582932373 0.651309694474381 0.76534478434715
-1.66205505209725 11.6021048897591 2.63066287036748 -13.2639788458756 2.47664812678971 3.76794578663082 -0.30256295089289 7.05506549242643 -1.96166426635037 3.29045000257226
8.87279005018887 -0.0216163484054315 -0.570643031996415 4.13772421758676 10.065035654308 0.642276199845805 4.44464141046469 0.978164485843167 0.157875024679991 2.42318584031813
6.42134861088482 8.28432541565404 5.65880939579674 -2.26379147748846 2.04339240185188 1.37159691775999 -16.7181874475917 -0.0464980633615513 -0.988531291678068 2.1492052919992
2.52606373999322 -2.28731163931893 2.26296606125852 -12.2018963401859 2.3688776182411 0.274979916396431 7.31130680067926 -2.46651064678195 -3.54508026914317 1.70943798351457
2.28013697652624 5.8041654173007 -12.5774239674692 -4.2030606222291 3.40372602482267 2.74960947430332 -7.97002429448209 1.7794282028623 0.893559418722067 1.86741583302785
2.05152254020601 5.98175377318342 -10.3405118217466 -2.56063970552119 2.82687925033881 0.804290172113345 -2.81643224325681 1.49071093334713 -2.52684260250265 3.02131550355311
2.37246350416694 5.45864348244281 2.11565501938855 -3.78495172794764 1.75431041719839 -3.70127475782727 -11.9516184206387 -3.22230976820457 -0.17075692189323 0.260007438725495
10.2202300532185 -2.44766694641826 -0.376806736411594 1.07997007732072 -1.99969894157295 1.71101312549969 0.976133376829256 0.112631390754798 -2.14004931550151 2.74733657334778
6.95318187304462 0.82871352470854 -0.231728110312585 2.62755170933232 6.13380823391061 -1.96797782515277 1.94734688887345 0.037985869647934 0.69979395063917 4.29761757417352
0.867023227102555 11.5486839755979 2.64024807830509 -10.8893582204648 1.05598355987976 2.2225403187224 5.92783860424759 6.30671789843742 1.10532957849839 -4.05679119097045
2.58248610377473 5.99159751654839 -0.161046308354831 -13.0544224463368 3.56686796103299 3.25515923324004 5.47648096228869 4.43868006514362 -0.115855669519003 0.821722130403281
5.99994078640125 1.01892495420282 2.54542625733581 -11.7823460661553 4.29186014759175 -0.959281669271568 -4.62878755644884 3.24012188004201 2.58831479315019 5.54453725796044
3.38952558102978 5.79542553748115 -18.4304910691225 -2.83762098368687 0.428594674823056 3.32496031920757 -6.04802761421648 -0.211274879657246 0.526127661028865 -0.179488491529618
3.78151755651381 6.293717622135 6.79910586015838 -2.59411407275805 2.31569884031352 -0.465463510154718 -15.0978351685162 1.66471575254641 -3.91143667729012 -0.617566191956336
1.63021525887556 6.26737195643396 -15.9076269263068 -0.562930848760973 5.10050269541969 -0.181731153892179 5.87557860998044 -0.777319544041917 2.51991043848553 -2.23378662025625
1.29247817770973 11.8505315413378 4.92650641734436 -10.8522633471068 3.63269097285989 4.87692296961984 3.17365838752432 2.20662865659247 -0.288363080491501 -1.21041134558936
-6.60969711179615 -3.25848822951017 -3.81664484352573 -3.43558178803268 -7.18592005229683 1.64336762171125 -4.32685300785076 -4.26900527366111 0.4634497854308 -8.31215452155703
0.727022119638945 4.43970806015543 -9.36408459435381 -1.81096535514949 3.74502334835251 8.69946978981835 -4.10074365705404 1.02952185482706 1.44399226819247 -0.284854004305131
6.82661462765325 2.59447607301659 3.92919504103724 -10.6803292673017 3.69321423639266 0.157943013481704 0.292511351661039 0.36538667666881 2.10958574865316 3.94033147598697
0.298262844519578 4.12034653549235 3.86419154628229 -1.94160222155301 0.147315234674694 3.58785867557206 -10.6726948466845 1.61696195768197 -0.915077730999415 -5.6530486317771
-6.31215961213653 1.94905497501984 -5.93213912760309 -4.81010281964328 -4.44655486053112 -7.72531344202739 -3.52545999217417 -3.85925824609399 2.1415724693401 -3.88254578310479
3.25201364314178 9.65351475408027 -11.6399820056911 -4.13135822364096 3.65074727072856 0.189786340989065 -3.75869524728416 -4.96687685053701 2.19933631265932 -1.02942371027435
3.67846175552394 5.63116957241146 1.18024540836932 -4.31385157799773 2.22091254952756 -1.34582490308753 -10.7065832117921 3.04842385107333 -1.20887718461645 4.21531785636586
2.40416322275916 4.23272379731313 -1.69441168271229 -2.83541138592754 0.906184915783707 0.999580399359389 -13.2558169973972 3.68123422543413 3.96340840457794 -0.448694016475288
5.07803717212447 3.0159529335157 1.7459344851543 4.91828666112387 5.24340405781741 1.86083524922248 4.67026186651319 1.19196283951692 -0.338398557391804 -4.50165973768931
-7.22749593052413 -1.65641903021136 -3.51410115678731 -1.77581798025188 -5.83211726098001 -3.31256917822649 0.42489354884853 -3.86345386497965 -6.85744368579883 -3.04164399615453
1.74092521012926 6.76694084130495 -10.8681998071117 -1.93908305611024 1.84319889110249 2.9300625471789 2.6419036893321 3.40367028408127 -0.743395896023708 -0.146246274281872
-1.87601665816622 3.96567383124896 -13.4028883104824 -0.838561996845542 4.27644888362694 4.83147108471941 -0.202750600089946 2.91985913640717 1.59021042099492 0.510712527145638
1.65095322226154 1.20563968540868 -13.005143572172 0.271144752368672 2.73300690964428 -0.0229759426423383 0.646232676009552 1.33213216915798 -2.37893458526222 2.79456182841728
-3.68224064127329 -1.15884528651143 1.88569789957934 -0.734903893637598 -1.70081803983631 -4.54619773148602 -0.50737730836433 -1.28129005305862 1.16681285794287 -1.81477660567035
5.72015937610635 2.51752345137919 -1.70291716886612 4.63638796784276 3.81630959516881 4.38646300937092 4.46921652347891 4.43627095242714 -3.52777649232663 0.472369725390507
7.71135404191376 0.0990869962168253 0.108322358817434 6.0120389757599 2.35501749329175 3.52832835326129 7.72315932385169 -0.902556531095382 -0.847123786111433 1.87830149937956
2.47320246475419 5.20478242956074 3.2624806153779 -4.9007812694937 0.249838899789775 -2.23973351270595 -17.6174288557254 3.87343632806157 -2.33394553211224 -4.06219739237601
2.5613786035524 4.37490749288767 -0.866599839327692 -1.59474774549588 0.466129194238568 10.4145668277922 -10.9371630354449 -2.87323253642561 -1.47005467812515 5.4760407444469
3.43058042224854 6.01702217013071 5.61492523533629 -1.62275398406069 3.97377622237108 6.43891793497954 -7.84727848807074 -0.260836561686405 -0.595714603999129 0.075440649475338
4.74471510419944 2.61231864206258 -13.9842245244283 -1.14149550625785 3.33419834339693 3.28256111559866 -3.75532805839286 1.35973557851393 -0.655595024038724 2.32171871520281
-6.55112566168751 -0.322990983474455 -3.56330114554532 -6.11254752424647 -0.992138056056191 -1.99691890906445 -2.4380082433938 -1.47171054878839 1.65198195373384 -6.10821612907231
-1.67059010544189 -0.431715871261142 -0.134932185589967 -6.8578351282858 -0.771774242148215 -4.07742920694001 -2.77039398038151 -3.72321538999224 1.48054409985121 0.206295724524713
5.09752654262866 6.06636948287507 -8.43319010339765 -3.68541761717782 4.69448645632527 2.13354692207006 -7.02357238971005 5.23934828744402 -1.51206905276256 -0.372500228366531
-1.18879504331094 2.71285862850771 -3.17752232330972 2.75116228586788 3.64493171651127 3.13325413541467 5.5062293327727 0.544160178855552 -2.07059415080123 -1.17776642212303
-3.04610061465573 11.3860626576731 2.93674159468185 -11.1833998191624 2.65880159310656 -1.69290813965398 -2.58503701483361 -1.06188694013842 -3.19048032512988 -1.12154556705249
0.247117556781845 5.24184125320815 2.74349269307726 -4.29267454112438 0.00956254416692648 0.920686383011018 -9.14126054336587 -2.1658811089543 -0.507451700439043 -1.43366195153986
2.75002580829223 5.93496110423045 -0.86887328453217 -11.5549064125569 1.42326094073586 3.16716618529357 0.883923585326575 1.78621937960412 -0.557650312832836 1.71058331588984
4.56693358124095 1.91070774269065 5.84778663124212 5.49059182242352 1.85991964265577 0.690255412623426 1.9793521194878 2.39921891307106 -1.00873324507311 4.72106286219222
-0.527266959886727 2.28665236192689 -3.56454011888957 -14.5940647672374 -1.30452878195505 -0.965436752490498 -5.81594558698227 -2.12490182533997 6.45475772542669 -0.79630118481703
2.00349582912738 1.2545467624125 -16.6122227551799 -2.62241190589796 4.63057670480494 -0.900648594228178 -5.89587626573587 2.98637865520231 0.481996184077094 1.24747024070207
8.08872634124204 2.18615643634432 0.0343651562017107 0.14737416779106 -0.189100361486414 2.1831278809457 -6.22627012336829 1.4631461784706 -6.00404512553532 4.96382201622108
2.24737288866916 -0.0152803521540608 -0.975127363478187 1.45307127040426 -1.13615560798383 3.68730680986969 1.44359890484895 -2.37700607320651 -0.864999359262161 5.0459695700226
4.08688613505027 4.79311051830216 1.41737125927347 1.12007656470525 4.12706875777165 2.57112848777909 2.91590373047495 6.744792106151 0.0556481820015738 2.17206053241283
1.06720646999006 8.546084393201 -17.8679551444399 -2.81405322385826 4.61783907394915 2.88839906042716 -0.589773414458521 -2.5615422620351 2.27099531052566 3.61451338871248
0.877864470277211 3.36777157787193 -2.41129103154227 -3.93552082744229 2.32075247770096 0.479102972955277 -13.4004947919097 5.65679288160084 0.129527398458646 2.0014249307484
1.5077585306361 3.54205303563698 0.912398983749521 -5.86954540299733 0.403335241045624 4.54589183309048 -13.3062849378572 4.70106137547273 -5.63419913093299 -1.93835309363456
1.87172913104126 6.83624834194933 -0.868763401289978 -14.1694881674648 7.881492142138 -1.33644084692662 -1.18601173857332 2.15516842252143 -3.84204400463937 -1.01930656802259
3.40016990199821 6.07297712416737 -0.493132223513795 -3.31316348556408 0.749495261664772 -1.47430770091286 -10.7324249024275 -0.073418963645816 -0.193600620282241 -2.07014118755031
5.42808008506549 2.54426427711878 -2.13242230148489 3.3676259764053 6.47373081016536 -0.0871987863006396 1.48733032962274 2.29301266349126 -0.278084986636125 8.22917937824301
-0.129442424895501 10.5344825764247 5.23339479924317 -13.5934179551252 0.147650059518222 3.10270406362144 1.50820688186371 2.05075170647404 1.30205299002402 2.52968281851784
-0.47728244224867 2.53537768194867 -4.35070482252282 -7.52178835782033 -2.49290492150858 2.5380186967539 1.55639443992926 0.0234500757484417 -0.350794060072698 -1.48982366324168
3.39393156696699 3.65208700071874 -10.9361288726165 -0.970661904667212 2.68025799301285 1.56251268664282 -1.89338913263903 3.34364492645047 -0.824891114516563 2.21747380690861
2.3256355849697 4.02326011757012 -8.80521633947353 -2.227522241349 2.92472980834807 -0.582539225024254 -6.38925837277628 -1.23468409360588 1.08702468123426 1.29086558750253
-4.75160275850966 -3.01405847499966 -4.25189800417151 -4.63639971281569 -5.07309027547432 -2.24258520566864 -2.69550328970522 -2.67538046028645 4.07207775585381 -3.56185592317276
7.21551532121942 0.802572299422869 10.7130300033348 5.13017389262751 2.6473709743094 -0.205682550990319 -1.49904385208301 1.12238850732058 3.92279851610619 -5.27099056076677
0.440539206572713 7.65716377486414 -17.1742791239165 -4.03428717981954 -1.92977744363307 1.83798098877807 -4.17641522460269 -1.681124613197 1.27620518631252 1.94814493798601
-3.04139599511415 -2.98636478446144 0.0536577809814451 -2.80984905794136 -4.2715895405082 -2.9276052179277 -3.66404370230541 -0.903414588161033 -3.22013557293221 -1.73763263319792
-0.0236660955021422 6.30029838431212 0.0356763962914348 -4.22863601822848 1.73988204327647 -1.62314397737568 -12.1862866645661 2.24146486398266 2.53409334534436 1.71552775862858
-0.997707503234575 4.35251774978602 -2.28250963277657 -11.3469360827747 -1.98157085954219 -1.7394127013566 4.84046230771088 -1.02392439494966 -2.32385745984913 1.6502627760673
5.54603408365251 3.82672159277424 6.30069655237609 3.53830778536608 0.589559672781733 -4.21393445793382 -1.41589202514891 1.10789562221422 0.170929143358976 7.50838226324179
4.10815570756834 1.3633791935308 -0.157655816880927 3.35373514693312 1.08711279253947 -1.04121798816521 5.45910017524548 1.34378542763034 -1.42760937299311 2.83450041443811
3.59389430324587 4.50119057580196 -10.6827734857359 -0.0499062308160738 1.63655858478863 -5.42013071661698 0.386727496787699 2.80745673375882 -2.64919294455776 -0.850996721820861
1.24557545478747 5.4080370293297 3.33491445746125 -1.29142217635018 2.35590625207599 4.2934396931205 -12.4802473486995 -0.45011313792563 -3.48669725366225 7.40351282378166
2.79658322848965 3.20999731591006 -0.828306058317128 -3.82012907324858 1.28033161772496 4.05233997623719 -8.61327376100052 -0.877157696730065 -0.690852684400547 -4.57081881388878
-7.0336076270568 0.860013254774029 -1.13974010404382 -4.66993642076874 -3.97106228448258 -4.01142049673626 -3.83557840118434 -3.9004981196294 -3.69979018334149 -4.77210537803853
7.43255660340509 9.2310050609134 -0.613902084641075 -11.3171455004179 -2.40385208501984 -0.270219106067224 4.19800271885374 4.5541014566115 1.96927444198794 -0.734614597097123
0.548657561679694 10.3879863981545 -13.2387664659785 -4.31365437651377 0.906281084443236 0.36023073684145 -0.72309830973525 1.75361719568513 0.592412298469626 2.63276549602387
-1.13304578011004 5.56972566909851 2.24309138604827 -12.7365063444057 1.07526056640457 3.11080316246656 1.3751001704455 4.57763992172661 -0.839848371566105 1.80264155660403
6.11962468775616 2.20703148712255 5.62960423316734 4.49647364642305 1.9012139143169 -2.33001537546124 7.97416917610333 3.27455120273089 0.990148552664956 3.36361605417377
2.12454484026235 6.58778771024615 0.220115395639667 -1.19409445911504 1.15370768346881 9.68291714242967 -15.0804317165896 -2.56871322317947 -4.29270943132966 5.20222045421686
-2.41624020539975 3.99065357799481 -16.7410365524965 -3.03746413316223 0.697906409597234 2.10517241764233 -2.23561117418299 3.41470053291424 0.786393567720524 -0.0699758764187739
2.25240197425928 6.11696131809549 -2.68829421857008 -1.75875226227574 2.87742973422503 -2.59829538620748 -11.3610788423852 -3.52850786818481 0.253228829508689 0.496706221475915
-10.3016259269744 -1.91401584925835 -1.45413283114263 -4.7308911829483 -3.57338121662706 1.35206843672883 -1.80209810512149 -1.98945101193664 0.689140568480096 -2.80956759212946
0.249822479470078 6.38343106383719 0.474317271803103 5.30241149496087 3.20390756206781 5.1574075717854 0.919293499187227 0.602892540067327 -0.282481902952497 -2.60136803319621
1.77541786280225 3.49865246362197 3.89094336779734 -2.8371104396794 3.81884519125236 -2.24618691505036 -10.8286646633527 2.92557812318854 -2.6754942775777 -6.31538885698345
1.90975093223075 4.92918528587321 3.41617392942197 -11.308170830002 1.39865735098842 2.31274305811132 -1.38785220153858 0.0417666586406307 -1.81420088643455 6.53466674317899
-5.13216903656396 -2.95856341635574 -1.74405831031721 -5.17458981115237 -2.4825841020969 -1.01756794543636 -3.13367107136928 -1.75359470367062 -2.46432763825233 1.34750920075939
8.01113968597103 1.72713408352575 1.7834996472063 4.43760230265055 5.11768285914742 3.26372333115955 2.3120152989965 6.5843554437867 -1.0059436816971 -7.96599501208652
6.50584897823683 8.25551929725604 -1.87904364557931 -12.2011711038288 0.00418252324931245 -2.94043005312963 -2.84720419699876 -2.163252766792 0.107903481558974 1.1552391611054
2.83710301994485 3.95794077219288 4.64014348218071 3.22728395991138 3.2921725318982 -2.79481819150352 -1.05554460421134 3.71628198141613 2.35028381546841 -5.53555518021283
-5.89876500518399 0.10816232145163 -0.584790968435281 -11.9919506096256 -5.02595924948642 -1.97156157545429 -4.1339988238401 -2.38390822358428 -3.99275640490047 -3.73947085028044
-4.56750920717692 -2.60240631172808 -1.94360763352957 -2.2614429275079 -4.62286882306609 2.68681639300827 -3.10222730895428 -2.11417887506006 -0.149904715080527 -1.78551765841399
-4.20592218982115 -0.177146665910873 -5.89176631631021 -3.19428813883115 -1.48682298509484 -5.3249206671104 -0.742791068565516 -2.74687656683552 -3.44229254946971 6.50736352793328
-6.23443010976597 -5.14566640756447 -5.55434076017773 -0.701278059400031 -6.33301406304557 1.21402142397565 -1.14023105020331 -4.37847300591796 -0.81547171319985 2.465735791192
-0.0911622771517515 8.89615734072708 2.01782424240216 -11.4126729419357 4.93847936759641 -0.590881503178035 4.42152657535353 -0.798353401069596 -2.72906228988292 -0.923815284296297
6.23930688929392 1.98734801764683 -0.0372150719727877 3.82748044715729 0.335192132854977 1.44878701965352 5.94765761169093 1.4724771951547 1.68019506461982 7.36208877382238
-1.0318636019242 -1.93672383088024 3.91018826887443 -4.54802195790309 -5.09178949303104 2.76609869907944 -4.00488578996995 -5.0099087808248 -2.4232534927846 -0.0599097549919738
3.03009818638797 6.15076453281278 -0.61794320493559 -1.47079722456968 2.73479666596329 -2.49933943417709 -12.8074866387004 5.25494599197316 -4.25053699586646 2.72131248929787
0.945222928035267 6.66012641948499 3.70366880595608 4.81221845313813 1.22830969241403 0.416649637167694 3.02792845191391 3.18301996806282 0.880014260655318 -0.723460978436803
1.8790394439956 5.90879073296463 -0.388244836789715 -2.1479341742117 -1.19405393065861 -4.56595978289807 -9.35879761436726 1.51871524403497 -0.430996555392319 1.18340473898064
0.138189469642894 2.66027326244175 -11.3841535495044 1.20125356922651 4.0408832948993 3.10485458151874 -2.71441475438703 4.49792410886909 -1.80940897338992 3.40501147484207
-5.20009244269087 -2.81257246915052 0.0722702605249681 -5.46807568093609 -2.56371969564889 -1.9156515825367 -2.03796526767566 1.10422892564166 -3.9676486140753 -1.37494334742663
5.48647681450807 0.127179810622578 0.492770523112422 -12.9906030611238 -2.19489537936417 -1.05153984759328 -0.269558747765061 1.17918122590906 3.30980368178813 6.14083479596327
0.526338906727997 5.88998723822349 -11.8366615048033 -4.92583818717108 1.84840225312094 2.18519992455257 1.96502950011669 -0.580217871754052 -0.780850874526008 2.85960770641376
2.97982012823909 2.49710901937351 2.88649631492643 3.1289926203227 0.780374264524087 3.99176906329051 -0.231783503461167 2.33684279185034 -0.737459440136802 4.40670837288259
-0.423204426984471 -0.0385943215405553 2.13791386563218 1.74681073620207 0.151371122802347 -0.704995221988359 2.53949464574836 3.06104410523476 0.48982745943685 -3.89701341978401
3.93507737368944 8.68076039168098 -8.5099624704694 -6.75889140154912 1.26773805679171 1.56880270322621 -4.38830490933273 4.33625861812598 0.576180562947281 -4.28377432557332
3.0375483514263 3.6692923434054 -11.8994622754656 -1.05185234089492 -2.89775097829001 -0.333323849613964 -4.05491291507966 -1.45775783919638 -3.41432406927337 0.62699826629296
2.90621629422509 6.4192042029078 5.69190347087445 -1.2533175096937 3.80339682552442 -1.00132787907731 -13.8389073482532 -2.58790272376256 -1.10949890331351 0.373295520108772
5.03386474173992 -0.0636535352143284 -2.92091370262337 3.99446619556406 8.29301598748822 -1.97898796062301 0.424089043493002 1.03724625429483 1.05221359774015 -0.0585645454668051
1.49225683240804 9.34910943689058 1.98487502304985 -10.9234512688343 5.18801155149395 0.800595766002607 0.341891280695096 10.4381381628944 0.355018547057951 2.68965674999119
-6.38483576929416 -3.37748332668665 2.8931555494321 -0.518431797640387 -5.41560733385836 2.88248286213689 0.991484347079375 -1.44902323938822 -4.44642437123074 5.51237891935618
-1.18170841463111 5.18741960654696 0.787850321793046 -9.20436288718934 -0.922724258324865 -1.40010763732362 1.8383017426327 4.90196092639383 0.517074962244754 -2.57500375729663
1.04819150709621 3.54869194251964 0.705815263733917 -2.8301345149168 -0.598235562498826 -3.71674670652926 -13.4565629827445 -2.62189065649251 -2.82685646936965 2.59490553284761
3.11338560683312 5.86378052849093 6.63071407542193 7.77211420072559 2.86456225377358 2.52478072100895 -2.22088701870423 2.29090571745287 2.64025699357043 0.997887180454985
4.11394618507671 3.4026112476177 6.06540872698618 -12.438149449515 7.00477339085659 0.719447329476224 1.60916829124995 -2.33287910285152 2.26868603012305 1.49201864635213
-2.83113651554179 3.5902214004377 3.80759191649385 -8.45326826843512 -3.27902553520823 -4.40845923443981 -0.0910781495237967 -0.352979232797757 0.505155802756645 4.68225398885533
6.08012161694385 7.92272570243087 5.04777956021428 -0.69944249500926 5.36459708068777 -2.70094331669072 -7.84821393060295 4.6777479057388 5.19193035880902 0.861767031141327
4.11855601451083 5.25669335550526 -13.517237636126 0.767286020071912 2.9199002367484 -2.40456024159296 -2.00512473727666 -0.225709593911574 1.16506842162692 1.00732887304465
5.08055199305558 0.921391843433393 3.81796347586811 5.45878004538453 2.92953015232038 -0.55096258461812 4.89870170341966 0.130785259722966 3.1119213110295 -1.65469180493587
4.27695029177512 5.99623766125595 -1.99019205108051 0.41938970092701 2.05793633407117 3.73075032083509 -13.5004469449465 -0.782545420316906 2.79011496372916 3.21993194549635
3.61303312389369 7.28897566815053 -14.2407088399599 -2.19314838392194 -1.48944102807923 -0.703416486618678 -2.73054593809761 -0.137135220398468 1.81812131022547 -1.81766676080526
4.79204141056983 2.43835571363138 -3.02766125879764 4.60694005689964 4.57111987938662 1.55441025997273 5.46600418089937 4.75272761829882 -1.74113967736751 8.981232904204
-4.07754598460734 -1.46463897741424 2.12804882601511 -4.57481191221646 -2.20718109222677 -1.09170568515612 -4.32590727660816 -1.44510258238322 1.60125244264545 -0.538085042551268
-2.38623957136052 -6.835086850526 -1.89734542993062 0.664825032271883 -6.71558376354876 -5.0291676942953 -1.26417495814731 -3.90527393627542 -0.302122487139356 -1.48481365517303
3.17687821588601 2.8210129085501 1.2586352202959 3.64729448685437 6.6802248684652 1.78900127444204 0.518251147660549 5.53564835852036 3.4573807110271 -1.58495642749025
-1.22534123963212 6.21288667758329 0.863437978126792 -2.87010913793995 0.65633608080636 7.58043614800385 -18.6423967993417 4.07272131284671 0.728564658369842 1.39964899123877
2.17836419743695 -0.349503574267735 -2.08533422042476 1.88768817716431 11.0854146046266 0.030859394199366 -1.38833616963477 1.87711765540887 -4.44826790898299 2.36183072495404
-6.30470088271645 -3.18248368402946 -2.66235713860178 -3.77585058801352 -3.88045905304016 -3.70896058841606 -2.73519081190048 -0.41125976112498 -0.488795519480136 3.96954015954193
-4.7979919291332 -3.54048227784452 -4.24441653623476 -0.955436700009622 -5.43397203667198 -0.252246791627625 0.827047105410272 -3.22246333067149 1.24838995229839 -4.1278908841866
-0.826481730991458 7.78404179153075 2.14691072274979 -12.8746366704004 1.31663164163128 4.63958975179348 5.04845540905168 -0.538490400722579 0.615423306879497 -1.82338131281233
3.84524923610169 5.61643979937884 0.574452477083237 -2.89379571899448 3.82544430564192 1.91634574201158 -17.9842251550434 0.724887750668638 0.469436185798901 3.55123643612873
-2.30103343908876 6.08565246513233 -3.73860789810821 6.09787152227555 8.28746231026964 -0.248486649511275 -1.71721563747592 5.05018318910554 -0.147023523697421 1.64453009749762
5.99380770255953 6.62064210302988 6.50977237251334 -13.3752654420181 8.00970489220042 4.08806257251931 2.14674922848706 -4.61474740202981 2.80855199455613 -2.28131640608142
5.44995984943133 6.36642463500879 4.40032713320133 -11.221659614663 1.97036798112297 -1.27795236365502 6.49412167435563 3.65423140769006 -4.56920212739527 -0.0225483435190611
-0.123939912387162 4.91222799340692 -3.03081184895019 -5.8435554077012 1.17967830597707 -0.954819138337829 -11.1318933939254 2.11386674740365 1.73329481371014 -2.32499107297158
10.193169147953 -0.820838552828629 -0.950519004795111 3.26064523959232 1.56464961396124 6.9648714835394 -0.623498987942427 2.8674801647626 -2.04375947896755 1.31780795702853
1.21305613510495 7.23588632812926 -3.00021524821761 -3.17936343147501 2.37604642667776 -0.531385764055005 -12.7236294230398 0.356847824145469 0.715658604043703 4.07764500557598
-5.02210140065947 -5.82332404379587 -1.13292092250901 -7.8327112168821 -2.86309183805974 -3.55588422181512 0.583317671414147 -2.34963838552437 0.203579350506651 0.893797844873437
3.69755558654908 6.74989452657384 0.93585095501707 -13.8108841706484 0.154731141651821 0.545869385650599 -0.559191982155888 -0.367681826197412 -0.457126423961898 1.24870728934635
-3.49035278044485 -5.05960697301811 1.92728402875572 -1.95917477564538 -3.80922394670803 -5.074932840203 3.04605587598027 -3.47211265576209 0.81568003791158 2.34519439960053
3.2590843230832 3.8188567263878 -9.60193971256914 -2.8131048904505 4.85040831977076 1.35222231057343 -6.04400421236822 0.807252154611464 -0.911100156276676 3.63753535421112
-2.28710511678642 0.0772354580154246 0.660843094746775 -2.99164042732098 -6.15966514507274 -0.610917863083871 -3.12808299044607 -3.02571955544361 -4.38866155092096 -6.33645096440197
1.67818762305503 5.9499706857026 5.19545122481518 -2.82743171145992 2.09213562784687 -0.891910715896969 -12.5998906760212 0.499550849161175 -0.763488919333043 1.76584219702345
-5.13151425755166 -4.15711667129612 -2.25539650425225 -1.72328143186784 -6.49845482807398 -6.12850317868906 -1.27704148168448 -4.47240619526761 -1.32650181927989 4.14118702261107
2.28177825951184 7.73821463678376 -14.8163440335043 -3.16321204869206 -1.09176186447881 -3.07920947614435 -3.72514006470257 3.48286103577432 -3.18813929703719 1.97602543459093
3.8112278412341 7.64304557222856 4.07809924653012 0.599490462373407 3.76422600594942 -3.76034785198873 -15.4722782183696 3.70971333551245 2.47818098017558 2.42991031175761
1.04948721906488 10.0218734731884 -8.12487524389942 -3.65316482645653 5.13204797590293 -2.50058722536414 -3.80800201912376 -0.821824417644052 0.111988206791719 4.53599388990887
0.76281607901331 1.43315066264233 -1.53680319150807 3.62346975912645 5.92538029721902 -0.0899773845432155 5.35138353535887 0.0334582946040021 -1.52689881987272 7.37516668424631
6.53873456798244 9.37187971128509 -16.782382791211 -2.35608112559841 2.11492256117242 1.18465449361045 -5.03427868724803 1.27636455363872 2.82513001544736 -1.26071821881016
-1.32796255313707 0.74218914232384 -3.00691085143169 -3.54273795809001 -2.99927620064328 -6.92590615552803 -4.46230930531922 2.24731134591804 -4.63563985582991 1.40054021833282
-0.654747475842475 6.48090143704245 2.45505807284072 -10.5030446459407 1.26770779468143 -0.201100471165487 0.454528851818115 3.68146736810386 4.07176603312059 1.0214901876428
4.59608527137355 10.4027544246244 -0.574688257136529 -13.0029644844649 7.23595486700282 2.42896469132629 3.45878653910561 2.35618337346744 -0.0346324771374521 1.91945595377435
4.54573759598735 8.97416171945614 1.32096192589147 -10.6061130994024 5.32796460294237 -1.33670032313975 3.06051918717082 1.71680447618052 -0.456641231317134 1.26453886602526
-3.96885146229544 -0.696997021429002 -0.370716184691135 -4.71681862002522 -5.89854815370337 -2.77878435950354 -1.62450974474888 0.753876217525129 -2.36911349054441 -1.57831339972003
0.979599190039004 4.9132602856123 -13.0846475687382 -7.40006966006296 -1.05493569346389 2.5258695042264 -0.783743292973068 4.22550328634779 -5.52307309157986 2.50786783994347
1.81114671859564 3.75409266278887 -0.718541566626514 -13.2625451668506 4.26361318488014 0.0938416608855618 -1.36962884814182 -0.69152139566167 -0.27765176147331 1.30526642100129
3.48137127113508 6.49156412114059 -15.522279433036 -5.36817948296823 3.53483189207437 0.595005608738736 -2.44453422601207 0.283419854842641 -3.30118808905129 1.88932540331106
-4.04791192164455 -4.4105110642958 0.947938260001739 -4.22073315608395 -4.4856701470182 -2.75874285722898 -3.85092908096282 -3.49152009166641 -2.19127974427431 1.99070141503058
-7.44598090134768 -3.66022668552321 -3.6527820333715 -4.62393662731577 -5.61958360891486 0.50348178646659 0.949714746343442 -0.509799188913863 -0.536996429183035 -5.08462963281142
0.0377536596217412 8.54906728610223 1.67434325474396 -11.0420137098546 0.24451038822485 4.08902125262713 -1.98919006703067 1.56663712698167 5.19787281512193 -1.24093140136686
-9.36761818231821 -1.7433374339071 -4.28280615729124 -6.20005210030255 -3.61167070773623 -1.07629872123466 -0.0514497850999318 -1.36182737504476 2.57451636329777 0.273513105493396
3.52306131235165 9.74704384378788 5.25797669959827 5.94977062124345 4.17445231447231 -1.08723328688549 1.56135502814331 1.18635568806086 5.97507743312045 3.2637559989137
-8.30963382526125 1.63498532744256 -3.23342023973055 -0.531803950977086 -3.19224890782466 4.29042079990368 -1.63022991494209 1.39057632564715 -4.77188691773389 5.35461769075356
0.143372805564022 3.97964038206312 -1.94119440714762 -1.53665444061918 2.55124445870755 2.98205931978904 -14.862273887584 4.15790343297658 1.30562263270978 1.8513488026052
1.63506411433144 8.04769149644131 -10.7781434816808 -2.35132129176581 -0.328020535270663 -2.70231290968032 -6.66604361059987 3.34247570413244 0.270053206377141 2.53632848391122
7.74021784858756 0.528465691558252 5.02094373489363 3.41264292797846 8.5703862937831 0.601514612560501 2.38407133950641 -1.47321688574082 2.43339458276409 1.08418201974289
-3.97945964206155 -0.328093847916394 -2.83085601128716 -2.10117609429571 -1.80235883730572 -2.39207619467663 -3.92626552045417 -2.29964883769101 3.24241272587414 -5.91011581971245
-8.52429661845415 -2.15730114919363 -7.58146540487537 -2.31871132839701 -5.02206668990296 4.77009607530367 0.398186283658918 -0.678621962130002 -0.705373539241308 2.09573543854354
6.59728666993632 3.4442217013605 0.707482670086347 4.36038687524344 -2.58776057267207 5.24929308833362 -0.191652081828223 3.15819800209802 -3.91630133029786 -0.449478197407379
5.59807794934263 3.30458904717211 7.44545164654852 4.05160694783911 7.2643015062282 3.30247683473623 -3.01652656797879 6.98671483059269 0.471433755311875 1.60482059685166
1.55083695654114 8.03343301234168 -14.2646859927766 -10.872868719011 1.86236989405089 2.55489168760886 -3.44049929074799 0.354175930048089 1.475977016322 0.155462976659713
5.51574185898747 6.87067118534038 -8.41881283482438 0.649140487159901 8.64630754843101 1.30496786039547 -3.18495669393104 -1.12543893595594 4.54508917643079 1.25513175473965
0.473797270251916 4.95002932381481 1.18101095846064 -10.6622586634907 2.18519569528934 4.82016816759665 3.13928255411137 -1.82809421214079 5.18156420537814 7.63495664814878
3.74635454955327 4.84902772154354 -0.845810199021946 -3.25401784621023 1.19719394596261 -2.19625969944549 -8.4493119320922 6.43376559398155 3.21566837003422 0.416271717666035
6.69148943654711 4.90831685761473 3.76438629066 -12.9607754002602 2.30317464245843 2.15323669664094 6.38081619059042 -3.4931172686772 4.44628888298988 1.82508661185859
1.39562399772155 7.64611801792235 -5.12245918548717 -4.20131255375688 2.30667980451582 6.4966314259621 -9.82392379458293 -0.020637629558018 0.649399690911632 5.87001818811396
-3.13813661248555 -1.1901111772525 -8.23345380623077 -0.420862287891099 -4.48638161337908 4.61633382906319 0.593526674109917 -1.81303999437637 -3.15973041097566 4.19406864200061
-3.62845258513945 -3.90585486773244 -3.91353078424254 -1.70024706470972 -3.45416755117834 3.7736983892246 1.68431876359229 -2.62717504288565 -1.77304143751283 1.3673410040475
6.51114173280442 8.71626777229178 2.68078169893078 -12.7694292866977 2.07584198970198 -0.160973247392313 -0.627578518089472 7.05119668627363 -0.136327934083218 -2.79010309377177
7.72745869460955 -2.11739615897608 3.0131031787972 4.55836913072337 5.20697843210218 3.95163653956676 -0.383104392721444 2.79252597933817 0.532802377225085 3.57138124844157
-0.396653100664179 2.30327157257908 -13.6382622664125 -4.89218205204567 1.46100971178161 -0.472940143331881 -0.404381614758807 -1.82126873256149 -2.77696091528301 -1.91303618516887
0.196997627306245 5.28155113515321 -12.8378886359126 -3.22253302607604 0.881974423988463 2.31676267407485 -5.64725062627523 1.01159846710282 -1.00914113124795 3.89061340454217
2.49878206417314 1.84748971987489 1.45924144467487 0.574340149712972 10.3546795557965 -1.30431348548973 1.07657061874697 -0.130463174514334 2.09209536141386 -2.26865061134021
-1.68781495199004 -0.673586544843206 1.18003678816087 -6.91227831222288 -3.4667727202437 -0.342464007516763 -2.48842838983898 -1.82924967610127 -0.946710340238146 -1.19629246377109
3.62755249681466 2.69344777591877 1.68527482604357 -2.61768638207217 0.59022706531324 1.49310166724226 -13.7097961879618 -2.53371964155945 -2.9277022272072 1.30744306168324
3.06784727254487 6.11314562498631 -14.4466989721215 0.071490255099997 0.869952200662561 4.60818512892146 -2.82939651842668 3.11172635477979 3.14738965978436 0.295995374315122
6.83556431651829 0.50108798523701 0.485245014962323 3.6216513833554 5.50648039428587 0.811017117609667 0.262766113271026 0.268740181474489 -2.63510315901634 -0.605662715982268
-7.8465506770799 -0.341301199513073 0.00671246742433307 -2.35082562798601 -0.707799476992372 -0.582606818690506 -1.15528502867756 -4.14235789669717 -3.77433883905039 -1.29458277597822
6.91718137059823 3.1478892283685 5.69621646558632 5.63062903551424 1.25220835394327 4.68806667248887 7.63020511360076 1.67641095422238 0.985267182095741 0.986737630246102
-6.32375291555222 -1.52393093389556 -3.59476278116606 -6.55412908312992 -5.39113719660262 -3.27813727354183 -0.249191519773313 -1.61790869136239 -0.56345119317706 0.0402168859967822
3.68874682288218 6.71700428204102 -14.2479362738148 -0.204218999723285 0.0230063754408643 -1.07155335532444 -1.35507077040794 2.59308972020252 -1.96992744643669 -3.23881291534858
3.83358425033792 5.03233057942254 -7.03263984325145 -4.64128841120951 3.41039798212713 0.383232643902939 -3.37216187828703 3.57203941110316 0.296905253179732 -0.974512557706819
1.65006939712381 4.08927293131779 -12.499586651124 -1.90470594260498 -0.822543652297774 -3.17988441551532 0.585854068321747 0.738896152459189 -2.2467079618055 1.47297213902166
0.277652774118068 3.76566229744998 -3.45207481275292 -1.92573482252858 1.29612802937013 5.14376805291254 -15.6471079651939 7.00417125527293 1.51716452975359 -0.40767741393654
7.96562586241331 3.83041099697598 5.30586536212928 -14.6681827081046 3.13968709015762 -0.941679242681447 0.604696673474954 2.56847227952142 0.5248859795086 1.09154379477994
10.5671429906087 6.84114216934067 6.00951308004782 -11.1747658213958 6.31397288404727 1.45073744953552 0.288827489905076 1.08276204740079 0.178315612409682 5.70342057790279
4.04593779308151 8.39053087485333 1.96006175962694 -10.1585150467675 6.56085546063476 1.50550329912161 0.583648100690257 1.39958777375693 4.21689285976301 -1.15707349966186
-0.139742212460633 3.54022266147657 -1.43229391921236 -3.65183998330577 1.56091886712475 -0.596554629169994 -12.6289082733518 -2.42387722279537 2.39808954636398 -1.76984281507947
12.8963509413509 2.51379112806024 -0.2317612502382 4.42154731289239 4.82047165413733 1.86335901509877 -0.491757804976092 -0.0989789405346251 1.72140406524854 2.20360660211605
2.07153654197557 4.80888892691715 3.26511462306989 -3.6115680311643 1.609405861174 1.95367128485425 -10.8227701209559 -0.226571935008105 -1.54962917570834 6.74333830654113
3.0306306431819 7.72125901316686 0.319194915757087 -12.7257011956346 6.9074172526534 -4.02759754661706 -3.41649211077635 -0.490113352662762 1.02674695619833 0.945409117333775
2.16801280659635 3.32900849532741 -0.352074172115468 -3.76047886669091 1.54484316610113 0.0195375409696321 -14.8067643409998 -1.47902601802513 3.51209627288247 0.996381312396712
0.873683233679539 10.3837864787518 8.7688736567093 -13.5619621609925 4.06521827986626 -1.18244961388397 4.0938053169184 0.214477009946728 2.38652436806363 3.4176754115648
-3.12526261779238 -3.10198883916324 -6.05425481462389 -6.85302425113233 -4.5703232165838 -4.17660533396902 -0.0505260801003677 -0.329124307108168 -0.731599489750005 -0.865960986865084
-0.616186935265429 3.39762955446328 7.49642720730483 -0.0957494181838436 1.58174568720803 -2.23416338660576 0.139380055530834 2.2260446273127 3.32213831333966 -3.45624526587601
3.32530137681271 9.48719362799764 -0.352358422232659 -8.01500546170724 -1.63375284216767 4.7237624375435 6.02841996316443 2.68293783255647 6.70406269920407 0.869946480165452
1.57061232464279 4.57401157918387 2.67840609732524 -2.24897889793656 4.1678347329622 -2.46382705543473 -12.2929782682391 -0.368892488523411 -2.6452374101636 1.80493922855472
9.83954545558174 -1.23091820423107 4.84118668882257 1.74586962099949 4.8788624947746 -1.08962795750466 -0.0605108362998599 1.48037817914742 1.39182623337281 -2.03152926543154
-4.7636841763192 -3.06833292720571 0.556884407340156 -6.20809975737358 -3.27968545312147 -3.45410603369578 1.24431188454228 -3.82715747190298 -1.31793630679148 -1.50833310684595
-3.81778350561771 -3.49303433171129 -3.46745142970784 -2.53427509383166 -3.43026355134365 1.58888597476853 -1.05557268545731 -0.500390698279848 3.12969361913479 -4.9538134267089
7.93025092731594 0.0848069143208008 1.05621424190961 4.0427428123773 2.76833380110482 2.33792940423095 -6.57678920407177 2.13969729628121 -4.0555825339611 -1.83530040197533
5.69286564561736 6.33206631364058 9.36161474671498 -1.02060900839222 0.772385530972663 3.65911159616217 -10.7241892196455 4.66609528560891 1.2049346807587 -3.22790020745931
0.914806547979597 3.76513731960356 -4.886234599394 -3.79066531633462 3.45835316802224 -1.18542832690576 -15.3752176211671 5.8617374174916 -3.22673919054296 2.09560667137208
3.49388366723618 7.67015091952478 -15.6175495637113 -0.563392631239842 3.15306532410206 6.15017497244335 0.916985628305875 -1.35361483882563 0.0534825475270625 1.77825006455078
1.38259332301055 4.65024683644571 0.328898192973854 -1.40856884230819 2.5178834213097 -1.4595346171102 -12.7055848517451 0.123226140720284 -2.43099404832524 6.10787741499634
-1.29603681808725 4.15796591015886 4.64216488406115 3.69469492380702 1.48041443006149 0.612580501201432 -2.93513122759844 -0.226879488936841 2.83789445468791 -1.86139985554758
2.36343344121371 4.72863721922814 -0.213181803710294 -3.07182273915638 4.8947969608649 -2.21774280308686 -12.6994281898991 5.60197578179261 -1.30646766768303 3.12966023670885
6.50575523547337 11.5864496504513 4.46088330926706 -12.1816317334942 -0.148289043067555 2.30340331940795 2.89865716111832 2.7445212324082 3.5146211502918 -4.47001111254918
