x1 x2 x3 x4 x5 x6 x7 x8 x9 x10 x11 x12 x13 x14 x15 x16 x17 x18 x19 x20
4.42920697451383 -1.17671096339474 -1.03663671794656 -6.35377649301617 1.22311610050403 2.51200412872995 8.88334185053843 -4.83729610612758 1.32572864949225 -3.612153050252 -4.72049574152735 -0.133741285268184 -0.0254359630766348 -0.192219385801954 -1.83891846643195 0.36208671199625 1.80238117484589 3.66343965336005 4.03501744783221 -0.968781565987111
3.39399621569424 -0.613080650843395 3.64340914865411 -0.516560383157386 4.22404146465428 0.123255715242471 -2.80828618659167 -1.77572446512683 1.7930110868763 -0.939196537681358 1.87712351348106 0.434087248524713 1.73970548421468 1.73726356177009 -0.264491264154159 1.01149693645413 0.391091408348949 3.7975167173508 -0.845123169861755 -8.57274937014416
1.22266812738831 1.34352928233279 2.73505991496219 -2.54610277343293 8.62576945129736 -3.39534497978163 -1.47576891550434 -1.79047995678206 1.56218298512584 0.271359148538675 3.64018529752362 0.337356645853826 1.44805271183228 1.01409818886997 -0.330395180837991 2.77217427737967 2.37179119257317 3.40459366816449 -4.1569196656007 -4.42814001203734
5.42279034621584 -0.375826814489136 -3.46035328006742 3.15319990736891 -5.11365871440515 12.2783422376906 4.56106643446669 4.25231609019553 -0.904826214996454 7.75306215046142 2.40178663061341 -2.52753530960778 -2.96017045380592 -1.04822800842499 -3.63008562883439 -0.076905040356174 -2.71850919225197 2.82062943543384 -4.68856227440447 3.22038114955895
5.00926416685805 3.17955814511682 1.96833451899481 0.220086097976645 7.04986207529411 -6.67542020229926 10.0264316926516 -1.24895660154869 -0.866026208038867 0.249310705390587 5.64247159838277 4.71398937671857 3.89978045838716 -0.414365820815286 0.381285658608332 4.07755696157352 2.69254098556267 5.16175592800325 -1.96463330537441 8.981771306188
5.25468717207444 -3.69373299119612 1.33757389782793 2.07187553406672 1.02946432976035 6.08752378998471 1.80379194944686 -2.83888037873479 6.34343165966785 2.44753831965202 -2.60257198102731 2.63754104776492 2.69781018747498 -0.59178850134081 1.89525037743673 3.66637962656746 3.12626102701704 -7.44667639854363 0.147670438157984 3.54205987488841
0.867542591602689 1.2039288784176 2.74179629896516 9.18858044810615 -1.29444582922754 -1.54038701273786 3.2484999636089 0.506598800399131 -0.316613929093715 -0.00605741166820901 -3.27222572241625 2.42033498832076 -0.472094430380766 0.513751575529902 0.0800187047009522 0.0593347662144013 -1.53874937101498 -2.97692362352729 -7.82211648004348 -2.20482870023864
3.39560495505933 0.966186606393955 9.75649609222782 7.57235686596631 7.07274495179163 1.05786714079496 -1.04984449844772 -3.42786542176764 -1.89570388034926 2.01157639313612 -9.42658409259402 -0.989151444315023 -0.739132735583332 2.35568604989953 2.5537942990324 -1.33859374816903 0.869551095005945 -1.08617001928602 2.74314493746614 2.80455875979205
4.14243322551697 0.259943792543949 -1.41971976053964 1.01024293918209 3.34431778101669 -5.77672944415766 8.92740721352246 -5.63003072339884 -1.3179809203907 3.03732209349808 4.44523690244446 -1.39309751906882 -1.37824742534676 -2.16850301389787 1.17806473985597 4.6902946979165 -0.495575497598488 1.94534155952791 -4.70855012415363 2.95723719256269
5.47032934273376 -0.893800265534594 1.79859934760644 -1.90259737077663 4.69629441668142 -0.716760058650431 1.70159132252259 -5.15554423765501 0.500124992738593 -2.96017036609916 -1.50470279286823 -1.72619633316478 0.199308969470756 -4.32416260710874 -1.58082252597257 2.30637441102415 -2.15803206116275 4.4237078303669 -0.357568191669286 0.481583656363619
-4.01084181617643 3.6703844329974 0.27634758086527 -4.25622288060825 2.18144196855016 -0.0705224765757378 5.45843429368375 2.7955949700682 -3.64777568601207 -0.379995682508249 3.56916969724748 5.101096923883 3.04078941060528 0.405663777495242 -3.25349494785516 0.796429428518549 -0.250083515820847 1.67304513041396 0.334388169168904 0.142340105875444
0.596341389771186 2.31216765241921 3.69758967881774 -2.73305726716895 7.32071657139486 2.69676681626674 -0.579050585425964 -2.36902826019433 1.04190516138214 -2.87468875946052 -5.64994278350554 0.954583184384877 -0.12139128737917 -1.33633593916255 0.866298994488151 -1.83036507219465 0.819260489608666 3.45099105268876 -9.86962585547223 -6.80869468227054
4.46816300150334 0.063349576976472 1.37079018683524 4.85929283490836 -0.896806005983072 -4.70584293573744 4.97407439160602 -0.946948827572693 -1.46890187987806 1.25638683845128 -2.1942865421928 1.50371675083253 -0.815768090203167 1.76668040085818 1.0813393627818 -1.50931122626875 -2.91175193036844 0.271291461061757 -6.24968045320754 -1.7939454618235
3.166429310792 3.64847549492013 1.14071905212853 6.42784662646961 2.62337466246958 -2.78008320779538 4.06518039471711 3.9079645757585 -0.0419824817609837 -0.0810986206903493 1.18566005373791 -3.45865627326218 7.23631639567364 1.7943767396323 0.847798159598175 2.05019312647564 -1.5666415437305 5.35832957603933 2.02767424682181 4.56088468563742
1.23469647763615 -0.259665427585177 2.88863290012203 5.89539578002635 -2.85078360333493 7.69048247027143 2.54718903517789 1.14714256200534 3.09603531248282 1.38867250600166 1.02644177551536 -0.576432825152738 1.43335489073952 0.322109623057104 -1.5741747002888 -0.449232000962259 1.60130572736847 3.89050412629728 -8.19033881623658 -4.3041725195431
3.21958352863318 0.410977665931971 3.23600875149007 8.6934850351764 3.65724897081315 -1.75537329545055 2.3028810395309 1.50517144471267 -1.99413719391188 -1.58823718920931 -0.246174135716741 -5.45155078532492 -8.05656007648483 -4.22151842625858 3.37617751441282 3.02174692537168 -1.11233558099757 3.21097494274363 -2.48317026674882 -0.316480155220349
3.45036743222599 0.93748559420885 -0.327237008436938 1.40404169166903 -3.34985261027888 3.38649430444596 -0.323150722161997 -1.89382943822676 -0.51287285736101 -1.19995133590273 8.66229456542752 -1.94938491254354 -1.93296721551717 -5.3071000339332 -1.3411834622592 -0.702818550912919 -4.34147118223434 3.56754282938569 -3.86946135237253 6.07811797614788
-0.767950829309241 5.83896653538982 -6.64796336503511 4.26303931303001 4.72128875037649 -0.423081143094955 1.87487236601521 -0.192427524806128 0.175046506508723 -2.44515450699979 4.98294700858906 0.269453715966698 -0.258096589905087 -0.71926876038903 1.84972951627629 4.14715006207851 -0.206922716195048 8.45224010805418 -5.09818706056938 2.45380674891097
5.18031037548186 4.11819285845723 3.58862564060777 3.49520311790071 2.8231034452783 3.87045131675277 3.26167516636021 1.54052859529618 -4.01683886941885 0.715316368155306 -2.5654321374209 1.03701362124301 1.72950867418691 3.01342050815345 6.5066145519488 3.38615495387872 -5.07611478423184 0.601164100703606 -0.624572043151485 2.19349881698517
-0.768063592141875 -1.45206533593298 5.06929784681053 7.73136778080742 -0.421969330717958 -1.15735986748133 1.13048150049147 2.33387588799996 -0.575661279162561 -1.00886564318712 0.167980799148604 2.07315327728858 0.60439706739979 -0.0882134995266818 1.19032965793122 1.31078168880667 -2.33171172124568 -0.946504780317715 -7.35691962668937 0.00864654105084722
0.906794605732987 1.04004534823434 2.19547160707529 4.5184386512296 -0.637128827033826 -7.60734120950296 10.6028494458947 0.494003235574683 -1.72558274262459 -0.824473740489167 3.75826397522446 5.84100387837052 5.01242931120648 0.701198632016378 6.94923349776868 2.72379755231574 -0.523823512222997 3.82821311135906 -5.95934475833854 -2.86686216798051
5.70861796581931 0.117505379922395 4.6323124914105 -0.924397186089674 1.74887072149643 9.9082798442055 2.40246465341967 1.16212871981089 1.54802556997407 1.30515746557894 0.352476100254018 1.66647757238464 1.12600309928952 0.397859110297278 -2.09447150054451 -4.50199940414905 -0.0415517614252193 2.96462718395138 1.18493461823187 5.66475900172585
7.39577726070139 -0.449584472370379 6.17367413432012 3.89485790551207 -3.94025401624079 4.12623501900889 3.61292278999041 1.76119417528863 8.17284375054812 0.834551188741296 -1.78292437433068 1.46948467833674 0.417831475657918 0.0213919451163781 -3.58178794507441 4.09365258306643 -0.831620345662064 1.50804101329247 -1.23612421934458 -0.465130540274527
4.56584503063348 -1.02835779914269 -0.178200681193848 -2.7974089797918 0.326327394784711 -6.02113389627035 1.74375554281962 -1.03009568316659 2.20320743537198 0.178576912868137 0.0704494994436806 -1.5340971717682 2.89499749264256 1.15375978826942 1.67978150916279 2.50025269427658 2.48114024045688 -0.333538906956811 -3.68921009048614 -3.84278221548308
-0.623166597460396 -1.30174451942921 -0.750095886895326 1.87442421247173 4.01622936877139 1.57638482298499 -1.72977805182021 7.17890798201394 0.531655373031482 -0.460283466449315 4.84354240287134 5.11858469182943 2.86677712281818 0.430755517879666 -2.79797666173196 2.89281890764319 -0.162145652690477 -2.2598954167758 1.80491314266881 3.26462355933973
0.55648633541097 0.230553982396294 3.99041246260922 2.63512884502433 2.72184872335203 9.03472256055486 5.00969782585426 -4.76648219397163 -1.90504534016598 0.535708300700235 -0.644759186574303 9.90983782915018 1.05163737227748 0.604768950662512 6.67590611460197 4.20359610858587 4.20263167883761 1.12973315951893 0.360702029767275 -0.656367982820808
-1.22862844732629 1.17636148701098 -3.92757185658119 -2.5805703556404 3.33616601646094 1.59717705150443 3.83345247209405 2.1517694338225 0.574260624134947 2.71893411491151 1.29146654984927 -0.113634942039175 2.62496997944492 1.62438080465916 -4.00136746031237 2.52248542438093 -0.627256504085202 -0.0675182470208284 -6.90065236681735 2.94090462125224
6.12302416618441 3.90270657657966 4.43836632022732 4.2819988999447 -4.89728095769244 -3.04358389051544 -3.49959782494704 -6.96402548366231 -4.68777473920518 -0.532449301577311 -0.43756901244103 -3.81975729958491 -3.78310350506955 -2.41707864892343 2.17696636422037 2.97282238299798 0.18102444279014 1.31096657743926 -1.0720356007899 3.86267431724281
-1.96557884607115 3.90856581537339 4.35219533115874 -0.56958291265899 -6.71189874163208 -3.77840529571299 -3.79142542118988 1.01518362210401 1.59961460523091 -1.64026202115932 0.0692098738307049 1.994073905651 2.2909503931428 0.162031813781543 1.76153699954254 0.886657429574689 -5.88977531382477 -3.16688976315539 -7.8951538741946 4.10958341505808
3.79293365863347 -0.656392963616148 1.76666542124117 2.1182591996634 -2.8866677553106 0.474778674181752 1.65499347067149 1.8981730546159 -0.108193118510951 -1.22918250536872 0.701389069683951 4.43059313672951 5.39560429853573 3.1126672626001 5.21983138056812 1.97357745103644 1.2469186088715 3.40058555019004 -0.326084908101687 4.58696191606337
1.94967730047315 -1.20427823543862 3.26019273084159 -6.84321896891651 -5.51407151498947 -1.17994533260112 1.7527312886231 -5.54328594377751 -3.26962548187998 -4.85345220848803 -0.878800988239436 -1.78621398848922 0.986783872031264 -3.43796920506459 3.42459882094699 1.0569375386862 -2.51327623951 6.84773469310963 -1.14891998891341 -2.80980088896749
6.08642374133644 2.03590757707382 0.403096267019266 -0.990752820442906 5.32242785745193 4.95813240380038 0.114881816560263 -3.61049172754618 1.48096960544293 -2.72141935289225 0.101713806096393 -0.361326765287396 -0.224376173247115 0.0524953766596415 3.22834589402433 2.0870422922762 0.463572101928292 -2.85957121711532 -6.88343194907815 1.53803108178344
-4.26381082137017 0.686335468024397 6.78763741970477 2.35796072969247 2.5633051533695 2.99651474736087 1.97096579824372 1.35001690848936 0.864226422058606 -1.05942490656443 2.07546610463566 2.5067847288679 1.50453800896139 1.01944888980368 4.54662246546735 4.03626919181662 -0.0249971041427752 -2.68855527799399 1.48127570638932 3.68124199390887
7.04282328945415 0.409176132906822 8.6178593608 -7.38534878849194 -2.32286567358317 2.41582121059572 -2.20536006619299 -1.14750768811935 -0.689072590171898 4.64991298333906 -2.44542313100319 -1.9469359226799 -0.262180376466876 0.886960767143674 8.18027006004419 -1.33538727106557 0.294623980361242 6.84686852731442 -4.14612381422527 -6.72663536916476
11.75244930847 0.556509228919967 9.68596335267963 1.57375172767797 4.40095208033295 13.3259862250251 1.97072485300683 2.38420967210608 0.313845394823289 1.36700744710295 -2.4168598419879 0.842395034552452 0.636980611287126 -1.01172559095342 1.26944745105692 0.211775198368267 2.91808267198008 2.6347582547689 0.788691409309881 0.248998797642742
10.8035223296522 0.932156006325681 5.9323347314891 -2.46359164322919 1.53324727811249 -0.124685363039871 -1.89653414692926 -1.42376878898687 1.00348910881593 -4.74091560595148 1.23435656405124 1.05052021979357 0.539991311071021 0.0678828319193468 2.28848360029521 4.10850578538578 0.958480358030495 7.49833704185621 -6.60312526043758 -4.99280622518685
-6.38327415622844 -0.285242709185802 1.0754811940318 -4.07326034205867 9.96842760093837 -3.58632968958449 4.01382284312203 6.13184885666564 3.09901579565704 1.53807380564032 4.15070755953959 0.349043368886526 3.33993151375369 0.359329465118597 3.70458658604264 -0.667444700128187 0.584323349516412 4.3753080077133 -0.172852864427231 -2.56454437839039
-1.05533366963525 -2.13247425100757 10.1844180521314 1.7052604815496 5.05544502356869 3.96580115673624 2.74162342658282 2.15341008441341 3.49959416683122 0.758422333454254 -1.07272805735781 5.20885145599124 0.328052494108103 0.211066576017922 3.78545788876097 2.29805045543852 -1.31836282358012 -2.29968215340598 -2.35845435151724 -0.0693608486507189
0.0915988919954587 -2.31184475225698 -3.17912691756849 1.81922743622582 7.16770193827234 -0.710822720390526 3.52154505096966 6.47713851242428 -1.61218512039156 -5.44168144331685 -0.624301739025963 -5.68877977583935 1.32118922923338 -1.83233925249003 3.77796954689821 5.44068147673014 1.69031211651102 -2.22065032829057 -2.65789331263726 -3.24909808989952
-0.684749681345791 0.540113756145013 9.75304311887278 3.88846251851463 2.9583101016712 1.05926967547291 6.43614543106035 -5.07594336147459 -1.34232969379814 -1.91410479310938 1.56649024340166 -4.86336334658893 -3.02457444718753 2.45650416936448 3.10015618292055 1.62831192140718 -2.42542762970576 -5.89288202283846 -0.0465297915337444 6.247165011167
-2.32015782236092 1.02111088222546 9.30793556978995 -1.39438474603841 -1.97068469833173 -0.988047282639313 -3.18346965018064 0.0823047556493721 -1.710778585054 2.7513478778332 -3.0779059523956 -0.071808803669942 -5.04096425402192 0.440751965110122 7.62148045546824 2.31802710861801 0.398827024711085 1.60635741845975 -3.03945036824367 4.22316187161508
2.91783400609728 0.550776077268148 -5.33519057417609 9.27182702399422 0.172001107170494 2.04749873853025 4.31284316884873 4.35915272734933 2.47306882086751 -2.54963087090622 -2.67701887380079 1.29029621078682 4.42040139147755 1.55064683321751 -4.26922709166528 5.84237531317572 3.39857945523591 2.04407468535647 -0.403029982748411 5.89406011659376
5.61740078491038 2.23109317839372 1.59160733464512 1.85090552918312 -1.59844129399488 -2.02859600521493 4.10644668947001 -1.98288680473766 -4.69945750070833 0.183751524382083 2.63774300610344 -6.00456187440169 -8.54058353041501 -2.28528977773362 5.39248784587545 0.555629575745369 1.50071885048679 7.29907944716348 -5.56497930643066 2.49153765436703
-4.37168167140814 3.81105288825965 0.521488869051007 0.000152665416907949 11.3938156185728 2.08437749816486 2.37852747770637 -3.70998881205054 -2.9529484928547 -1.69421765772434 -3.2001069672421 -1.62145125506804 -0.94585745657659 -3.5422737101828 -3.7861597734266 1.13584485166965 -2.73346690217301 -4.80121800819329 2.97777226270139 0.269912840955103
3.55763352185021 0.439209259372244 -6.86597943759783 6.98820467644959 -0.344735810924223 3.92577946077854 6.02242592179503 -0.0737148912487634 -0.573959226086264 0.989689115073178 0.429406137710951 -2.82259064990361 -4.83351977548187 0.214293948575904 -4.85460292420967 2.14386179289477 -0.807803520164055 -1.88413337632444 -8.8225391758326 -1.86318391621875
-0.301604512130382 -1.3442701151007 -5.17556006679425 -0.0787156059543506 4.80795285031219 1.33861694214819 -4.28999079145581 5.10041827977274 -1.97333642808257 2.55401965977054 2.00249841209699 -3.70748893148048 -4.18165739423674 1.42297244532416 1.2999908309822 3.09132865954516 2.72483883118456 10.6041418176053 -1.43586454362959 -5.50244732679106
3.05511660318454 3.02015784313857 6.62016994946974 4.10357441889311 5.1616113662064 2.70192795302922 2.3683549709188 3.30299862393596 4.15896575128703 -0.577849072172711 3.33156575512336 0.0686982481606733 1.96415768932358 -0.685319778944212 0.737130627460531 1.99350112268724 1.94459913605155 2.06611360980651 0.562076824401247 4.63422239184325
3.15810058620932 1.18156026072848 3.22167897063095 6.72306055173607 0.736561187168721 -1.27042688118701 4.20633549530816 6.69462188599395 -4.00538672945608 -0.394266149681678 2.43391056250214 0.129156961953953 4.05464445272262 0.515482463142685 4.1571965374067 4.65140312459788 1.31536867221043 -1.03138362199631 5.09694303577504 4.22090795731029
-0.0676233783280757 0.585655616377037 3.89032947935292 3.27553974034531 5.43331393393173 3.55551432990488 -4.24224335608122 4.34999686993344 -1.97574311634789 -6.05917442785056 -1.4309732992372 0.730239137669619 -3.39636262272867 -0.267285335718756 -2.38240031804688 -1.05143078472609 3.06117698121635 -1.00116893840467 -9.11367338344312 -6.10290291967114
4.08691525969782 0.464305794474743 2.8275029032539 4.08714575271004 1.30540712507427 -2.04869759013867 4.29825689607639 5.57684819466317 3.46854957529196 1.17225136018222 -0.193046446802765 -4.57450482598304 4.74997467415162 3.15027314622694 -4.15000820737313 -0.636288042054496 1.06748106601947 -10.5010762046973 4.43659041748209 3.77728729256533
2.98730819078045 1.06679142104273 4.19314711522876 3.98424190942145 7.82355112087941 -5.81089547162312 3.92489222960032 -1.78539718505688 -0.644009592531621 5.39015218550533 -1.15196317002842 -0.188411394999936 1.96296352300286 -3.30514975165072 1.72817152698472 5.22298176348298 1.53361579207361 6.70386144313118 -0.966748766500454 1.54638836586853
3.90253294440928 -2.34374653654605 6.40224521150862 0.312874099981922 5.74388003192662 1.33751341554797 5.520042489866 -5.08628456531713 -1.54115430304676 0.561491691154119 -0.024254020869342 -1.62820775384373 3.46440705459185 2.39931963945417 5.4454543226706 2.45682880289782 -5.66305095241407 -1.79633074513138 -9.18079238441737 4.98634871187128
1.38770669984043 -2.91086534361272 2.8469454951255 6.35629155520714 3.82855346683511 7.42639331854647 4.50111184258579 -1.3437947491203 -4.75978012421464 -0.372806941942078 0.630122123609975 -2.66142342169191 -5.6316329432325 -0.584706382049656 8.93088163011407 4.19208613478553 -2.0571510529397 4.44356767606769 0.746660173356887 -6.385103498181
2.88143676048214 3.71040696972536 6.95715191947441 -0.352521105181714 9.46745073474217 -5.88395371458236 -2.1549575822379 -1.0292836437591 -1.73269769374174 4.08055544872508 1.96076340166399 0.657990953233563 -1.69428873663902 -0.39165063035732 1.91521906813514 -0.429420122067611 -4.011880532116 -2.21537204357364 -7.11265970956291 0.182244820191914
3.03854011571456 3.98438038815496 1.03429702138008 1.81036352065192 2.62945762608888 -7.08934313641782 6.14945568668046 -1.25002785008511 1.26700784905671 -2.37599999819632 -0.5409175854523 -0.422316158675096 0.799043888459403 1.15536154199462 2.2248600554188 7.42511622591547 -2.7649358989136 -0.0698672407695515 -9.82861145716906 -0.192749104919099
5.51181001360941 0.220484562386886 5.14980306666288 6.20155312438642 -1.65871076485765 3.2082387850605 5.37409513706372 0.234506139653869 -2.849668480085 -1.81096195958533 3.81259045037386 -0.561652282654113 -8.77361798956374 -0.923611702174896 4.25957122689413 1.73325746580192 -0.859994504875126 1.55492663970395 0.855891586556653 7.29071463735845
-2.68987003502744 -0.588036020872922 -4.64874007702877 2.95775971264162 3.73739021315956 1.33947486129214 1.90548141974028 -0.815640001046249 0.449745355572046 4.81232677114268 -0.825167844429932 -1.41396646268871 2.25116113137409 0.643995360681705 8.56353474380049 0.00157636220869861 -2.55188080877402 0.0118852574928521 -8.61499570996561 -4.603381407493
4.18781520421077 2.0852708796257 0.81614979055124 1.5873565117471 8.38421445838316 -1.969438239223 4.78665397417356 0.0764381391412634 0.849188977690655 3.12155232515143 -1.79470893028843 0.364126827812241 4.85302242669733 2.10124750902261 5.22949192402552 4.11363749037476 1.48743650665968 1.57648563493067 -0.38678697098709 10.074230975629
-1.2949778166531 4.66237576292338 4.60247029052795 3.94589220783777 -0.388430355968216 5.41056837148034 -2.66035789666436 -1.97505842990832 1.64811244736922 2.19826195810143 -0.329913313924904 -2.73356795764657 -2.69851425418728 -0.204371072709154 2.33082092100673 2.72085326715118 -0.0954261082316969 -0.196302935092006 -1.14569717348001 1.10089300702031
-2.71010903236816 0.974480015546666 0.361250810883397 1.05468056384425 3.79465422983797 1.91895229966902 0.926028135153942 0.250379591273532 -0.921045238744246 -5.31803461746553 -0.331140973257838 -0.366460024608215 1.84042172697058 1.15393605382992 5.32942578144129 0.579000308337588 5.69220636182652 6.41988123612337 -12.2395858153357 -2.1405357524887
1.50532045833372 -2.69772564462768 4.75904087623315 2.5620674756516 6.31186124865833 -3.01953484624336 6.76334293819856 -2.5004205552481 -3.2027735402268 4.35464529866923 -6.52506294814507 -0.339976556813901 -7.34285498200007 3.10759207097843 -4.45804421598428 1.88694107129742 -3.23120853017107 6.1134042431257 -3.11334487611888 1.50585725752239
1.9672969010346 2.67147601228373 2.44109075798674 2.38566849107314 6.59831001624639 2.54839175556653 9.12531344701108 0.537372400203532 -0.0157899204872534 0.8620244497844 -0.5991449453906 -0.0704130825663323 2.07910662323322 0.782884555474298 -2.50063288134609 4.5530839664661 3.50678531505456 4.88467712951608 1.18030657782255 4.61666323082289
3.21772136870281 2.05814221686046 4.44735595764517 -0.736778023269864 1.68310883520603 -4.64382197364515 3.00437037997724 -3.09252534965985 -3.83583371857657 -1.41016891568958 -0.828148385349492 -1.42474882962262 -3.49444308475424 1.51711251741638 -1.74664752244536 2.14048582828004 -2.65830574701417 -1.11256212235339 0.634020073843899 0.0573980031090747
3.69146830398176 -1.17192936317902 4.62859076287715 4.21417259286975 2.78488907731106 2.32303106451352 2.28083683962295 0.461391925959562 -0.836344727891016 5.14316579909679 4.1781639215668 1.4819435937396 -8.18947643741667 -4.55423958040643 5.78183263212385 3.56746553334106 -1.82863744286486 10.7064521247583 -0.84537195814433 6.77077866582751
-1.0696353893717 2.06795172373226 -5.00198056825631 -2.84736675420174 5.81833343217698 0.525085070765421 5.75657806462767 -0.485632881972991 -0.0126984724067938 -1.69973206238283 0.206077894018227 -3.22476121627374 -0.910660456922815 1.63872654818536 4.74177209474347 -4.94056064745983 -2.84968829228342 -4.37442150073849 1.61241902343729 -8.75122336002711
-3.91364876107124 5.08987657064293 2.88653807562948 -0.0534898885858084 6.54699333356416 -2.89873972904883 0.641071841275009 3.34144679531346 5.94981996546215 1.90378468594263 3.90946235676419 -8.21190300419888 5.05425736356699 -0.632735029845991 -6.45760149772604 3.49528197201226 2.57859620938817 1.50432574533806 -0.152496101948088 3.86111729604858
-3.98596262016726 4.8619562600672 -7.8501932174216 3.6640427327515 -0.538566538736914 -3.36901610470949 -4.10000404701822 -3.40106292945214 2.32132999624235 -3.55012057630646 -2.32849976257847 -3.97831896636548 -2.73150695357931 -3.89523312839615 7.17766485530627 1.38368786161439 0.126073980580712 -1.17117628638711 -1.22107522961516 7.37360049945002
0.837696774498452 1.53498579302357 -0.44797290669782 0.551261598449553 -0.186367384654234 4.25776959492507 0.139760332943669 0.122150794335028 1.92988013577916 -2.33283472239649 -0.186809364548623 3.51856996979438 -2.38462547130114 2.52226304376847 -2.54194187255567 1.47517645371959 -3.15145087297479 7.35949927256047 -9.47181425261122 1.13337936437463
5.19845527673425 0.886429249954429 -2.77795003602807 5.73407452125915 4.40265665794818 4.82974452046445 -5.50355509879173 1.56859142050422 2.59185043618685 3.76200496332708 -1.98908207243472 -0.684109558670646 -0.748200226380874 -0.957787042157777 -4.27130340365629 -2.77613748026877 0.991361521106012 3.55496316478086 -3.41468078940244 2.08008549572264
-3.9508901352848 1.35832912092945 -1.93397854523998 2.16221473774076 3.11234550150907 0.766089537086227 5.62819944999326 2.06229223843874 3.87460543116282 1.87365988578703 2.60960429793772 2.42227502320487 5.10152328992192 1.52716823749546 5.45141145955756 2.68135059475326 1.391982885997 -0.392563001328914 -1.24263966454574 -2.50828159633502
2.18903908966973 -1.05661181727919 1.9623485229534 2.5827620844567 -0.72017347167165 -2.36202338718301 7.82938957075789 2.02334734094879 2.14945933177029 -0.821800673302912 3.36874114664241 5.52092242244487 5.82482122530119 1.07106826854291 6.12882395025437 1.00423913023937 -1.62163831145604 0.0269063513730184 4.34779856548504 2.38975222706967
-1.76821730306113 4.21820837612621 2.93314721678397 3.00465003608041 2.44692398669464 -4.0171579543381 9.88487285960229 4.63381748710992 0.314943574480833 1.52560955304448 2.23453194939964 1.65045540772091 1.59144791389536 0.0379348788617212 4.66715035408891 -0.4702294647514 -0.126418334818511 0.665679044390103 -5.77226165774222 -3.38590127451913
2.63361907985059 -2.99321508059234 2.60757455822352 1.72546441582716 6.23902005079297 1.09295559071291 5.16899509600796 6.90684836813388 5.15506385078328 0.0198460047987303 2.63932617360732 1.47199343257386 5.29581180171532 1.8434852937726 3.56098873277204 -2.7058794313015 -2.97515603886662 1.82691134787873 -1.67381417509333 3.24771197849674
3.74287505342107 -0.520946491303452 -5.42208536181778 5.66415244620543 3.74538356017571 -2.2083120553557 4.18801577575489 2.27776258338683 1.53344958476353 -1.39532546462434 3.44075684279792 0.525520396818006 1.25099211788063 0.668119282945411 3.43814488474133 -1.87069439882227 0.114694447053215 2.35221107043323 -10.7837141692393 -0.402262914612419
1.31342312477152 2.48627894153069 3.48779837242395 -2.93492220180275 6.36505150843668 4.21641805586706 -0.221470751170232 -0.587890630201591 -1.00011263932993 1.30470966188637 -0.552982006212881 0.514513420306467 4.33663556980407 4.46171426586532 3.76598613839247 2.79764350724308 1.32130056018319 2.02481085577567 2.5646551038997 12.4411819488597
4.0724400198773 0.792458953941546 4.03951365958977 -1.15926070447036 4.14193652573885 -3.1243797182509 4.58393111997578 3.43668908114318 0.817624031558123 -0.998448882205581 -0.917439718093841 2.22638027192367 0.596839830539939 -2.26194438501488 -5.07631123058785 4.70072806894415 -0.113734481617704 1.48665307159697 -8.38722605877079 -4.25124292165141
3.07020994117988 2.44492007875372 4.98668503909517 -2.24242359194446 -2.10526935518603 -1.50374951076023 0.497902937131514 -1.22068101571055 -0.915316730548319 -0.43719627982449 -1.62371953952911 -4.30311586290567 2.3345549223503 -0.044944629826171 -0.176396941426582 1.40741786584707 -3.27004191139274 4.92720880317024 0.693301510255631 0.95777441354751
1.4006863404329 3.53349952869237 3.65345707974405 8.69154264685008 -5.38621407339063 0.359946772583918 -0.649556598391901 2.78228020297511 0.38186563393415 -0.0942266385238881 2.20743679178361 -1.94059798485471 0.36600571284376 -0.460661779697878 3.73775212076552 3.87234728489626 -1.26592925417904 -3.58911939347537 -7.43220162765698 0.991686301733392
-2.54501824617626 -0.405831182053862 4.84814895606911 2.50403084437345 -2.61582577752028 -1.33581929201521 -2.68983631029683 2.01577750545789 1.97696755089071 -1.94144926554183 3.84261775149101 -0.914196299937177 3.04981110602146 -0.157659610110971 4.035062819178 1.23559665798433 2.58440619840922 0.683136218485959 -6.91569002440684 -2.73470497304384
-0.5873965649944 1.97398976899004 -1.80348019905577 -0.0467344828890843 0.260473619265345 -1.28679905771817 -0.042760348741719 3.92640093962866 -2.9485949872686 -1.10573600299325 -3.1036180209031 -1.95416274011141 -1.82935667012993 -4.85461799607543 1.6820736693891 3.26853797676776 -1.6932802996164 4.52926414411254 -2.59086003619934 5.25831439522286
3.70687328589835 -0.715167327334661 7.47823547394805 3.48242922443586 0.551163478070383 1.61051665767139 2.00685944349293 3.00829710747462 -0.810774858113481 0.453602540139918 -4.59747494858947 -2.57845920836209 -9.06219753343693 10.1370215356624 3.40239300553418 -1.45273070243905 -1.1380415560693 1.58229423382478 4.05458904492172 -3.21540552688135
7.14005990408445 0.46251858574704 -0.194121781721831 2.30427150952668 -3.07291377329079 4.38129630297133 3.65617022047863 3.38430025145251 -4.96380660933056 -0.98600196732126 2.86287685903513 -2.13117940498026 -9.37322204806541 1.03780500958447 0.858496370497639 2.44893426733638 -1.89466167600199 -0.0443706398604682 -3.52202313966257 -6.92686487882694
0.0278981237990736 -0.330016289730573 5.44599448226899 6.94483463137369 9.99458952095101 -1.1541206204189 -3.73101657402867 6.95326585583453 2.27449302776015 -2.76920710081828 0.95964757918102 2.68920119858071 5.81502418134549 1.50528189626944 4.96485198354149 -0.405319629326306 0.871401296845465 -0.219307919983866 -1.39064490825955 -3.66162634915558
2.57160276727048 2.37926947317694 9.12231539456989 -7.12480992900837 2.56551138325526 8.09508073118768 1.39188394841301 1.66578374230862 1.95802039106999 0.29082889070628 -1.79072791456451 -0.816655900790977 -0.285372496333476 -0.945623111503284 -2.87851644503587 2.48498780528913 -4.48982686910558 1.7287760049704 -2.56531627131443 4.87336912644756
-2.58552933146494 1.89084432506345 -2.11078676149867 -1.08188768977388 3.43418387041228 8.54552408095634 -1.54187542176103 2.59684223810616 -0.190813384126177 2.38237554550546 0.806893396183382 0.748273721597912 2.60778406582682 0.986284789454172 4.09342979551922 7.07226035202816 2.58680910549056 -4.35787656321266 -5.84046677119742 2.55349806861569
-6.23344662376697 -4.23824109589239 6.71139246446415 -0.222978743051344 0.0347234256640401 4.33601201639657 2.62248425412764 -0.316114080867928 -4.94332203131934 -1.79980085138392 2.13407309186782 -2.06595124294885 -2.93769930798158 -2.73060387630602 -1.45799916804908 2.01279765684733 1.09397220402925 -10.5150381578549 -4.70315754860586 4.5911491395242
4.04783724305204 -2.33165606906301 1.33199766342373 6.92568273171882 0.849920792785575 -5.74329184091018 0.0492529777723414 2.35579097946961 3.80182140775204 1.07724748022724 -0.652270578279896 3.88629825851664 4.58347008800465 1.25090411746805 7.31660796806962 3.03627976194348 -1.39598048300287 -3.84242280872153 4.71876874899386 5.13134363068037
-3.49776003245789 -2.70665567423219 2.1613794353156 6.28854853366751 -0.350597462732243 -2.80216790587381 1.07349897672988 -0.602591538535894 -0.0218797545020535 -0.849396469033256 -1.72324341343391 3.49593643416889 -3.70071998319715 0.163810211776292 2.71781320996904 1.01178295163595 1.59411004661494 1.42162146272587 -7.80758850209678 1.15195037650079
1.12256579095111 0.183256168066206 0.900257503481315 -3.49400309802487 9.10931811162362 6.41299588409874 6.40683163222907 5.05315853390424 -0.702990287827551 0.920367661904475 -1.43926664441001 0.663405230013552 2.15197640304515 0.652767719657858 -5.42567184689408 -3.95723724373795 -0.82584871548899 1.72185095542533 -8.50473217116944 4.78253816015558
-4.17703771280221 -1.16218655749334 7.66743799778675 0.693063001532997 1.11251028155298 -2.4045312185966 5.16230393921025 2.18085983358188 1.99272276967572 3.13079590282744 -2.32011792485543 5.14058473719926 2.92566521655966 3.47502472017897 4.14319668888512 3.25595629617729 1.67605524248634 -0.0677755244310656 1.26244129624294 5.318019480537
5.5677843959138 0.180780827836277 5.51001951322118 1.64084589667898 -1.3714456978842 -0.612932248061439 5.08488434181518 4.45766376594881 5.07669905245947 3.44541724499138 -0.802840939645514 4.17098301538656 1.37857184363474 1.80283393538977 3.74676024103373 1.61329746167645 0.36494865933513 -2.18370765036302 0.77714510132454 0.877152390721017
1.06011541931258 -0.337734583239088 -4.6876002959264 5.01563179646791 6.08074060301577 -11.5502527109316 2.53050860003112 -3.18905369518091 -6.5493644394329 0.405820119166916 5.11421694084054 -2.62416905308965 -0.399962956813119 -3.58736533287008 6.62269076046733 -2.52075166567231 1.08956261239492 1.69650844738296 -5.04957451880452 2.60099467078124
1.91302126942405 -4.60914194484227 4.78913092961263 2.24140127806773 3.20575103691137 -4.13915017647453 5.28023591257645 -1.43437096731992 -4.62527115682507 0.993839903910334 -0.0671870721096454 -0.872408825180326 2.43610539539489 -3.80202993058121 1.45421458521877 5.83537954956923 0.698543450304313 0.498577070989827 -3.39992425943939 -1.90845896100727
3.67989004548588 -4.07205450633196 1.60969965897772 2.62411175650097 2.80778486431555 -3.80425126475053 2.25425319305024 1.93091466727911 0.795173748768355 3.6010281758145 0.110358572854219 0.54059741210105 -0.0553109840576026 -2.85421349633857 2.57416299060807 -0.604827809697224 2.23397022099872 -0.450861706751949 -7.79549131035092 3.00038466463465
-1.38911051212642 0.401073086748504 0.852531456829322 -3.43445791401781 8.64655777751156 -4.36937086338809 -0.0307113976358759 0.56300669594597 0.336979032842085 3.52844757259348 -2.82551480153134 -3.5182709852248 -0.219804582351371 3.36167766149588 3.11385621641477 -1.94453878078382 -0.423555081413406 -4.06049180873703 -6.30165097296481 3.03835566229601
4.60002635020588 0.682414164305494 -2.73961349457014 -1.32240186681692 1.80520038171956 7.61550915968077 0.108715196990798 4.19446211561857 2.3549325800984 1.16165244093454 0.306337113226264 2.8299306429377 3.6424473909311 2.58158534646273 -2.50203714501245 1.66031987532889 -0.354723995422972 -2.54405946583511 -1.9778065116757 -6.09157969471531
1.37294557625647 3.30370434208912 1.8756282257228 -3.24455174822456 1.83854391024376 1.14601477758938 0.791938256401374 4.37843528298715 1.31699911677143 -4.14634822728403 1.98391816545314 -0.980063597071739 -2.66586006196343 -1.38894174733205 2.84607000265161 -2.86653688082511 -5.34671169884661 -8.79177148201834 -5.03883885513383 -3.15552709446936
-1.75103242827092 0.784530927403612 -0.895708146467074 1.79101099311444 5.10740213706812 7.58576542729359 -0.459081402003229 -2.81528078346854 -3.35617320769881 -1.42828696216762 -1.47835491417023 -4.15505380884433 1.08827479792161 -2.93635072609494 0.565288876058288 5.07630263287946 1.82656382706057 -2.84026614243855 0.210371409610466 -3.32395262687687
2.51735396874279 0.724310080841083 3.85339429505368 2.51480192170285 2.26090349278353 -5.5667957492174 6.51053969153963 0.0682288812453093 1.22276860491313 0.289031332412361 0.948770886075949 3.73085046333565 0.386578035425819 0.418679536292097 -2.84928600409241 2.87905301162448 1.19899364630476 1.53131137073693 -8.27584514053474 5.24903106082209
-2.87116923391138 2.52805623121303 -3.04365393995026 4.12205840999281 -3.93007450686194 4.66432872661329 0.30015768815077 -2.26472713894254 -0.812613614177906 0.600248080481376 -4.81394372820468 -6.64605393237725 -8.24428114048888 0.419574072020014 2.2654643927311 3.98657792108444 3.12140596115574 -4.78256244430796 -0.889707036856224 3.13268937526742
7.54802470726068 -1.33698035582805 -1.13597228494809 -3.011989139677 0.0617687862166112 1.42460547630666 1.02499782033243 6.38548221495713 -0.156895037097138 -0.499845088583604 5.52463243618084 5.6083487401647 4.77556089760192 3.65730490835306 2.33932211538089 -0.154723354199138 -0.108255663102528 -2.55504638949091 4.1433995060392 5.16118058485265
-5.74574456061776 -1.29319619630617 6.44974401114823 6.08157020553574 -1.48871089195716 4.04114002862487 4.73365253482219 -2.48984973263885 -0.534512996646061 -0.130077317687678 -0.157374275925962 0.377092024295854 -3.65969178948074 -0.67660189059077 0.505342922895633 0.8470257624771 4.13570405790988 -1.75616894625179 -6.23021552796934 -0.423831873875869
0.409087367306705 0.586327126241334 6.72993696685355 5.86480540600548 3.02382275931605 4.60379771343305 9.19319638381995 -3.14018595636058 1.57014498344348 -2.92570278558659 1.17647794745378 -1.79138693030993 -1.28219207933463 -8.09786948272117 -2.63689958465008 2.96479926014991 -1.17375866996937 -5.01601904732237 -0.741810899068888 -0.747590877798079
4.66186672105953 -0.351330350682498 -0.504028835934028 5.72478989753341 -1.87140443286033 -6.94864923081221 1.38036868407096 -8.99652761976934 -4.58430071346748 -0.118362914622286 -3.66762509308087 0.347846283556314 -3.78050340778958 6.01052983768899 -0.771044003392636 -1.1137364194503 0.716783451562275 -0.0389596209672409 2.70217043606759 3.74035322135491
-1.86353689137602 2.42181093298231 1.57390258810138 9.86504075240905 5.41504835624981 -6.21841041218725 -5.75449345048926 2.29002142739713 0.337208410393443 3.7312810424595 0.443329762612235 1.70663326007783 4.12989855566561 2.25714007872257 3.7972208901396 0.852805707680146 0.701580811353063 1.99299982498836 1.55531456352118 0.725623885029244
6.40379882176378 2.28967119849938 4.5722841771961 -4.48509233295267 5.70345039721657 0.582772044950016 -0.0184928801258106 -3.09934856570321 1.21181830547879 -2.41588121642137 0.560971274998603 2.40224383937405 2.90998057293025 1.92449411690235 2.42262042059289 1.56053060439419 0.595810742688934 1.67375420288176 -8.61157965940528 2.44594990262994
0.211779932664322 -0.806064414336253 7.07765979464265 -3.3201432435811 -0.254406950251528 3.1203955838451 3.39224636633766 0.571463343140865 1.61799073395208 0.946292011234471 -1.66801936208078 1.61522388491104 -0.206218443964589 -1.00686594022418 -9.41288542347852 2.27143157218653 2.06292125900808 -0.894572351130817 -9.78598238687139 -3.18160620957556
0.393229873767806 0.635324077152008 2.78607116655053 8.551761668805 3.88051009091049 2.18706717913063 3.61049887060398 -1.52959580385581 0.164578947523218 0.72446101507584 -4.10165639992499 1.506724699569 2.96881318791306 1.05983336438168 5.57179243284797 2.1138136175123 2.39847283512351 4.11041076547505 1.07535466533344 -0.545587785054222
2.43157355687861 -4.22782454088984 2.98398544762635 0.523377908539296 11.6848986635791 3.92883075632664 4.64173726901841 -4.30308017371878 0.575065310824923 -0.177008311238123 -3.76449370762644 -1.74116767580876 2.77073791593954 3.20333451775554 1.19487329277674 4.18148023666385 -2.66556133300673 -1.16038539882817 -0.796920646175958 4.79370947462379
3.72587355152528 1.40783861729818 6.71127775442519 5.98781152357555 -3.00226068093056 2.6750792675699 -0.81226006957621 0.729644848749299 -1.81514410377017 0.694540187103359 3.43638415128388 3.36101033147522 2.86149271531494 -0.214197289716412 6.34194502191077 1.87552290429092 0.163051645178668 1.37524514967134 4.10256802900645 -0.34256859270224
-4.29037104497134 -3.56146568651015 7.17392371390781 7.83145817227324 1.36348153179231 -8.38160872890871 -0.516276311210301 -1.79717604764439 2.99791519590154 1.30796797083169 -1.25993779601845 5.12680381024679 0.847401159805195 0.702502187582344 4.83455555442698 2.2647673390172 0.904716184547267 -9.51897483446668 -1.07783388344846 3.34874766182663
-2.90647547132045 -1.39671462562486 4.98565887613278 0.949665974987078 7.28409198576073 5.28852748446432 -0.850148972442551 1.15914246785664 2.05215531032326 -2.35614838142998 -1.60423612404779 0.570778227930612 0.989941962009821 3.93588570152229 3.21111782316821 2.73381307455661 0.660711561166944 2.51824827809415 3.42729760645533 -4.29231043087121
4.28475348963806 5.66021664669149 4.62883507307947 -1.40359512722117 7.81078022707941 2.81281388945711 0.621084313665859 -0.806223994520782 0.366730788090237 -2.75110312241337 -0.494099710287707 0.202152570563581 1.53030738125489 -0.640976827612227 2.33026484180372 -2.2868783705849 1.80682403600486 4.24770207712399 -9.27980264752763 4.62018585575167
-3.85340874927626 1.79962068942873 -0.991309489686284 5.41758478325124 -4.3573843887647 4.13717333537495 -0.557423434861165 -0.878666282462183 -1.41876300213847 0.249096103498131 -1.50459852444771 -3.34661034262397 -0.887409578060185 -0.43803126472461 0.268498217234619 1.35655025820089 -2.77486401418335 3.2255722443569 -5.72524646678437 2.18975570165209
-0.122755617486038 3.22160335510625 4.07464931752534 4.84930846508734 -5.1080510898379 4.60256616370925 -2.62092663199383 4.1696207423038 -0.239495873550935 3.10383615203823 2.10171967010042 1.22132305861294 3.91685384886921 0.967456921900703 3.32710364274675 1.40163883435431 -3.82477864863783 6.35057927893299 -9.56409492052876 1.61829868033545
2.29886698548622 0.667100647203113 4.2282166172811 8.19345175862465 -1.55741020921768 2.2821253867247 1.27451366452923 -8.99036330428539 3.43022875825805 1.4381006724666 6.61578406490208 -3.77909206092741 -1.58325390366937 -4.67298894300341 4.10908837731067 1.3538748302245 -1.27194929102373 0.657691778342381 -3.72279636578682 2.04362559562821
1.72723382802384 -1.16387588800386 1.22182603693966 6.01665069307057 1.70628812960534 -4.53371450229637 6.69344412255685 7.47446906417287 -1.56355020057694 -2.84768328968601 3.7871500229892 5.51605834072883 2.73311899288921 -0.872499503766151 -5.19798977324082 2.34098093819938 -0.161657986676866 0.153751897768771 0.47365575324582 -0.402867582941841
5.53621002604069 0.824773924555136 1.76512849646477 3.1946099739895 5.90120319371418 0.53760109319061 4.11479445306627 1.56450920549374 -0.239020551981791 -0.38926026880507 -2.16008327792504 -1.8145117093423 2.56826156603262 1.17940754979384 3.80857768578482 -0.537622680489775 2.93451046675788 -3.36779202932858 -8.22673862200918 -0.353758918022871
-2.67948311941244 -1.71420993137287 -1.37402565170888 3.99569724185278 6.54013003938496 2.99557017483412 -6.83824820463085 6.45662501975231 3.57282619849596 -1.12204441456618 0.724223989422913 3.76503872307325 0.816320360528898 -0.599014689606014 4.2764935695396 -2.45589161434754 -0.951791223458279 4.82167936494353 5.14887781937405 -1.4014288778455
3.45811528657419 0.133854754974872 1.69177907261238 -0.55631393974926 10.4289353365776 -1.41749534437784 3.75592473739487 0.711483238912226 -1.22856852119025 -0.134585200505346 1.91546186294945 4.79158798454032 3.53626132135593 -0.378808551715482 2.76317750160883 2.22007162293384 0.502818737195732 -3.42140028321381 -0.763369800607788 -2.60931395866163
6.50416241601005 -1.33941035132933 3.70975565745569 9.31196982654608 1.94542068598816 4.45976080474949 1.73268152512972 -1.35768650135595 4.30507224649755 0.672245617350985 3.18963345658686 1.75179577023911 1.24627676365709 1.65872234215382 -1.34978135602808 2.43366390404133 0.811317688771662 -0.279950043572788 -0.886395885784058 9.88260861393789
2.98668524864422 -3.67875961678951 0.957750611448207 -0.2494159270567 -2.40967202953785 -5.52466828879941 9.1427881636268 3.88657416960242 -1.08189424403917 1.25557691979463 0.606389247180197 -1.55841583171013 -5.22574721439932 -0.205295491181975 -3.94282683309208 5.06892938045669 -0.707251779700566 -5.55900851675446 -2.54067281703324 5.03233731301987
3.08930220367811 3.19576664606461 9.27527158222435 -0.66139318332804 4.04953406733878 -3.26168782669907 -1.82466686512696 2.68621099862918 -0.255386070370036 -0.162849449678805 -0.536285217695571 3.63168097547608 4.66312406077626 0.487027056412257 0.0777756262424449 3.38850838705705 2.00771169954965 7.03597090413281 -9.53914066040718 2.54147109463107
-4.71102632334614 2.09131394289271 1.69126834515851 5.33675384168559 2.96452923195743 -5.47410012075892 -0.165996704987926 -1.71867053412514 -2.23025726525955 -1.48759782918172 2.12383974453721 -6.14746784811619 -6.03245406290625 -3.34302991450689 -2.4874660395935 -0.80069779577146 -1.84674826353711 7.66093366226008 1.57835181432386 5.36421211893486
-0.283736324710198 -4.10347908633304 2.68883330287325 2.90977383259769 0.604924586120279 6.59982839042875 4.98752431709222 4.42040691790433 -0.566632113583377 0.746067931297418 -1.16186201192119 -3.42261026323904 -2.44113546401913 -3.29900293977413 3.17236154839492 -1.04576524689884 -2.13459345712336 3.88449686274625 -2.54144146523523 -2.76783447975735
5.06862703441477 0.837453877209314 6.43827629572633 2.70701691572779 3.62632302419532 1.27463379041405 7.42677236681968 -7.6479350007296 -0.890203166134773 1.34121526460348 1.46216823043109 1.18331491452339 -4.99874330733333 -2.04545579903525 8.41917225743903 1.22418397734935 -1.80800943919372 -0.903571904614315 -2.17133725128905 -2.02378496454203
6.87722942875806 2.7337023892768 3.05633901414129 2.82981273917501 -1.89716854799526 9.80027611043245 6.61080363733782 -2.90979156304694 2.98316974717756 2.96821319017833 2.22706415425191 1.20231214755059 4.35979019753811 -0.718191210506332 -2.85936307755363 -0.294310604460608 -2.4502003447791 3.29364541640276 -7.80295102021112 0.993585069567075
4.22550226053432 -2.573744873897 2.66794917547033 6.08894337752183 4.10023526440745 7.85421646904673 5.87311741527099 -2.7367759141932 2.4960643421792 -0.389742896816817 3.22518222701328 6.04164579029464 2.14677974231051 2.15739247709293 4.94091268451857 3.76699834106189 0.939720431550471 -3.38155266164463 0.132011994947273 2.92028154777892
-1.86981623485529 0.132305967202505 1.36241759447376 0.914095875941593 1.48111388795218 -1.653016909522 3.89497686654311 0.132206652769381 -0.2643831281034 2.14726900456887 2.05633337837556 1.95404846533646 3.48886648494217 1.38812834295737 -0.427399998184269 2.32480213834899 4.31453274816662 3.26654194767367 -9.69853714977153 -3.99189403639282
2.52968003743492 1.11432162919812 3.33491180608426 -4.75171247451678 2.70945861161483 1.56022306853331 1.13270779998653 -0.502120806876138 -2.79816548311589 -0.792241656147498 -8.30325431679571 -3.3106968791889 1.48763239994619 2.12827600021354 -2.02667217679402 4.89272530310455 -0.810780651233782 2.10985528572648 -3.69118199071247 0.625798261556199
1.71546060565879 0.536285725803036 2.7145832909834 -0.548558041112808 4.36660161210473 -3.57332277523668 -0.689598735165796 -4.83974409144515 0.25065204825823 0.0576425032704295 0.323633746460093 0.0130884039857272 2.0302147622356 0.883501830032479 3.94679697059045 -0.115820399168634 1.5291707815111 5.03872530676955 -5.94625876221141 3.74055268692643
6.31240040030662 1.10432993686404 -0.973130522619911 7.11695079086705 4.98532897568465 -0.0418960342743477 3.40551956241433 0.0295991875215779 0.457505572937315 -1.23363692442848 -1.40994053300882 -1.23744700008751 -0.219539589452575 -1.91022349860701 2.86470557881169 3.06661535785475 4.98473465359579 0.151874776792067 -10.1800797190166 9.40082779027167
4.95172516314379 4.79182924091983 1.04281884129145 -4.34758039851757 3.20692660605314 -0.491955086225993 9.95038390854115 -5.04859862460507 5.04195444365622 0.228673985100031 -2.93593948113687 3.27422313049837 0.142631283084242 4.88053619498691 -7.34851246102826 1.76586489389021 1.8931112772116 10.6317462781334 -5.26144480026008 -4.563195891958
-4.56136171166501 3.26858317870455 2.83290169972502 0.685081235846742 -3.17750405836636 -3.60408099886042 -1.1492035820917 -3.89622686221356 2.12552029147851 -0.797898485308962 -1.49732556066558 -0.519626986057691 -6.79713361019035 -1.61452041716971 1.55468280499751 -3.32760077009983 -2.31536259005451 1.5324606868164 0.917911610314519 -7.53596992066827
-1.76654624478922 -1.61422938616182 3.55886280986909 4.2868329324481 -4.34141048671453 2.7981389399214 -1.02377040674543 -4.80575584170876 1.65326216349742 -2.77992922973179 3.85480442369015 -4.22415110510871 -2.08404095088381 -4.08195777886267 -4.2391649889543 1.71943427964933 -0.458325577082165 -0.903654224431348 2.40011651678062 -0.20680446534205
4.46231916738581 0.613525218324046 3.93318194051137 8.01499058704631 0.0891246161702903 -3.60599024485021 9.24743084155443 -0.306294919163151 -0.4365915055143 0.33794176968212 -1.14262383647767 1.14322995251492 5.46569996431236 0.675247906675304 -0.698954543667151 0.654834077164941 4.8932965183598 -0.0990554270064272 -7.62342237610452 -5.57422188868888
6.03379277553535 5.95795369617427 -1.76787632567037 1.83580027055626 6.13917786574446 -5.0613227172739 1.99123392384045 -3.15871609888147 0.942084063104024 -1.87970076454673 1.06897808593069 1.84664781972452 0.103449778103783 -1.85869674502945 6.29860275678957 3.19682275885412 -3.16094619711663 5.3669876345817 -7.3328665242071 -1.90631253644196
8.58144942679181 0.0332326610947024 2.8251821809989 7.79313271304717 -0.520512246964335 -7.3147773760499 1.49731149520769 -5.05100791941203 -0.591341339350471 2.67091924848067 4.29676840108806 -2.34132761628511 0.835428036865776 -2.51293848254888 9.52926782404633 -3.03609892912411 0.258979181830898 -1.43545000388634 1.26559527442836 1.66735788674904
7.96274858983768 -0.122061209408893 8.90642857646307 -1.02558774456619 2.41642707210209 0.391245067082874 3.34107924091334 3.89323412872168 -2.32300645716001 -1.304814600025 -0.170625092027213 0.841022177509591 1.68675365145948 1.02881590674183 7.94650173055309 2.93900047079595 1.87629478758349 -2.09686076612971 1.73640318046227 -3.41517265462116
2.72759179747968 0.806527364924812 -1.24321470309793 -2.00442507728576 4.75979802405899 1.56421616385808 0.658080650597514 0.884577698950347 0.070879078765321 -0.0776548338833892 -1.72415636313856 2.30317204760524 -2.28061007630991 -0.545848217107125 -5.1338515322111 -2.25660004758924 -2.10335694789669 -1.49411445788328 -7.41048564277358 3.68983468382267
7.10608846876589 0.723857867759103 5.30124876407168 -0.525848423057958 -2.71885759072587 8.70597600101538 -1.76434070801217 0.683409606636966 -0.606374202554067 0.093780883098136 -0.335538948192492 4.26981653387857 3.03417141364864 1.08541631057039 0.466434859488708 0.355448511614844 0.802980613200796 -0.816819865608698 2.10727638993597 8.91017392805295
1.09468693182796 -1.83611479179803 1.02000716231871 0.68143586438062 5.07064439411266 4.27311883326799 -3.33402243154815 -0.240281121667176 5.0416580940548 -1.76533264925904 2.85142210180334 4.85656288822259 0.099611558002445 -1.22005382180314 1.1464645881901 5.38374806010385 -0.164951543435105 3.68082421568593 1.76898287155344 0.236389286617352
2.66327368431994 -0.97411891111156 3.74219045048001 10.3608532609584 1.39191309354201 -0.83112119788515 1.40642504492215 -1.8813593542857 -0.051198379454211 0.770486948145033 2.05080104402563 4.94481603314734 1.07219807728976 1.30449900257021 4.29525350949103 -0.914046348835808 0.162922484306738 4.86158415299754 2.1514653603506 3.33919649014803
-2.38244659546866 5.97941902677713 -3.51564303598073 3.90570907829862 0.857395628373895 -1.70106929155499 0.732864889851928 -5.03693463425967 1.77670562746426 3.45890838925295 -3.67922284313522 -3.65135488673664 -3.95401505414873 -0.824363732537038 0.335173424341456 -1.77007376494413 -2.50197835014052 1.07997787928717 3.50963672528481 2.46064368303716
1.07459333742839 4.22278512114282 -0.974730964091516 1.63589069150574 6.36246216173738 6.19533771561985 5.28052002254409 -2.56057006525833 0.675562671450976 1.60248545294332 2.42955643564579 -1.79338493790383 -0.365249653260343 1.9450559334988 -1.32713547446542 3.29905922146448 -0.170962638591079 2.40993128294577 -5.42178053696074 -1.46824841673539
1.42289921973083 1.77388812481449 1.72322174168797 1.88973045733741 4.57670847310359 3.11310229870659 5.76482492364041 3.56366682731156 2.34014214712785 -0.744341371870082 -0.195098372587522 -3.04302394338543 2.63461439717455 -0.170711762908013 -1.27153429343012 5.4303963513861 0.534379904041134 0.443417232486327 -0.804216232056898 0.118546583479366
2.19681573383297 2.85851370933328 3.67848665297424 0.859720344121646 0.422687921846049 -0.853560006243465 2.52977931686974 5.55056433279285 -0.45435483524526 1.0119945055566 4.52592791687352 2.38082598231227 0.734747365135108 -2.36047484253146 0.65243459582196 1.70212676242194 2.84223553748868 4.06516383179391 -6.88392063127207 2.46131207266717
1.4034725654302 2.49058405627071 4.52144001333512 3.624312998265 7.17261341822272 3.46737518234747 -0.688271787829896 -1.71919693378831 -0.626450788940101 -3.90908163830371 1.84559393092284 0.505448343565292 0.682092505277106 0.141928870652616 7.17418860813773 3.61013649468732 -0.0454639553522798 5.54305854925539 -6.23827370868261 5.38813118970583
5.71915116124291 2.24817500696722 2.73664176613108 3.76391786138961 2.86770424150453 -0.250958983004492 9.65820594876474 -4.06734353713114 -1.61006504019887 0.132708109028514 -3.22874274709583 1.25189947300145 -3.22886853680027 1.89914297466799 -0.84514794959382 3.15320786316729 4.39980713156403 1.96399994290753 1.23300554579907 -2.59676281672948
-3.16340795566603 2.35139781647875 1.62881313042576 2.54007379759625 10.1246800406937 1.0487063749656 -4.30190811680976 -0.365940560822704 -3.62298976833791 -1.58868186766759 4.23274897553222 -5.52330915616079 -1.60336773965895 -5.9586017096402 -1.1442082560751 3.15020372635017 0.200567147384386 0.358208063958593 -1.96080731882944 9.03621834328061
