x1 x2 x3 x4 x5 x6
1.48599529691113 4.60332578741484 1.89386977319408 4.28665202042085 2.54615820802157 -1.31282166238815
0.0264861665979418 0.959162566896147 7.97863226743191 1.37936039074769 0.995477405773892 -7.06477539713975
0.434826354290439 1.63003899181755 2.35885073187543 1.07061382424497 -1.28362719774795 -13.7349079920961
1.75018678287237 3.58988867160501 -0.57947584537354 -0.689388485650163 2.81828472167062 -6.21018988160335
-3.66684681305993 3.56130341828036 -1.74052412060908 -0.400438710206074 1.41422621807629 -9.69256430293094
0.621141620282455 7.364606505253 -2.36775361875627 3.92081515215577 9.26784114989763 -2.68334837121002
-2.12999506058713 1.11578446595278 3.87433814535299 -0.393843662341169 0.0557393562561308 -1.69347583522084
-4.85276373092444 -3.86601810899691 2.16120738969278 0.220041272907123 -0.460785388728327 -2.22987236170051
0.182122307021428 2.51308887222469 -1.08627629970319 0.308224396333625 4.59027292574681 -4.55351362196324
-0.429560910007819 3.75158179457514 2.38710090503037 2.48110506222868 0.245456256379999 -10.1942058166364
1.99389383807597 1.24807844614559 2.55854460203038 3.11564176415025 3.27652964174192 1.67180062000119
-2.98979276168664 3.3269305636387 1.55043466021265 1.51179232660405 -1.94315509495075 -11.1179183256299
0.873449664445303 0.255989569103923 -2.03744139070441 5.73406807568085 0.974839806812525 0.902667569828228
1.86169722459973 2.93505311961433 1.79683534458086 0.144164400158861 -5.29412179688945 -11.7769142836851
3.06507293791573 -0.0148696354024551 1.86502221847595 3.45505539932008 2.20969276481687 0.216452799165154
1.50538354576531 2.50458830182613 2.69387704096366 1.08406533972111 -1.994054468057 -11.4454499551045
1.48851060979317 1.35294920757119 0.189760115709943 3.85398694751276 -2.75564621731708 -6.41975142568214
-1.25286257612936 2.68264064277372 1.39534486511955 3.15035015512911 -1.85658055535969 -1.27011486997733
2.37356799495194 1.57999579540208 -1.93851072527722 0.589913038421086 -1.2155502816789 -7.69197159726376
-4.99254927868889 -3.20960105452205 -0.504286698045293 -3.89543284364218 -5.01083149333254 -2.28739622803801
0.305868052037873 1.46010069435473 1.62287113548013 0.914256763591411 -1.79133840992522 -11.6292505135476
0.966027047342961 0.588176014376687 3.03785399471318 -0.914051641253934 1.96437888491068 -6.74548170277928
0.324739707569281 0.823421393285352 1.28835071020108 1.02156999324388 -0.0198929527644363 -5.1974401694571
-3.07705750921066 -2.28996184626667 -1.70248228429082 -2.86970387522515 -4.3431234464379 -0.229901195267378
-3.11824982600916 -4.28838992668797 -4.09154587365577 -0.221844701348361 -5.05562980535162 -6.52187361687772
-0.0577472496951712 2.14930875176297 1.55603691560925 -0.282642715092719 2.56309846285855 -12.5716791420236
-0.408042800191287 -1.09598343008121 2.38725446374511 0.288270182007169 3.82366050243731 2.80134972489615
2.25993034337169 3.73130861390279 0.386268306651683 -1.6488108010391 2.50808691631167 -10.9681767624768
2.29983556725149 3.7583910565529 1.42330921890707 1.02790931071791 7.24184119029431 6.32188937843642
0.92810452489771 -1.9693318897845 -0.675518898744347 -1.19670634512603 10.0665884797769 -1.1300295664398
5.8086031067227 1.07141924388762 2.93700835910099 -1.35201886780645 1.9781786971601 -2.05702249114159
1.69434590568597 1.75118488966334 5.87490003348906 7.28039224130523 9.88953099901876 0.184685379849671
-2.07791890750298 3.99549116016013 4.38462987542662 -0.621359657876502 -4.25650622733557 -3.54600826695542
1.86443212347465 3.43440184951358 5.43847476161538 2.99204169812029 4.83061772565786 -8.38850992548389
2.07357847153301 -4.27402249845726 -2.51105218696231 -1.98497873217361 2.7457999475102 3.58619251105548
-3.20545061936294 4.10532503355987 3.49714134448742 2.96270605155945 2.53641280565341 -6.83216127426041
0.903779391302898 -1.31514988930098 4.26240259450716 -0.639163267229047 3.69472964173877 3.7163226330501
-0.704255997016625 4.68217349368674 6.49556586569977 1.17014124054752 2.39974935863709 -9.50708153775076
3.92548715778749 2.94862063712187 -3.70947939243805 -0.351592229002982 10.0929167025233 2.08972028276684
2.14440348037402 2.25778299712992 -1.20651719195676 1.05148150379902 3.52330581223869 -5.47260057134569
-2.40519026022909 -1.56231634549943 3.78430207771901 2.24626396593559 -9.33448548213664 -1.31424914683416
1.57290341527644 1.92464504193722 4.25887781983641 3.59559825969206 3.99467094621904 1.89994888455245
2.98745446075282 3.4608133957748 -0.860651940534478 2.51041437059487 5.41229677099795 1.74703204282806
7.6486865941224 -1.61957372837771 -1.09244639984983 -2.51892859916147 3.59731362920417 -8.92148793251186
4.82858467645326 0.000233805608157223 -0.510539914425237 3.15691613597395 6.00960526638358 -0.300081360906504
-1.98436632416479 -2.27340431983464 0.659265577407729 1.65207758968825 -1.54071321529634 -3.34411164051488
-1.75969757109487 0.51009457544413 -2.30075801284984 0.130835336511665 -0.667170686269541 -6.96092668523538
-2.83515235665698 -5.44180922723076 3.3002239497048 -7.28918624850028 -5.97548290082875 -0.859303325143763
1.29079719761769 1.85871803847234 0.69191702369816 -0.852186795486741 -2.08405745901378 -8.46786587641024
0.854505691647692 1.62745406345253 4.22141013030598 -1.56921636532421 4.40318036258016 3.95483968263525
0.071507533435462 -2.36332439670452 6.91372638824837 -2.75762784388431 -2.77091310461031 -0.820589553618808
0.584666765706379 1.87769165428356 0.416743580812249 1.69298211121754 2.31355971452091 -7.9703648382109
-4.71194847989003 -3.51605854335642 2.87349602025691 -0.34355788872237 -9.49217474830941 -4.62236082210906
-3.42857954130102 -5.8246182914485 0.445414207434658 -3.6885625213796 0.33433398468893 -0.140465107411936
1.18938918334407 -2.53695801413961 -2.18810185812237 1.81141714589737 2.21958617171732 2.156470594437
3.95485236160233 -3.45039967739816 1.97305464239569 -0.239237024188393 6.22003857073925 -0.281199467825558
0.411973289670567 -4.41750079055781 -4.39517704317097 -4.17973154109237 -3.53409079301969 1.4475014947988
-4.78443067049375 -3.11573845673577 2.20957469058742 -2.01985748705629 -3.25412951762938 -2.5455616941365
0.375786889995381 -0.996751776457756 -6.60559540355148 2.02932058217366 4.73204897402276 -4.12588887951586
2.30536299265173 0.273757927872734 -3.15005303431791 -0.153758666068453 1.58222770341186 -4.17059104695788
1.46326238803274 6.19433659934807 2.49320236122472 -4.37741266022708 3.75873417369246 -9.76586324674001
4.50498028549535 4.1128135084256 0.489102203800333 -0.835626929647804 0.487253486167279 -8.50565777968539
3.821299017469 2.55503912401591 -2.97594959696376 -0.123468808328022 3.60746626585235 1.24204307593014
2.63538762657537 -1.08532678650899 -0.867811386064764 2.39886002192982 4.62089144602265 2.52464005511145
-1.10576828332298 0.0950823634922047 6.82075956411884 5.06914086427376 -1.54739134668587 -2.27148848842025
0.758767425145045 0.402567987401798 -3.119776414114 -1.81789381519808 -7.33168597023004 -1.45238506055159
0.0905516455930364 1.4789790946705 2.70988459766093 1.83303257890864 -4.6833755198466 -2.09752080942245
2.79317430689646 4.05458517608796 7.77684397077244 1.83172949423318 -0.736967227520628 -7.20889131279627
-3.78819008622322 0.187749021092185 2.60305763505986 1.58979361595471 -8.9061406826503 -3.51792557773228
-3.26573391569208 0.0792885953932114 3.75589913128512 -4.21792729343471 -6.44335216418799 -5.12498919383236
-3.54214724168362 -0.921416696649553 -4.22365747079562 -0.192456568751627 -3.14817250064882 -2.54343828401535
-1.93363986249683 -1.51619482512425 1.81112922057683 -0.728213857145035 -0.632743960839134 -1.40646958783263
2.06992031991011 5.34559028156905 -2.2587572736209 0.55378553615579 2.22080944809707 -10.7350498469545
-1.60985912331614 1.68432767039554 5.65700332664116 3.22195082292669 2.70114515698647 -6.23627697197006
-5.19741918497093 0.297421781350442 3.440960760321 0.0887073383843686 -2.80345258419237 -1.57685910673894
0.847194193002603 -3.29187807798947 -1.21239034519235 2.05548866169046 1.23146432401375 -3.34811114167998
3.36054110837834 1.63076360290236 0.58696113877086 4.03659030353509 2.80319103084555 6.21105823090787
0.514969130751596 4.58625731520518 -2.04439832578261 -1.87271751061855 4.91465397404933 -9.02044811422555
2.1742432585168 0.880591625565816 2.584060018681 0.62080963649079 4.92983187408018 1.97177063748646
2.58238609311907 -3.52267363789148 -0.224501322516954 -2.22690904355202 2.28962676168534 -1.58473599750753
-3.50316237615633 -0.0866232973526075 1.56105801419835 -0.307365284397279 -2.41997469845694 3.78977350805515
-0.795555567183621 0.235910173613739 3.30080939740634 -1.70557415891532 -3.52841553636113 -1.78829359105075
2.6145191824677 2.74512646770003 0.235859435475009 2.19426872662613 4.91913023366932 -9.67429037011813
3.41229735838374 0.880296127767339 4.59990216808501 3.8603320520836 3.82507142671122 0.776138079513403
0.265117117004261 -2.44991919269657 1.58424116844171 -4.725363306149 -1.3585586462756 -1.32011412297267
-7.58868873673969 -0.248722320968875 6.25764097618672 -2.18797276392204 -4.96556509154577 -2.35843628741043
1.37283602031739 2.82497617024031 1.15438888315849 -2.39407536007497 3.89825653057476 -6.88499048313975
1.9324294254522 0.287270280626949 1.2792551487434 -0.23518862395041 5.40724465700061 1.40242231496097
3.1468234102466 -0.928272118862707 3.96351024619204 0.282586295805485 -1.14852590672979 -7.29071565868257
-5.83266868831383 -3.49974954301003 2.79110853740123 0.703540111758862 -0.892763117733022 -2.0732779805108
0.885669899628932 -1.92432715650077 -0.4845102607752 1.74046357598657 0.396778729057582 4.6314825989181
-3.49597128652353 -0.395307681832282 0.15570215161251 5.75036409469742 -4.45821270672574 -2.753606908754
4.96179216542415 1.72257831923081 3.45308039830695 0.460540239007857 0.934608169298988 0.629563009135831
2.52097705307016 1.51345335274986 2.5846636288548 1.7720197475298 3.15688441284253 -1.55459141647008
-0.775625785783145 1.36753389972075 7.05713372647343 2.68982152454425 0.496047049111675 -0.744391605649935
-1.05115737979819 -0.383995971361493 0.0799187232546783 3.65411459853051 -5.9812892154843 -0.940563707788681
3.69500613255193 2.73487321582141 -3.24637362535528 -0.122381187410831 3.28490075737189 -4.90767656935272
6.59450419673052 5.45699143688349 3.51246295261805 2.24600275912996 6.08512253841688 2.43953589179496
3.36482360035738 2.45038903227268 4.29709875790588 -2.02218061847485 3.38610013740748 2.73596448047364
-1.44034374600066 1.5871770729354 0.0299984789858547 -2.40222760229709 -0.643726617790634 -0.615985560289097
0.186310106343343 0.244066253967705 5.19555839482769 -0.594248286392089 -1.0416877742972 0.547339715627846
-4.09827916024546 -0.263890857725519 -3.23737169129396 0.323909686453627 -1.05599655677035 -0.225065340760656
-0.63383193711096 -2.96685909381622 3.08099460735869 -7.67184551552259 -7.22062266640712 -3.95038200118275
-3.66338972775762 -3.03116401807422 -2.26098299142319 0.221424529395029 -1.86871478554583 -1.03468903470457
-2.03847772380325 2.41694613006309 4.19815812320364 4.67250716325889 -2.58322101859581 -1.72078404745283
-0.0663473729888755 3.24881108435935 2.53228713571633 -0.490371301580777 4.48829650952456 -10.9679817998684
-1.49096924205368 5.23401312991389 0.277043017496559 -0.82173363852227 0.897732322689552 -3.15133519437724
-1.96727849515006 -6.93867476859571 3.19592611063158 -2.42937519080364 -1.17929898477975 -3.83010323954487
3.19761102139278 1.26399533179774 4.67083258973021 1.79541880094922 -2.72391201740505 2.15772101112839
3.72331584572631 -1.96140629524282 -2.34674644203303 2.14469893897718 5.58723454163828 1.09386077182518
4.42145312481371 1.74956882064528 1.19752243936639 -1.89374050958927 5.78476274089463 4.44985484969882
-1.27821558184001 -2.34810231743729 -2.39577640970892 -0.802215006359198 -7.93431636240766 -7.03353928626818
4.3485550566229 3.64510079893673 -4.45969855814209 -1.11142394658711 1.6380966969755 -7.07552670546787
4.23238308268867 1.83276474035037 1.50096626608248 -0.970563729010919 -0.602699803261312 -8.19717810554142
0.398216570281471 -3.05571209128077 -6.61051737842501 -3.67826756523726 -7.51015664962137 -2.74913046640713
2.02949340462314 5.32661058770884 3.20974440129148 -1.70426871998023 0.139182392347006 -7.98493134687388
-1.20430994852969 3.79266017829887 -2.56512948604173 -0.424254838925383 3.06211660623412 -14.3923831059193
1.08497348915648 1.23176684629751 5.16382314475798 6.04051191857512 8.58433123555419 0.552297041645426
3.86864274433951 4.63885467962578 1.60846601351101 -0.584825410093414 4.48220427271978 0.60865621841367
-6.60045103725858 -2.93294018570764 0.718692724546147 -3.55771430920724 -10.8332711198605 -1.45953746407649
5.13289460395464 4.11132000781318 -0.166361334758139 -2.02150449625159 -4.14592916107404 -1.16780544952114
3.24751632971438 -0.513838761414564 -5.35351687889234 4.0959812091528 1.61605219088443 2.3130242246158
2.51267268019108 -0.544685668096339 5.23089871080791 1.68639441361779 1.6119146640641 1.25406827577856
2.27062698902638 0.0601118624728481 -0.632778368737341 2.86146458023962 2.58209994044705 2.70863687515863
3.11392605164122 0.879962618896334 -0.213314366297839 1.76577259218823 -2.10721252542613 1.70509287199352
2.59156717286541 2.56774076791891 0.9419836386166 0.132070087465866 0.991207659373591 -6.32677130759141
2.55199173742872 -0.486351097039226 4.90051945129739 2.07577108347825 0.00481780832852108 -7.36877700361854
-1.17672815291235 1.23149701220429 1.91779473496104 -0.161427129615066 -7.84578034101367 -3.05234353191023
-2.09569624013124 -3.15618264289029 5.09732416494887 3.50189296191951 -2.65190414567572 2.72395325467131
4.35260034851474 7.21267140923195 -3.16900039654767 -1.39288251074199 5.6767655521729 4.43118199292845
5.01374959110624 -0.2595237894408 3.3217438793353 2.30090740027711 -1.93828135475967 -10.2923936853125
4.30479063675862 -0.752983434225492 -4.21426999979928 -0.709134544156303 3.66443038083852 -0.327537055650161
1.46095377205613 2.59668311242023 2.69920053961767 1.38180823144726 1.50621031605063 -3.65073739841723
3.70055459678813 3.126263158424 3.54246794101363 -3.09293559922502 -0.39057630514086 -8.49363352365053
1.07599662335294 -1.14378878985236 -5.12990636525106 0.842742780860582 -0.456353339628506 -9.95383114737122
0.210613854107555 3.60190133075459 -1.77007838869397 -2.52036854917958 1.37432718189797 3.70725462015816
3.06876225899719 4.425765333013 3.50013979420787 1.30719134395449 4.66798390707659 1.7015171641065
-3.5384123531635 -1.53212835630061 0.187323488513396 -0.386453818525653 -3.70477378574851 -1.18940890275562
1.27693270855121 0.951300033470534 -2.38773802252746 -4.11082175231053 -0.770671108994385 0.781554984214661
-2.19678286674911 -3.73372885385191 -0.613232011611591 -4.74009759065714 -0.419549422237113 -3.66100996057094
3.98283668788716 2.29397548435566 4.02100039201555 -2.89270852711639 4.54844063990751 4.19546930799021
-1.50989756219099 -3.98150249026952 5.75071810607954 -4.5494472020946 -3.10780741332455 1.03956123393219
0.512535900928981 -1.95792383927073 2.08018933147639 1.26515638201855 -6.85434886950663 1.14811746460065
-1.38245545914035 3.353690806242 -1.28754871794253 0.33268299201985 3.92967423788811 -10.5537015463573
3.40504127921203 0.544829168438449 2.18421235505544 3.66147714960369 4.18165980911499 0.0581637789654172
-0.109671776105023 -2.59532805618788 0.929356454194497 -0.551958642099847 2.74513958352437 0.93424743377765
-1.07899370723954 0.414881864321651 5.37380393845231 -2.98177752318447 -3.05617912895411 0.841867100918834
-5.06198266806473 0.281884636523343 3.58981935242149 -0.369777123339539 3.69384898848646 -1.66969685009128
3.470220520176 2.04783418429894 5.15996780671304 -1.41107293839684 -1.17597275783108 -13.4205990831494
-3.95371883145313 -3.26159130434654 3.80333479237047 -0.901737482484035 -0.606165639080777 -1.33213801878607
