x1 x2 x3 x4 x5 x6 x7 x8 x9 x10 x11 x12
7.20787694218786 13.3716294555686 25.3609003689143 -11.5851943064891 19.4198407053026 -15.3590766813716 27.002121398716 22.4713354794121 -13.8022436047051 11.4213762191394 2.02141381056126 6.12599074227996
1.69022921396437 -2.29751750761144 -5.31594526124492 8.67298536168025 19.6518985144801 24.0486473021991 10.2751539420927 30.5500430619067 6.34126730869928 -12.0019330092485 -15.3662370203918 25.7091537278351
1.64067343932908 30.5091453202313 14.4529648055871 14.8590489271559 23.5588216400037 1.27945217284499 26.7029969533736 10.3228759990929 -1.49369705326357 9.62915538991919 20.5889155026591 9.07363631707583
-18.0366811693 19.076002505142 -4.68727725004123 5.50035011114215 8.44154529385618 -12.3245744711462 10.159241422068 20.4029948800581 -13.910793076846 7.08714357715925 -9.13413529399699 15.2563503646355
-5.1959087773018 27.3274343487331 16.5021071338226 2.35193491990695 9.21333876559233 2.01276246737175 19.3301084586441 2.68193435643942 -14.0747314411366 -5.29706585158724 -1.58242187192789 7.1795800830081
23.0637501705313 13.8899607210296 1.13023617871504 -3.24393120693642 -8.33614566287644 -7.15476117835364 -1.87593999204687 10.6272746873735 3.30645493657775 -5.03462905449935 -5.24761423734169 8.08153172815985
10.6349852733232 7.36151131724473 -5.53275481044964 15.8435015734969 31.4780876996075 7.25274006259049 -13.2576291815099 27.925240212722 5.99988685089136 -9.30966664206221 4.2984474821645 30.8138923193102
15.8691231570282 9.66947444960854 0.749096559629524 -2.17309941335611 9.20157681721601 16.0311461720255 14.0582727977452 10.8624059909475 4.78081780665459 10.6034618793854 15.3522516195251 -11.8652224855958
3.07881944755403 1.79521557110824 25.7487739537963 17.3937488613814 4.92118672865484 31.6649925688473 5.80136561748448 28.0701471993347 2.96859528140504 -2.76415544727638 28.1229099534821 12.700016798763
1.78514904870195 14.4437579847534 -3.22475689274341 4.36828658909746 18.7145907487053 35.228951778137 -9.11684654242309 27.7003196883196 3.90543244767892 14.018685103721 22.2385064216401 16.0276898750101
-0.420468349280048 -2.41280889368663 -6.01390984002007 13.6560433518327 8.84149694958456 12.9376042660805 1.58764542566933 -7.00157519655441 -2.2532334880826 10.7629830225318 1.53488786860851 18.0548863916803
30.3636266292716 5.58116313497598 14.893026650861 -1.15961483835416 13.6220374652024 -0.452936647070755 14.0771605804769 -13.6645440212859 -0.116860295967037 15.6140931311367 24.3245670698751 -15.6543244865591
6.8965294978816 -11.8409366467054 -7.69919351525495 10.7454244232376 28.2381226697465 5.84260705239147 8.49876916433003 -7.5090523458879 -3.84511868989763 1.68229072008546 7.37079626998479 -6.52437478369924
14.062906967303 2.96944246693015 8.17957262217764 6.05658892021332 7.56073383391543 -7.56690958258902 -5.43844433776287 15.6126545565135 -3.6793982669649 26.6413709405728 -13.3148921548957 2.12967104921863
1.23438650938927 -0.736915792042518 40.4111795091016 13.9986132004833 10.450907781634 6.67102558894456 16.9054682578396 21.3243249116008 -11.9157158794041 17.458376839944 18.6632501198879 1.00605923826501
9.56001632974893 8.24721920979157 8.24475747629864 7.82579265849595 17.3734445368811 -0.741882037528034 29.2474019758403 22.2394115888457 -12.904825864552 -0.934474039622412 10.0350016713103 7.71125014381021
5.00201491526866 20.3452383692163 10.2692539468839 11.6947625795293 0.182975019834018 30.7479797796193 -5.976185264629 28.3021650331771 3.48419580196745 33.0513834420584 4.60088611388389 -4.89248264147008
-1.2007547586549 -1.3157869632973 5.40512766341767 -11.5257379292192 10.627329112354 26.3698590146415 -7.18447021898272 6.02515894977774 2.6292118889194 10.582850026339 -17.5312517043752 -4.749277957167
21.9307570606064 4.33307950852131 5.27415061929162 -5.51514412845252 8.02824189487049 0.267417643004409 5.0496214370238 26.8164105514067 4.48815895871252 22.3930524805983 -10.918470497583 15.5444699636453
-2.28560023686585 22.4793140493667 16.7735687108753 11.9086443069025 9.27175746976686 19.5443797414306 14.5085005166056 5.45118716767449 -11.0623429205742 22.9415766807763 37.1086288213161 -13.8258742047197
-5.92729315291791 12.1744228854244 23.1606011236114 -3.96918765306859 4.97895744784623 5.10098512438577 10.7165219653074 20.9968889943546 -13.2960180238098 3.74103863708531 7.43240622080233 31.0225042907941
4.47739341111615 1.37942459626714 9.901312647576 9.77022343005328 10.5375286711828 11.59745910427 -1.88797265263276 -9.48756457820157 -2.22883704597112 9.86651365041379 11.1431971475954 40.9980812939041
-3.44507554468762 29.2180680185617 14.2291784206091 -0.122657594037739 13.6208411733154 -15.1785336639922 -3.04460342186533 4.74832825928459 3.56411987348049 -2.39700090026871 23.8773002380339 16.412558058092
-6.80302377003841 10.0829741909081 -3.62040823150701 12.9650748995359 4.90675343497727 1.06593375907248 7.01945346118866 5.37790925744872 5.09771150729398 -0.925001363177959 5.02854893232311 15.9935664243147
11.4465982040057 -9.44553429153582 2.99654686348233 17.7075767613461 11.9756424139182 22.1984652260669 15.9500576518605 1.64114825091806 -18.0022269653214 13.5344152304269 12.5098627492245 7.55928337823874
8.36932125003576 8.76860663964561 18.6789642263309 11.2458670656835 24.406878535576 23.2870849797258 0.546273209280381 -3.38967771159552 -1.20945509242386 13.6762522745717 -12.2290428038188 -13.3819848161438
14.8629134855357 -9.70104626799348 14.2505028165896 15.6317565151997 8.34275011915118 16.5031549168282 -0.62653744807908 22.5517731783005 -14.7833979814729 14.517129889173 -6.48111352185586 -9.24156483373618
-8.63840251244654 5.13232741649013 2.94355023856784 13.321215397898 0.976678278898783 15.5370074488669 14.8508193530736 -10.857512372003 0.922656140699241 7.90094904523058 23.4050308457571 10.5323216185402
12.0647146583352 -1.16565352997781 2.86451671056278 1.66116522146927 19.5971413792888 -4.88842106380565 1.24817764291194 21.4843450819168 -12.9940601276485 19.0479241062839 -2.31495723252401 10.3692492534582
-7.63919277461553 19.9196273631028 0.905985100190279 9.18260432117295 22.4249137401642 -3.26954582834888 4.01362524952075 22.9361326773903 -10.7516609312663 5.99213877916702 9.00042878476225 -12.4393079816386
-0.586516096807888 0.529125783983449 5.34823554003277 12.2655798559883 1.28018823125422 1.05898100982622 22.4868693077094 6.92612619641292 0.0867835751821167 20.0043976606924 -21.6161349038247 8.72099296747808
12.6745059770526 22.0143931457846 16.7891180637236 -4.95469364510662 5.93770435702228 9.997330505541 9.30784427213152 8.9074913279782 -0.0309287901902791 20.892303235745 6.73513845372236 8.10311787266935
22.6408290572101 9.49184680798077 -10.8038360916872 9.81381250669984 8.47455035662605 4.50259971989144 0.609241539710798 24.0825474010968 -14.3766692224848 -0.378752525367712 20.3204706519085 12.1701292562669
17.2171990003427 2.56252258002489 11.1067899026312 5.45178341009471 18.9946975696086 34.7767087758596 12.9647850799767 1.45595843917145 -19.7600645578822 20.0324600889652 -13.5046786111061 38.6945664840825
-8.76491510880527 0.687911221580545 9.73903640246107 5.70264237916041 14.7404335752528 22.9282907498142 -4.63199261455773 3.45289114574045 -10.9329214610578 -2.91317834713325 26.2494278814311 12.1752083964968
29.461375423033 3.75088428913589 0.25180701373473 2.15006949581316 8.69430343713223 9.89850433337497 7.7191353040209 1.41447197232158 -17.3078595252066 -2.52415176722682 14.9780534936367 -7.17465510357092
11.7911429468298 -9.88449829530419 4.89097266741686 13.1395863758833 24.6892548018571 15.8805652006871 24.8993224598059 1.67791930221162 -20.6207414070249 9.1300641100193 32.0980438347069 3.10820865351532
-19.8882620959976 0.456167273111816 25.2884682665517 6.16816258796574 7.81928725806283 20.2783570525762 1.25505343491588 -6.20335548332531 -2.59020715091223 9.33926285221538 22.5251711313333 11.7209192780367
3.07844322191603 -9.12272953659791 38.7101148981657 12.6072736824376 5.30402332089137 23.2623201580084 3.05949214232702 -3.58007848749735 -5.11104816702455 24.8769140935238 4.75258440399779 4.10488521589878
-18.5410203147043 2.51583309382776 11.4448703527219 4.08176800492632 -2.64538670354052 14.1057274103519 -1.87098828661142 6.11107367572111 7.57590807326836 14.6965010801888 -6.99916715645393 -12.1084826264883
25.9276382669372 0.543707445555698 -2.14681431266612 16.15746649606 -2.1657302908794 3.07006313336909 -1.60034427982558 25.8865977700307 5.20692759057149 26.922029884223 15.2161562123818 13.9947217415752
23.2752738925265 -5.03102290087095 8.2514738567896 21.1550487332463 14.1107991159947 -5.4101454118751 -18.2032017766185 20.6353561977493 -12.2688065489503 10.0272278603446 -0.125480171303019 27.3290259581962
7.15107195981411 0.385833064474017 0.0412425035406301 10.1290048649484 5.25730188887191 -8.40230310103874 22.4970641440496 -7.41956002711453 -5.33740529790247 8.25639182925004 -2.73111268690659 16.5227388290273
22.8376235056614 0.0836503980433498 18.3161530459469 11.0985705331282 5.03937408625403 0.942705248910287 22.3130851111971 3.51632645409148 -21.3151287157732 13.4560645339855 23.8902191689967 9.43449879766754
3.02356568757453 -12.3799151391894 13.3924306235092 8.68474482987775 15.3024081616663 3.85809374246926 19.8574172641768 28.842898346199 5.84162816441843 20.3592068602314 12.2743321939936 4.34632739685169
7.16471524965655 19.4892282995146 -21.8690164933694 10.4809585665794 7.99292604095215 0.333428859217298 4.50133588066151 26.3761338285863 7.01905321466187 -2.5438756383339 -3.92455561851452 -9.86940679501725
20.8267279318294 -1.91402550597114 16.3530774957742 3.20170120727132 15.2125531154464 11.5842388329439 22.0990092761897 27.6523859084237 5.07357349503689 -11.1303206626002 4.64972522709009 16.0500964108157
-8.0243867705364 21.4926410352489 3.09128370726378 -16.8415502213959 7.11356473564261 23.3374797461507 47.1666691214159 9.46666324016676 1.5528292119591 27.4073259954745 -0.660653636474446 -9.43343693784998
0.138421597309521 25.2650406659707 -12.9090940560892 20.8159778893296 -0.827941275329332 -1.26972641070033 -16.9682584976308 10.8345652743145 -2.81049106574136 36.9412471062374 30.2854780057842 -14.1721661192817
13.1930944671782 6.98703752809886 11.5756750601622 -13.9197681983196 16.0712594337181 2.21965621455978 8.98917616605936 28.0150651761137 3.64125799416417 7.18632108536976 -18.5365974584882 10.9089308809213
-3.4381609047458 9.02338236805987 5.49659680660057 7.77953392014447 9.16942567725504 -9.2250363196923 30.637043524787 -8.59684004052611 -3.82138870572002 14.4496342360921 26.1518129590562 -10.0806214614339
12.4863292343488 34.1652156882847 8.17962213888928 3.62426016012144 18.5772958634503 12.293828573511 10.4355666423817 2.558826047866 -16.3658730205527 -0.586031530526686 -0.424241923603278 -0.785634255551644
-5.51506004425046 5.23365288857137 22.9046487090009 13.8763030187211 18.5485444610304 2.02512287996494 7.93973313146086 -10.0316587991743 -0.442276831286515 5.88987228555349 0.251813250168512 18.6974152772264
-12.2320131870513 7.2182982619134 18.7287980373202 -0.827458591773321 30.6879990704408 11.8856094047307 -14.2503197645468 -10.9357568945328 -4.39574483088816 10.3001350285336 11.60347289819 10.74091929497
9.07816729613296 -0.328296781003472 2.70230800432783 2.02675254350684 17.4898900460432 4.1291461929678 -12.3562245861413 -5.9148872332444 -5.11486938632232 11.398377876458 -0.659619141744153 11.8783047180877
3.79888137643654 5.63884839334898 13.996384015549 12.4644964472027 0.778841212498811 -2.01589215198707 1.82806789683866 2.31677731513518 -9.91937080781368 21.531494507695 8.0561264106193 6.72556604505147
17.81846778317 21.6066334519154 20.338970081204 3.29534219155874 -9.63902183364612 28.1403106991795 -6.49029901522138 7.44335331514081 -1.28448828796545 -1.46023604336277 -6.67929777338585 -0.248083069421715
11.7993514560248 -9.64299993653633 -4.91974868584498 2.97711635251674 5.14895196422852 0.286798091824419 7.15552237801901 21.9394490849737 -13.135237063475 9.17708262084976 -3.4170242662201 13.4011057184851
7.22744003810603 13.7414103461634 21.5079708419732 4.08671391426954 3.38624432187219 5.50626871900715 12.0198136999653 23.4289237412826 -14.8028185921582 11.2482559984316 15.7105130850024 -3.21186672044019
2.22948061132117 13.5038903309292 -5.21804779358127 -4.25142881638296 4.43074313402684 20.6406978911525 10.9381430405498 30.796395528845 8.3482289384492 24.3419255584162 -1.19444888104082 6.39322880312111
-3.68115586978924 16.0045125745701 21.1671467311286 -10.0259465519821 15.829880352018 5.70820509650459 18.2896188153936 21.7218709599139 -15.0090716461882 16.5216160693086 -12.1067522188435 20.1467561997995
4.30747212148001 9.08849709732291 8.26476229176937 22.7579642315524 6.23388097941745 18.8416243814498 -3.71678469364221 0.798472434554382 -15.9378467631968 16.5515654467231 24.2228773658862 18.5009773009406
-2.62141009333657 -4.64388638439566 30.5307470269307 7.06555176915733 -11.8631642142195 16.982634004064 32.982802553368 2.24379005664425 -12.5545910843056 16.6849010429982 -2.2572593615321 12.1528424602552
9.72949934585714 24.8019110523583 12.7196789312927 1.85417036496631 -13.693765696881 26.8722979483638 17.4613570238819 6.55365382250481 1.72583074463466 13.7867156156502 5.09537045728125 10.1442875220032
0.885566714873634 8.09483954894706 8.08120345290644 6.16512806232296 0.72412715158292 12.108135569306 17.8282425640316 -11.24339865136 0.505811714599307 22.2614899096445 17.7448777704658 11.8723743566008
19.7943299744542 -1.19768496359267 24.9706632850412 21.4719455320997 15.1307957061996 -16.5224804203381 3.51155639014784 29.103911256665 5.54534921155107 17.3075200077207 5.0285523734675 14.6865488168539
20.4108316621445 13.6786431507685 4.4043666581263 11.8597757669516 6.81241226983189 -3.22092103186922 10.8404123402445 18.4385026829527 -14.3540882027376 -2.05013735687638 5.30156184830545 7.71380188401023
12.3939967870208 5.68272033072248 3.89679971856102 -0.184537849656694 17.6915076473778 9.02099249050817 5.93569569936388 28.9428396618217 3.86605392679531 17.370990254386 12.0528300174618 6.88821474779157
22.6700577974198 3.19691970067786 12.1137948404868 0.412723318809864 2.90955163245704 -6.01559456993117 4.79567584788356 28.4888520941353 8.91711756144831 14.0799997070676 31.0161327284736 -5.53080546472363
6.62676178721717 5.83309158233171 8.46829882784586 1.03290088213324 11.8162803139875 14.1892101259687 12.8796986580135 4.47072171495495 -14.0011736862766 8.97505232683227 -14.3833474883884 -13.6251531889965
37.3313664814076 -5.85267138151775 -3.00469912769538 -4.18808854682475 11.3851541371226 1.37694259674518 16.8876298598507 21.9876530601803 -15.3752325187908 7.21817309244437 0.680917648506673 12.4470298213504
-3.7063769941608 12.9220263089107 3.04905887510905 -11.2910171214058 -0.721985037492823 5.25545780294886 9.25300796375569 27.3453275247375 3.32008813332939 -5.37007603357539 24.7151148571594 11.3328935977048
14.7047259169333 1.33347959989474 17.2127115337155 17.6325685633272 10.6306968150834 -12.4532943369631 13.8984744850192 -11.4052334323304 -3.02108086380379 13.423148711829 19.3636065301755 19.3283866593055
-0.310548359562283 -3.47564699923661 -0.742017522429898 13.6376429095711 -8.55452214766591 15.8564480336881 13.9718550448765 27.5709820218225 4.43037783930578 0.258641276163422 11.2493036525157 -2.84951102732414
21.0462044260798 8.37461376612489 -14.1492752927403 13.3103070580603 19.0839282769891 -9.32140636162457 12.9028447944531 9.61696145098425 1.13797198442287 1.66401317361705 5.91594745124077 23.5124844850397
12.0067095758459 -10.2433476726912 18.1587986388655 6.28437670039158 5.89435145369755 12.3659584442238 23.3826848931736 23.9922505785739 -9.54682747932338 15.5112561707699 8.6983878988569 23.9382472107153
13.9146157105385 -3.7391875834601 9.2643886524883 -7.10477912851139 3.38336672914876 -0.874990664527037 16.2042156682791 12.1505974931808 1.82831425881211 0.565790323713717 16.2183446417855 11.5176379938595
-20.7069709230007 6.62023404131095 8.57535710667415 21.5334150579656 4.97790372152258 21.968163981153 33.3448762607863 9.03195111930525 -1.69871813833131 0.803511343658979 17.2573917511718 29.8431125494073
-13.088899008329 9.17978466065785 8.65773662016698 6.60065649915152 -5.2983983978815 8.11099486442149 10.7394651494651 4.22730701923488 -17.3053592821385 13.4908432978732 3.8006877218414 9.39017031336825
2.50893741726528 18.6558529917867 -12.312760620915 6.18843065586257 -0.857532115115969 0.310161843025432 28.3212712026322 2.27870469396095 -16.3915801416491 23.4185598278752 11.1868100374053 8.91149457575633
-3.21825751614381 11.4432909250972 8.97390362528414 10.3475987171269 22.1593221139494 18.1358865023199 19.1527270843331 10.1844014118042 2.28622862752873 9.85200447091679 9.91851403057804 20.3432799442809
0.986229936768932 3.74637804923959 6.12795653463614 14.0211008107994 8.66910526101551 23.4405382227882 28.3983422860393 27.2745624193519 -10.1536764620663 11.6915784416673 -9.74566798407143 -7.96596130316574
27.0985313270141 0.249880899484627 -8.03768806311302 29.3637150261938 4.03720835199369 12.2841597585917 -0.279871715521653 22.4286171495189 -11.8288231937656 0.801925004125104 0.73394234986567 33.7839035384635
19.0313623883702 19.6700131117744 20.3540324993355 16.2043972402634 -10.1983544491002 25.8129093002587 -3.8167647397136 21.2159966512428 -18.1662135501413 19.6430090365707 -19.2131469573004 14.2851787195218
0.78676814470198 17.6423905298956 17.6384622076331 7.42394477325852 4.11820036487296 -12.9895525490831 0.478420368099441 -13.1298429765126 0.651289628480655 1.85470692740945 12.5335472843319 -2.52932028658546
16.7537884782435 0.139631627909515 17.4274050545779 4.52231138989826 25.3332380493474 1.24232871885013 17.9131038453114 24.4339918195033 -10.4821748302777 22.6841259978757 -5.99188279794465 -6.62411556926454
2.44846449052421 -10.9405180365907 29.7661275238344 10.8564052458393 17.6674657877104 -11.5163137389632 6.1092755186681 30.2551271406148 7.34787900545571 2.90649421785749 13.7627355325827 15.4997994747636
12.6326354333865 -0.522527816710876 18.8574407340773 14.9681647037122 13.6894216371937 4.91738965563792 -13.4660296473862 10.6563557619047 -0.686475502593238 0.59273613549183 18.1513298919939 23.2957522720788
14.8303590452839 11.9497483196199 -3.17707286165991 -9.49548901663709 -12.526564336718 -6.18799054711129 15.9126391293365 -12.2373365328505 -1.3292756272577 15.5753818137426 20.7872985114396 -5.10585702852581
9.96757285097275 14.3999570759208 11.8683592921145 10.0212556056269 9.093957187105 20.7324704952092 11.8665831087219 20.1423044423755 -12.5622407693561 10.5103648605029 -1.61274004748783 22.3755871140642
4.00002745003357 3.06433616110142 12.9234409307968 1.35571396762729 2.49466619755618 16.900572468835 19.6372523171755 9.97868654149783 3.5288249758036 11.6876112975698 -3.66584618156409 12.0136270590904
-10.2539762239704 16.8421811413054 11.2835754490337 1.06411485547642 16.3347023545822 13.56638015222 36.9907155259367 26.4506103635153 3.72943353873033 0.56622960136114 8.9183952238013 5.91350453754877
19.1464598797675 21.6763248130513 0.666299765636354 2.77123659864512 4.12646349795111 -14.2298340310134 24.1188891304637 29.5974748108274 6.68001771245462 20.1807137938128 16.8168271467355 18.9034177676789
4.26643928981267 13.5217719867112 13.9006132201758 15.5682312206895 8.70199994169589 21.9999612933408 26.6641854427266 -10.5334800645838 -3.33519772186506 6.19196666021011 4.21712623356145 -2.84547194379869
8.28139470930256 10.7373324645161 14.1520470908626 2.56612214399997 -8.13563039228261 8.63034904412538 1.65843763330053 11.375714035757 1.23521514757347 19.9181588867507 14.0197506892122 23.1685112978276
20.3294935942276 10.0748962168003 4.0920464457769 27.5095386282959 -6.67177593613332 2.71023381614428 21.0265648058317 3.70497042540991 -16.1715087273251 18.9494735977761 19.8911977001004 9.07530379098086
15.4139791449736 17.2422161849405 -2.02429805663988 6.39200565000319 -11.0758047929133 16.6953144377208 13.6862196809094 12.3375815096925 3.33247336695279 24.7091584856229 10.9313749560853 13.7007749992938
-6.41950368465953 5.40938758941175 6.19563361005389 23.7300205998656 11.2106439000501 5.24273621038697 -4.76770212353068 21.7943519822114 -11.7270140772144 40.7372379455996 21.6170339961412 -9.74039360373344
1.63101720913504 0.595660926646293 0.520397446950166 2.51116453236423 27.1611743966168 5.18296994219327 28.7048897965352 21.876120209841 -12.1431904906644 14.3107877725476 26.6215530875471 2.5926263222182
9.33420270778294 6.81147563178051 -1.42123637963965 -3.71812575736517 9.74237039458172 15.0023260002477 12.7093279435417 4.491722584467 -13.6774402419797 16.5343358742249 19.3803882062363 11.6230491463648
-13.7939842109785 4.62735204895296 13.7837367723975 4.91019622325268 7.59975542150441 -0.0814478901255535 1.79946688662157 -3.51664662228988 -4.92427193415827 14.3129291258066 5.0916162254396 4.15934467585249
10.5800522003229 -5.78562343781293 20.7245979485155 9.6910820429965 9.2872218670525 17.1657328619872 12.040049087044 4.64927730218325 -13.268942415221 1.21550636653937 20.8309598698003 10.485505047785
-7.20693545902382 6.5942193282698 0.174130027600831 1.40422059526233 12.1686968518818 4.60677580511737 33.4030490252112 -5.92868208486079 -2.09732966082244 11.9821077905304 4.53473379403084 13.3875447275461
27.2281338185675 -2.14638945226299 1.75094778919786 10.4116527663087 10.1631644011522 -1.00981708897913 16.1490551180799 29.3064364789657 6.71371047838307 6.53202207878248 -3.03605808677868 5.45358094402618
-5.3879079243553 6.3011521064484 5.07180590569504 5.27917284587329 4.85119887476964 7.55490099623708 14.651210124104 -14.8423358566506 -0.764411433268365 19.6368467199119 12.6096501435261 19.6590231596317
-9.20039046808794 38.6828933094488 -16.9943833404954 8.71735723604967 6.64091865781312 2.20482790511388 -6.99440327563397 26.2278268227221 -8.82725734857811 -5.01696108670785 -1.31666741635588 20.437834655617
13.1078860855631 3.34316706288756 25.9460603852377 22.7296655486033 -5.62445537832366 -5.71105260332176 4.06310184993515 2.24908817273956 -14.1131742275282 21.0927981829074 1.42095412706132 4.38899671469074
-6.02607525296092 1.67894058694732 39.6862010619432 14.3749460728679 3.93409686403685 -1.59775223573171 2.64530563169438 -5.88717515480622 -2.39432720032867 21.1507389317766 43.0093373401183 23.7307211259776
3.37155155836081 11.3381942613614 7.98893211101723 14.4750356537907 3.18429928359029 20.1209054036115 7.66205292145234 19.1766257546694 -16.5122422623508 4.28359796423322 21.3178677846764 1.73471477069818
8.10023092542454 6.84075252033798 18.0694696113601 4.37594839930693 -1.65940565679751 -7.17513709499819 8.04276880029334 27.354736626548 3.98731738637401 14.3813856253873 15.7111832453426 24.5322724911964
5.32218950972728 3.32079349271251 12.5047245786698 3.3568623686839 10.1420500671072 4.65513063570995 -9.28829208268283 19.4069268241527 -11.8093937324962 5.22574617327872 5.67325094906698 -2.18755071134466
-5.86008112834444 11.0223352589369 7.04924155499465 8.61727866806625 9.52581856404656 0.354035921315066 -1.88956132522337 2.65472119223226 -15.8467335981367 6.75704496335249 28.0346285803512 9.71036736309816
2.45764951715559 -0.461232943956012 -6.13279341298888 6.10680091688238 -6.11972211739277 8.78599933866335 21.5373164273757 29.226037921304 4.58692475670139 5.05437673464613 -0.941792281157676 5.94203437811428
6.39640037119845 -5.81371496964909 15.6253152070401 -7.79601998039655 -3.43255732237663 5.5830317523851 12.1889537072812 2.60131363364748 -18.7881012087447 13.5643130538271 5.64990923747135 8.60781587102854
6.45217431191439 -7.27372086710525 34.0804565592056 19.4759349628176 -1.26192831876521 1.02456212128834 13.678916221901 4.25053464695672 -18.094682072374 3.62354643508834 1.64244914029691 -1.10893378047241
-12.3188361005201 -0.37828296658689 37.6058541905285 12.6382780114635 17.4911144700598 13.6549108224188 10.9713080163594 12.583248325484 1.42541036512613 17.6061184543971 8.95988884196537 -0.941184599316252
-7.0277301193979 16.9403911319391 22.6112021705884 21.3023257817495 8.50355369350185 12.035196141532 2.36734274623163 26.7438878938684 3.68277943792574 3.6804386266176 17.8677280995947 3.80987364149356
12.1723099487537 11.1352652944028 5.70154922338055 2.99831392600916 -12.6243892156606 1.08197250385907 20.2776682605909 28.2591580899184 3.32998370706533 -2.38447039057154 -2.44427514856478 11.6028827629227
27.7219834392897 -0.854774018701346 -7.40492450240354 23.7414847891425 34.7397809302038 15.3275433491035 10.5748560106277 28.4321612629409 6.88274336681437 20.960143843832 2.4153604525179 2.71000802685874
-11.0377845956758 15.2955730157792 24.8934295188908 9.2877312095439 5.43170071598266 17.7367003914393 2.79882651734104 21.4557045558078 -13.8287311199733 17.5906331340417 20.673459000715 1.72359369890531
16.7932530606856 7.32009398549939 4.29291166610884 17.6840672607425 4.40665991550575 -6.65605203387313 9.57236880455505 1.03263905506563 -17.985884883761 29.019500545613 -3.15239318894921 -19.7598879305699
12.0340278984316 13.8110022866969 20.4911383813656 16.0682618129038 8.14948129152229 16.8628175302998 32.1082543721231 -5.81075808718839 -2.42894695774227 8.80670979095041 18.1346997473481 13.0598635266538
13.3730712855454 10.8760136732614 6.68298198358815 17.1399473293296 3.10628913777032 22.729476829303 10.3737365223728 28.5912149355351 6.3514388574006 16.1578652407118 -8.52418878034044 27.22975344413
-29.2604175379356 -2.39610570037866 10.9912231186347 -1.12862388419855 10.1296229601885 6.42383401507653 13.094142805426 11.237238526449 0.95174539777003 16.1508929407362 1.15823050280741 8.4165723570175
11.2255572914337 19.5290128508057 -4.39329147994281 2.9074607974245 0.660921998069371 -9.6104492698287 9.53586914231184 2.60582640373143 -18.5658922533426 -3.10718686797054 0.433448852009436 16.3737060380874
20.5511859152691 -15.4002492562666 29.6527719633753 9.38683255844815 23.545828408194 13.2956081738987 5.02605771008512 -10.6733820505981 -0.249434018476272 2.1677257119588 -16.1366517230431 21.8701188124615
6.11613015398549 -9.7818837513956 3.46375130488172 -0.782246266056632 9.47711262245033 -10.1157590539762 29.2204547537927 2.6333382659939 -18.7418166357878 4.6044119529168 1.70721094778122 -0.529197159193749
1.20158771156984 -3.43467550222501 16.3313866208938 16.7770056552891 1.39472217684018 12.7394827492037 2.36098105056869 24.2378382025377 -11.3953690417951 19.4003477926914 2.7520355359155 15.238987473687
31.21679688698 2.3466929701366 7.1001881017838 5.45262921703072 29.2413891315158 -15.5201936191639 28.6214134973335 1.48759488200488 -15.8411023707952 1.75769337698534 -4.06699670931032 6.12799948381455
4.95984997644737 23.7843714467686 10.2801380130066 7.23943585162759 14.8085721915209 6.18712692496341 -8.10113043849159 26.3586681428285 5.74384495902355 9.65561119443682 18.5233457844068 11.4151693153525
1.26370311370921 -7.90710567716307 7.97392455294804 2.30403069788883 12.102805930402 18.6744188454391 12.3937279450012 26.1049746614316 -0.42732903113081 2.81464296495809 30.6841423518376 4.39299717584132
13.3105924748499 21.6937933890067 -13.2157739250787 3.29558640406357 2.11032710092673 5.76069071467696 28.3616046739 8.73328658043226 -0.238448654150638 -10.8691942990213 2.83907503684986 -9.47145684809607
-9.82681834024269 31.1972232305216 5.69955247671573 19.141376146931 16.4102512242753 4.60842049545206 25.6185887940105 20.7520944011889 -15.9733225777749 14.9937891768221 14.1496062682334 12.2545081613245
6.88823377392033 3.75828437107808 9.10903651558344 13.9067942776178 2.25139814029907 -1.95087422956469 2.84705624617166 12.1270166413261 2.6797323908143 7.54657559820256 23.0510664484939 1.14142223595243
24.9375425867674 4.62384257430316 15.5655675946973 16.1908227815027 14.1036011970966 2.99710331716822 -3.50314175620272 29.8105467859086 6.06617165496063 5.55527042781916 5.55245663837345 17.2745024024987
-6.04875842237527 8.90313292575268 19.4917135712721 5.9036087601713 -7.46927161816316 -3.27432239074497 0.987674115186042 4.60868388450109 -15.23830338093 11.5689410864049 18.8585308388193 -4.76706628995639
2.81148112303546 17.939151113278 4.99368547707408 4.90363981633373 23.7239393880466 -10.8158276023547 18.9807127825327 -7.60721858486012 -0.25670507932911 30.9468377730852 31.7695181464207 15.1613751347753
6.12130137894408 -10.2770705946328 2.35911136845868 8.83433874319767 10.012709531447 21.2876199624579 -11.1320958309771 27.9664432486008 4.77018586066239 9.00889595951078 6.25995352261512 5.56069765129387
12.6113927848242 -11.450280783699 0.309776321560714 7.71740313219036 5.6367170893641 14.837540140982 3.53206672528419 21.6885867331654 -13.582769676243 15.0778648653733 8.5748550090279 -13.2399490711922
5.49539996508522 5.83939496271735 9.09360695163135 8.70851138618165 22.026847494039 2.13032787643245 5.17166262448269 2.82864537527081 -17.7222722010535 10.038772217281 -2.44058571520289 -6.95793957135166
14.3853603992349 10.476222482162 1.91402203031037 17.6392126434904 12.5586843193557 20.727580856186 21.3925460515728 21.7716626606703 -6.38520023097322 7.67324456910382 -13.4523561170374 -5.57051425627986
-3.62264913903576 9.43360994192482 20.6430293134095 9.69262800310833 0.532333963552794 3.17524089774273 12.7387570455148 1.80416872706298 -17.5413375145311 20.3306110182236 -2.89568051229806 6.49255460719733
-15.0441624716037 20.2133826746775 1.38594546589962 11.6873379588239 14.831182730471 22.0014015952813 -10.8454040503188 -7.6256868367399 -2.04506735843828 18.2545271961577 -9.99652447362167 -5.99854559849093
7.85786886020644 9.06591575560664 8.32024997243832 7.26180386062043 1.03346114641321 -7.45507710106207 11.7067786500182 -9.66486069170434 0.495953721254113 26.6402420753758 23.0205315829851 6.42284820191682
25.7785007971614 5.01412099091516 17.6850045401248 2.80759041611946 1.86282097146755 -24.3160276719113 7.51898917995555 3.67513602955383 -12.8293869009999 -5.66747869811449 6.85389030440652 25.6873413758514
0.308113808828721 2.34297358310671 -7.24218573963577 11.5390394477504 -2.18059302451273 -3.33084647911239 6.17331559316481 7.52959090336895 1.23118433209794 13.3340938862204 -16.1849332986268 18.7908835183736
16.2101641129367 11.0170459180872 15.4710816442159 7.4502693394167 16.0576284248585 15.7920382457704 6.41374954029979 29.5577157645245 5.01658153280015 21.5238007929453 8.03394771189797 -6.61188720543906
7.56587163638937 5.24069752217278 -11.8283286006157 -2.09058464559928 14.5115662542228 -2.35851439234098 21.8769552634836 1.66961845509627 -14.8843064182831 -13.1766204228988 7.87990522235976 5.96660506426264
-4.96789721030659 17.0859049029986 12.8913470145084 17.6632318718635 10.4348687730259 1.3214937707852 25.9847418072237 25.8807543633219 -11.5973217799457 4.64538013104599 32.2696947650948 1.47643545125995
4.11718548441047 26.4602403588163 -5.26433178224725 13.9474401741011 1.57862539111385 -10.770722594194 19.9357313749306 -6.49901865541756 -3.6255604550771 22.0399586971958 -12.0229833927119 0.826309113557268
-5.85436043261442 0.410115577321302 -4.6819311019832 7.59941305848096 23.2665648643123 -11.1403732283538 7.56795855362699 -14.3306024559586 -2.96443335436103 26.3086231006716 20.4925287990038 9.19576972800881
4.45134450574987 31.8458091915977 21.9461317733525 7.58555490882918 1.66170011735485 18.1767393761504 -1.39005916875364 -15.9091347248444 -0.839827303201607 9.47177674691611 21.6219305773333 -6.39518177016165
-1.95140558699582 3.41731303195553 1.42178587342991 8.42053984904729 18.3048592581727 -3.80969206220509 16.2538532975293 2.29708649126163 -16.3550725742458 1.6369634316922 22.6294306651029 7.6677237137914
6.65532348873369 -1.77382476728958 5.72665426897554 5.89915212658975 -3.24936350822333 -9.28033904949936 11.6631382031678 -5.32876831152499 -5.25423755638036 12.6733994014199 28.6580930636337 -14.4373123600477
-3.55747259814136 4.98489026223529 12.1295836720323 4.31762520155065 6.3750462318928 6.70841813766085 48.8585176474473 23.9300072289978 -8.73663696339198 -1.67931904077497 -0.703679662929918 -4.32152715088496
17.7040178685941 -2.61058562137691 9.91594176116231 32.7733583986051 3.99901164726195 -2.6472755270857 32.8212252941709 5.43312630228601 4.87882010816439 9.27185091223782 2.34826308266411 15.6066569485137
23.0566631658912 12.7922324324288 14.5996649190915 30.9098672325188 -5.34420531202049 -0.212034312004524 -4.12349804166477 18.8596694833505 -17.9071323303477 -0.651905903906092 13.6882088821555 -4.1827509152781
10.3225006681528 22.2741962735479 30.4767543055083 6.65423025217237 -0.76883028650394 16.4132175582358 0.740267322947719 -13.0591949207867 -0.934946489821263 3.71687646756464 17.8912476375264 -13.9634182883658
4.46557442084078 -6.54408202134849 4.66405704249009 7.33852507885977 19.3483520734856 16.4671323818124 7.93349515406729 2.36200871483842 -17.3025010282377 11.6670749937019 -5.14139281202391 -2.30803323492584
11.1345411327635 12.5561755668181 22.8951346154878 6.32130825902857 21.500493704244 -14.1108207238891 -4.53755107130302 2.34511371427934 -13.6044925651789 9.4717743304434 22.7708502624308 15.8456768505481
-15.1656483071602 29.0409767270137 10.4719383112843 20.1714737063246 7.61868541843642 5.43746947851498 7.93616963006325 24.8422610309954 -13.7062734964058 38.5636382793587 -4.87958864583651 38.8470500778076
3.5535769969221 26.526657710082 4.04003489151508 20.1529251571007 8.60128682268886 -4.27801239003047 0.073732069074163 2.2405212197219 -16.9740557134448 16.7441890884319 14.587305039555 7.93603060036555
11.7553477513477 18.9954750941935 10.3351210774248 1.61241281300892 -13.93675247667 5.77983311018541 4.42410877668689 -8.72869428365198 -1.24855458000879 14.8758623464452 31.0612560084241 8.15334063045238
0.411292712627434 -3.61049150413779 8.99891293392469 -3.86858672502958 12.0688702489232 21.646890135924 0.0114119335875387 -15.2527684372023 -3.9186697942345 13.1410216835464 15.2743710136076 11.7529164724034
-14.514908918485 1.62083906481271 11.3908028171268 0.143069112354248 29.0488712024227 11.3566056872311 2.3893590597083 9.24662763569562 4.37676219018439 4.16526940603598 29.7296684318975 24.445137316289
23.7949368979367 10.7092666893999 2.17549223596565 -4.093901730468 2.55873592681086 -6.60871215288872 28.8144925804289 3.2923077657287 -13.0848952011089 3.29391844027834 -15.5874337668297 29.7872278057847
6.71556689959963 15.567493397818 15.4264622098768 7.26777178574435 21.91712571364 -8.13427342317311 28.7378398490412 23.876748853471 -14.6005400299025 16.9057669902605 13.1122572598084 2.6392751406042
10.707272252973 4.04131176722364 -5.72090713652929 4.65492278227461 5.77498711995445 12.0958512184091 6.92292833117252 12.1383912925457 -3.1542965540828 16.0234678494364 20.5605526088289 -0.337427975964679
13.1893679838958 25.0900791386178 7.24647575379049 16.6293553962386 0.466799534623483 -3.44454461276855 17.9481029181852 -15.0491743783504 -0.514355821604568 18.2394354507803 10.1819591459545 7.09533317365596
22.6424776074842 15.9691491531579 1.59167878270864 -3.78446765176055 9.36255465405429 -1.28459643449232 9.24001725911915 8.97867688107164 -0.620360751745922 23.4566776868819 8.87431780246876 19.6245604412615
-0.46340904325957 2.01513838694537 16.0651763205286 13.0599158150069 18.6273890335384 9.28734097297372 -5.49995503890227 26.9892497431699 2.73415086677819 4.00777836447579 37.0298497753631 1.17031737695799
-6.98355424583767 17.693929019615 0.254489202459171 6.68317452325 20.6184743032856 2.09538105135529 -16.0809394789884 -13.7530432724575 -0.988776904367797 15.0964157554637 6.588155511181 11.4659557677991
32.1837351554271 -18.1295362907172 -4.95783066473581 4.2908738874276 -7.24607489859378 -1.53965505721413 8.57265668251075 18.1716501145052 -15.8569235917969 7.65004904042822 24.1422805089751 20.9926189730517
-4.44520961158862 14.6570686828349 16.9504614515408 -1.86157867093362 2.74661989950568 9.79728364411733 10.5835331117588 29.4716087509891 5.69641777787679 14.3831551990456 8.52114747652658 16.3886878281748
4.2799495124284 -7.70879486214456 12.4288562614122 4.12922297508146 3.26120755284843 34.0552757116909 10.3687307279473 2.05217073450624 -13.5572252708949 0.575615756351899 25.2802082463063 3.00558683089726
5.82301553518704 3.49199683526438 16.5844014870259 16.7922722280885 -8.14073925415845 3.37075007095552 16.9838051050294 29.7379217076699 6.51978962630269 -0.471055050474888 -1.24322126831301 24.9531926481923
16.482562586778 4.60742231912592 6.28809039553952 13.6666567751218 1.52356026038193 -16.996112421424 30.0716780560564 3.04757964166141 -15.3443090925346 -0.412657204866953 14.0085755816099 15.9666575187811
3.04715847991783 -13.6101648112712 19.542230620215 12.9931602158307 -5.50815227347513 5.40066976719707 -3.04936131860331 2.36817377211323 -17.7960226330321 12.3208657886975 0.797932380469648 5.29153291390873
10.5712276260065 7.43525460977277 17.6593896968789 -1.39055224704912 19.3398425306374 4.98872174738212 11.9870236852187 5.49611796320513 0.604101827637911 15.6405679903855 1.28805080049693 24.5658766184614
14.4064789504072 3.35717079636898 27.7191328236259 0.755453356244966 12.4522167371574 -5.32298471859735 -0.507250336641937 -8.22705995755278 -0.633028998818253 -8.93346838696285 38.4221527159018 7.25773920770945
6.06104165054186 -18.7702390130673 -6.92721229059372 3.56109077678764 -0.329209624496404 20.8127988155081 2.00106110520704 21.8273030903413 -11.8756814586157 -5.82949303290082 -13.579545699684 3.62922043441274
-8.233965618866 13.7748132813674 15.9653445248261 16.1189731198123 18.2362261204595 -9.9008536601348 10.0008289470062 2.46821103599087 -16.8474021265744 17.24002095975 25.1786032788561 -3.56619988194929
11.0719573082317 6.50810012457106 -5.15406119930549 7.44016442206409 16.5932865904418 17.5917602728878 7.30230987722764 2.46487890255351 -12.0629265987336 23.4821589416872 11.7363369246624 -3.13034582318862
17.6574812353209 17.1610504743488 5.50269144176042 15.9654785797046 7.99267779445501 0.273726356221736 -8.50279459460691 28.2693617227359 4.89781118517632 13.4081378135992 -7.20207316270141 12.9098588874874
-2.14035445835859 -3.1212631126401 32.8844012244103 20.7398480542928 -0.530390335128544 8.53687632301017 -4.93086689809103 21.0318639438296 -17.2356045860942 0.178053621775748 16.9571711731083 -7.20228955952806
2.12543861507398 10.5466446353633 9.56530938430554 19.3940548180348 14.7402976960596 2.8490848582483 0.865147484365027 2.4519610689693 -19.3223082831301 30.4663643040372 -18.0763217104299 6.85429159669366
27.57615702631 3.20167438320775 2.05706557653772 10.8790091905075 6.39596371307453 9.2918418374058 -5.44540527828085 26.6074836091251 5.76476059672176 12.3525232968664 21.5263861879428 14.3251202862165
2.12415662242452 -10.9192213535943 43.9901315562031 11.2986222102161 13.3912466679087 -0.388744210008667 7.02471322166533 22.550209452117 -8.38849715979362 -3.27258755616475 16.5119916086726 0.195951333489137
-15.9922740553422 -3.79911178841667 3.70536735784509 21.1184818118286 14.0895001002681 -7.53151159893782 16.4635178684478 9.58554239383667 1.07898960356742 4.14698828140635 19.555200564522 20.0261109185291
15.8989836881427 -8.74239130774833 17.0536573047456 15.24195009553 16.1117490873769 9.09608985824084 32.9789394560827 21.503803309421 -14.2419963037716 4.46083332879792 1.46240741768109 -6.35772933618266
-8.14255691560898 7.48602372319538 12.7220138944566 2.49883538095543 5.62875695604301 10.1320154612328 5.66044548637866 9.2040046213906 -0.527378583228996 13.9985338781272 16.2769605661508 18.4501907083568
11.3482461340714 8.53199675092098 -7.19574006638006 17.4306929821757 20.244101919898 15.1109683559992 18.8681902219208 -15.7897119667274 -0.734264629962323 4.40564174982578 -9.47402394779213 -0.758264271589669
1.99910161073094 22.3561840443393 -23.7052144060942 -3.78254709785258 11.976581843724 12.9618810122377 23.857938229294 28.6939800938347 4.36557196547821 13.1501924185802 -0.769967206540183 -17.337708245009
8.45808145412471 6.07048744633485 29.8384212449101 7.61340897515855 5.52640728512463 13.1808260066661 14.6274239929764 12.1085819956341 2.83696020653442 22.4183207037063 8.11571985544121 3.84733844686014
18.6536417683545 -3.08133003571728 -5.81061104828944 3.94851198777856 5.39460964928784 -0.289841644861169 11.1329509355061 2.12734425706662 -14.9574152395736 6.70416878684823 18.3817376250475 -3.42922975781097
5.58012691091065 34.1167169841422 11.5334095244262 7.14219172869497 16.0928941532257 32.7478752582716 -0.0520768923799206 21.329716625518 -12.0137312022121 -7.0695961755123 18.8934769123315 6.10334936139231
-4.34259368438353 20.0600282225407 5.15889542018214 6.20804545784646 -5.61740671814351 11.9299408607846 19.3114520873406 -0.120186261001131 -15.9857287810718 6.24355321927569 6.42960434143049 25.4998755395054
13.4401322174925 -26.2465797468011 -0.414020049578402 -3.06394173818941 0.915828577915006 16.911913538504 24.4054176853563 28.7968177674024 8.32724972171161 29.8193505544529 0.452912411993605 10.2863407473914
29.6107732950108 -6.14194762795963 20.2845173607797 -0.450893979706616 13.8503510320029 5.69663234265821 13.2933487884566 -6.96836215474569 -0.885295939333177 1.73576402107269 6.42488809062828 0.97842024679443
21.1803719888974 4.05309165008632 -4.21073355688221 0.170364340995087 7.95594379073804 23.3333628556066 -1.03094556079922 -11.6168876731428 0.83943816400102 8.88713092370508 20.1617913444867 4.6696436168731
12.0953432799274 13.6026906783521 15.9767473432954 -2.09878452426599 19.633111570156 6.20154953430439 -0.925727631383582 19.9590414872853 -15.0510869338045 17.6625044010725 7.2075741492116 34.927343138421
38.5528189853223 15.1886124001162 2.50730814204611 -13.2834391402633 19.387559216112 9.06646994745302 -5.25207343185479 6.43813658138225 -0.0367396788568473 10.795694935845 -4.52763150203618 21.740660692733
-19.8481373817105 12.6757178294179 1.03505073694935 16.868480138402 11.0364772354489 16.5431762135369 0.339625078727963 10.188148747971 3.72230683902766 15.8164154768084 22.3444192780996 8.7668048226217
5.48673910471117 5.48733927883647 22.5492518815162 -3.35953081096735 1.32379883554226 -1.89334277082056 14.4375625117161 18.273589508568 -16.9235772987809 6.30508504267322 12.9365034778957 13.1680822906664
-3.13730770776991 -1.69571394170425 14.3575669664669 0.609369287879459 12.0303223894654 3.37220499379741 10.117101201504 21.1693936292906 -14.0159646197386 22.4604722581288 -0.776387182913853 -0.10672964643276
24.075969795745 -7.96423764884382 12.5440438500129 7.37008292767374 2.87424046221425 -12.8776492886539 10.8849178129739 28.8093986969224 6.14463469940876 7.17234752337391 0.0608068203181027 2.31468615416935
4.78637857819552 18.6950873069331 6.5714336070081 -4.40058870514204 10.6969502536638 10.8123081402945 -7.65849721678589 6.21319213441078 3.07868366778554 24.2670122410174 3.21124208302737 -14.0126140320839
4.2277019302894 5.84964969549888 11.6529893890102 8.56130067727019 2.89483880819479 18.4561273257801 -16.0962269085019 -7.7859042787618 -2.11329532591187 -7.96359260879146 15.6271271074727 28.3736873728006
-5.66438650865223 9.72410367174406 0.918972723710194 4.78755228103067 16.7522533980214 16.3472475208278 17.483208884466 24.5671395307078 -5.84013112637578 9.8297309641339 16.1048284643714 -4.07874793907686
-4.09958832153369 -2.25880241376987 22.2098654116999 -9.58084921700704 3.36932040750929 8.43337642763531 10.0215005948749 10.7227537669981 0.399071346483038 29.8888526149526 3.33762223731053 11.8199496897636
6.86737277821909 -10.8123668860113 13.8481103492071 -3.87894462372776 13.0378718350289 -2.65939392663892 5.23879149411672 8.04544631824768 5.44411230009721 29.8290323814196 13.0669766883306 19.6397903922669
17.3154824105409 0.121368598458396 12.3620832344284 -6.16981787021406 5.92023417925965 -18.2301200076185 16.1098846802067 -11.2544833262175 -1.0997739003678 14.0928178836886 2.8769978809948 7.99880358995198
-9.62684077307336 10.639970339733 10.6796263994552 -1.79946858238079 -3.60940594346016 3.96107258740219 21.8016665467931 18.8742140279768 -16.6244780238467 19.6414820295463 9.60313589054509 2.37898311717715
12.3750781785119 2.45317392374363 -1.14653985335826 13.8935538230591 16.6974051834636 -17.5865854131072 13.362147269427 0.937243495611371 -18.5062513165857 11.1461708542505 17.5890693610043 10.6528773463336
29.2547737128142 3.10497691719165 24.418100640901 2.86649678527176 -26.1195395712195 4.48310976686663 29.8632567456057 30.6814560420875 8.01303923662189 4.61796884888975 5.62439665053849 0.148163434313207
-14.1512497777198 23.3156575070481 5.600215779258 6.79402123865512 6.43362414355735 -29.2269698378061 -5.87906797667279 28.8151472332471 4.36346452280523 -3.15012042092185 -1.19915168948774 28.8627431593927
23.3955291893466 14.3423111248786 19.7962169399806 9.84105100590129 1.3675531117653 11.5049653093229 7.71545715206448 8.56824835583038 -0.0663809272469342 11.2091522717969 9.11173766068008 16.5794747038529
1.82376057833072 -10.2402058787381 15.4224339888732 13.2409449130818 7.31954269715876 -7.45910326773915 10.4505563949802 8.77760607443897 4.21064290995058 10.8470007264277 31.4773942485524 -0.518767308915541
12.9914586258411 28.5787631220672 16.9360025047116 13.445836732412 9.11788242515785 3.66755321905087 30.3586868009484 10.180093875032 1.48635988079486 17.4912956460917 -11.1880383335841 1.4726236041529
8.69699793415966 -17.0405018244767 -15.563662861623 7.52791606272132 19.2646385522161 35.2412652274108 33.634142817407 -6.15330381594289 -4.42599595863401 16.5511657206062 13.6973126163949 10.0138738332394
-13.0960803252758 -5.24960857217909 -5.68077718481191 -0.330847763696893 3.0935385832159 7.74180780257833 -5.26230309272988 26.5802586197231 2.52912746810085 18.1891788034183 -1.124958566268 13.3643359947001
-15.2832331480283 22.7812039003338 -4.30084786108694 2.88544035021726 -5.19849884355492 3.89101712608046 -6.04245117697589 3.81779780399189 -16.0140018369578 3.69311525140523 -10.0211694754175 2.79585309646093
2.40464592226734 6.58269481739576 -1.27565082749216 10.9761313495849 -1.05112713354879 28.7273228251128 3.11176355686402 21.698242740034 -10.7230053050466 8.08819404727751 12.5985407342144 6.95318797434933
24.0229212587094 1.99948773406589 11.0923826901477 3.55114986779606 7.56945201845598 -12.4708122083329 9.13613915187185 1.16673452211291 -17.9298919192879 7.3011262964827 5.42808587140646 5.6699648020767
9.25713919905675 4.29117846357826 -0.516022170058455 -2.5866328304225 6.54781956550507 4.53943003675806 0.797618686596637 9.13678675984037 2.25215972413008 5.01926272271388 -7.34021726263881 3.37950172563398
4.90483820248527 21.0635701270055 -2.05260758694001 -1.84882403089104 13.6887067924949 4.64139979198691 30.0323348883612 29.3651282347895 7.26845836880906 17.3707498504002 32.2106149753855 19.8860722712774
11.2393423911521 10.4800526717175 5.14978187148046 15.2131112391136 11.4045300223985 -1.8449419538877 16.6523068240964 28.5958832359209 7.48633204825212 15.6951015389492 17.3144932872326 2.34069476402357
26.250874774012 0.315788827094771 -4.69773412651207 -10.0214749025657 15.6228118910039 -3.21921091577649 -1.43620796577208 27.3968425321885 2.69161101658473 1.18030408815778 8.94677970761763 22.7580851884457
10.4232607357048 -0.406077178597279 8.43961833037903 -4.54631308010222 1.31489864769473 -1.21783932406397 -3.19795948348098 1.33187657709196 -10.8873005746638 19.8360876844102 9.99504009996808 23.4737706076983
-5.21806911925175 2.30623223500184 -0.62536695819935 -11.3267595418867 6.35516672501414 12.605201902859 11.1831849395648 -15.9564212003326 0.894754006909268 -5.83187979019388 10.4110347599628 15.3009072525647
20.1075878893085 1.29720975004831 21.5420420948702 -3.50771562090126 -0.614463605356976 -0.774231291434165 6.19551744759449 3.25846554797106 -14.8877323944097 8.01274767644696 13.7325726718038 41.5494528716197
8.65724551410827 28.3236645109413 -0.000921515859962696 6.89510536458258 11.4128765011497 10.0744951538639 24.9108799494336 20.205436071694 -10.6516566941871 5.26196950028055 20.1529526237814 -17.1946846924336
0.267102062064009 -6.25187193174148 2.26941190908515 13.8456709508262 2.21301929371255 9.64853441938229 15.0001789591436 26.7115563352968 1.00763584589301 3.39007627757711 12.7995484362377 10.7530515661886
7.53940458554518 -5.98874190923192 14.5566586072321 -5.23340032640778 0.483290438508808 7.56180332171132 12.0017053999809 6.56200706332982 0.464430817411094 10.8015511941613 5.98052087754817 6.07214763017867
6.45702644030942 12.4898125696536 -15.2589097034447 13.5802360359689 0.282572972755666 16.8762872939004 15.709699123048 29.0964691579787 5.18877444932191 16.6511322532183 -3.58824555118372 6.4893611228092
0.53195408184609 4.37603458949455 -9.20917659250082 7.06725696370348 19.4268102678636 20.7816704802595 0.47432790881019 7.79101892490667 -7.11658441005698 13.3218508787631 6.83172600310878 20.1815636337957
12.9888693631631 16.3191494857364 25.3566584479577 7.55011570865484 -9.37815149117732 7.40472326529912 7.47150238255453 -7.47707186127705 -4.63896366981797 18.4811886551551 12.1242039256798 -7.99199902964308
15.2857218979938 -8.68665878428981 8.02475757543587 2.41846105205772 6.31300022851014 18.7756120613072 -5.72660565217756 -8.7538262801631 -2.46619532139268 11.1721320306737 14.0837028208205 6.22735919309549
-0.710218747938088 4.91547085507581 10.813140868542 13.3516451455814 7.27450975711716 19.5222408406839 1.82266738196838 22.7754476144526 -11.3208271385708 18.008169772622 5.45514769394886 20.9084950568322
15.9463550517235 23.6335368747843 15.9407916172756 16.7235016590033 4.95068238330066 32.093487469436 4.45393505896531 9.23016008629149 -1.17008847002502 23.0677275205221 19.5170875657359 20.3576410365781
13.7379839491135 -0.943419646984995 7.98871084353585 10.7115497813648 6.42775538345404 16.6296389826755 10.4169517526802 2.6056828025023 -17.3242750276254 19.8271302112569 2.61279024846253 35.534020639361
7.75565221008072 -2.9000902722004 0.774345872950847 -3.77669158262216 0.246589153761947 26.4639437656495 -0.36651400048954 -9.3993920180957 -2.56816881440057 5.29267608360253 2.10131228598255 16.6842336162455
13.0662538923182 -7.06728654058401 27.5579888433887 16.8049448125271 3.21100296812173 14.0337349099484 33.0415491612578 -12.3341280090787 -0.730274197977188 -2.12517603740841 -2.82842423404698 29.0367307953697
5.95800628713834 -0.641247405600548 -4.00253522027926 2.14252650773784 -14.7201620927116 9.17256975839866 15.7407515435276 26.6378705561321 4.01273452986892 7.99110153134271 7.93720393342076 5.33902299398488
15.7622291062492 16.3786625881517 20.8178710757357 0.637120416063559 17.413156359686 -9.1302457780894 6.00006528742924 8.84002256531776 3.14880395209152 3.03625266971557 -17.3346875482681 12.7833791801236
19.9476900148942 -15.2479552375054 24.4618300424573 22.2065412368555 -1.9096138592098 8.47859928074378 -2.31774330020861 -12.1247834034566 1.49914734572098 -2.67601084141052 19.9002699691437 4.95350826220831
7.33087647516204 -1.36854594759395 -1.47065519834567 11.3293032626902 16.9311846473529 17.7135404783019 1.97273643047649 -11.4609910515961 -1.67959018729596 25.4751075280126 10.3491795073969 13.2623972280628
0.41388466494571 25.1324269570705 22.6052296641806 13.5486615872208 13.2449181332544 17.9245870117995 24.1413408192618 9.11981665938186 -4.05108968235968 -1.94860452609973 6.43571375682717 -4.88375790455888
3.63933817019136 -3.58131215728551 11.2641526706522 -6.05950337246461 14.6278579603392 19.7290996367909 -7.43154389648612 27.8119880465857 5.07402617044848 7.45955315056889 7.82271071592084 11.2811553297575
-7.47941818971772 8.07210973936056 11.6543999328189 14.6344601592146 10.8059853268183 3.76626875686799 17.8220215977691 6.74982380598464 4.09919382568886 7.69849039777563 21.7401990859813 6.72446891578795
