x1 x2 x3 x4 x5 x6 x7 x8 x9 x10 x11 x12 x13 x14 x15 x16 x17 x18 x19 x20
0.297057605410606 -1.54048257828308 2.33158923779409 1.28929781009365 -7.73340209223611 -4.99792697020643 4.92173979023216 5.39256287254197 1.08516531020164 -0.335727267679028 7.91471416482498 -0.995033608277471 1.47072611498236 -3.04521848976842 -1.40690852285165 1.37776203859826 6.2621217828237 7.98410791232817 -0.968938416349165 5.05760184754304
5.41985133319879 -5.27075286426185 -2.23130621057037 4.68742188028565 3.13288962998593 0.611620101156799 2.16701464424219 3.57708925590823 -1.54155654298713 0.979974919320165 10.5871971354244 2.10096561396584 -5.38518815610679 1.48566499772737 -1.37708822245201 1.84865094398183 1.16475461806622 10.2227619442936 7.45674788901954 -2.75716438597549
1.82659250077737 -4.40886777237029 1.66334574545464 -6.89083151013027 -4.10116629313828 1.38369173954259 2.87743706042248 2.23834435428671 0.158430413313081 0.490400539527312 0.569990811316923 -5.66649413071168 -0.958398803421463 1.72728830808527 -3.57426082353342 -5.74969833448289 4.04026653264839 -3.51338401988077 -2.7844154609159 0.393732694016508
0.997710032294477 -0.157533521703481 1.73150741245843 -0.616290833687058 -0.486861530869338 4.65233152675986 -8.34419460460851 -4.7522867498456 -2.06650888467111 2.21297701564085 7.89592201808707 3.87901086229996 2.58948942383245 -6.10006511686681 6.15593793235859 3.01795878898352 1.7616836016983 -4.15376484728648 0.547002680160912 0.933902041505214
-7.81667715573967 -0.389375859205259 -10.8590597250569 -3.95246998700875 -1.96476466627362 1.9330692650837 6.36300589227615 3.79161150342297 -5.79264352541411 -4.92804312908109 1.19560271349303 0.703242672809109 6.36291761846225 -2.74682554013634 -4.87177630055927 2.34785394921588 -0.249888951056314 2.1780751115823 10.2790084690341 0.721868408956258
-4.44279725883252 -4.81100660949082 -3.04915600217944 -1.63611048225046 -3.94421900268361 -0.573550485701648 1.82795159496455 5.82036920633769 -5.743852255277 5.43129331208926 11.4584834739225 -2.21270881881977 -0.84532529244451 2.30626148567197 -5.45587407290723 -0.643159613315696 3.85344877599206 -3.31395783640371 5.04522964948239 0.578614959597661
4.18555868256075 3.28608813252016 -2.2189824843508 5.23384440515425 -5.54263688753389 3.5077075977727 8.23006779112681 0.867101906365946 -2.97971883286661 3.14381820885608 -1.68033032544145 -0.944018282508511 9.78829930796776 6.76732370005346 -1.19822625345927 -2.40367532254223 -1.25506037683551 -0.455021093141007 9.38500672919797 -0.882777288805386
0.76484003463722 3.25027891628671 -1.9079378735931 3.37409045213511 -6.90368871054279 4.6974692894246 -4.23129021413928 0.923192869939403 -0.446465396763174 0.210972682143955 8.88303346168842 0.902013110172228 -4.92800617887123 0.483434834345781 -4.30278069301553 1.67206341832415 5.34059660465563 -2.86271853832433 6.37029191653065 3.21152350661665
2.14119067423775 0.563862890436286 1.98903421046999 2.78675129647524 -0.489129176214081 1.36193042753554 5.98344319899154 -5.36528310212036 3.24952630884564 -1.39162082569521 6.01087344375259 1.36115669739073 -1.94809669838099 10.742550172942 -0.737055991180743 6.06274266990344 8.40759834793704 9.58334492938516 6.66875402708462 0.912014146881446
-0.899865010068553 -4.05022837080319 -2.53704088304111 2.80471382828761 -11.320942964022 -0.980407369287064 -0.743873421551301 -3.75166065060119 1.11328230705932 -0.975148149290401 4.88423250796489 1.34369410982954 -0.638233436472873 -0.490477069248693 0.822299156000454 2.84282642148949 -5.96850952600968 2.63693573889258 -1.65019384295359 1.36127202521755
2.72555461920706 2.88586248243432 -0.196162006358777 -0.819188203222579 -1.8070707935019 -0.201865437548679 -1.34137515317187 -3.63376010877886 1.56540486698066 0.873210257572804 6.37335904374789 3.14463604031564 -8.07962127064474 8.16355955221702 -0.544194162725899 4.40655146389325 1.55179133084339 5.36026695863602 7.58967315199663 -1.17598532851445
1.11841400912192 -0.441075436598267 0.743468363479557 4.35035122562589 -8.65413519093228 1.70952820348128 2.10606835929402 -1.12258898866872 3.90232732525722 1.00613326740828 6.04004725371384 -0.217871180744543 3.94659328233636 0.295514957474763 3.95422422386209 -2.64538004008275 5.1127209354382 -1.9928320797658 4.27267110356041 5.09387858954331
0.840162119353377 0.12548753131226 0.946265994223116 -1.43802328008372 2.77539645789696 7.75667418460408 2.68663865723653 -4.70341106597458 2.7938712092188 -2.94400277949842 -2.01921698384437 4.38313155032189 5.56152069649864 3.92743842836335 2.00361180354375 -0.811073545021993 0.356362643989593 10.9489823201341 3.17195261474047 2.46654960475837
-2.24675401347519 -2.10661772247309 3.12967076553165 5.74269599464284 -2.39579890558378 2.12497405894215 -1.28785617139748 1.58683744018626 -0.95182971615021 2.49612529133907 2.91723126097695 7.02252975703002 -2.06196249473807 9.08635329040229 4.02263438056683 4.83542465185673 4.79955767625387 -0.484558870193398 0.3103962621961 1.62334398769107
-1.49641300488572 -1.23589907463067 7.97498965913187 -1.13032586153229 -11.183037115969 -2.09694329814538 -3.51786821510977 4.06117597544171 -1.8438164104647 -4.53959695359197 -1.69251564513041 -4.21498544087871 -0.172032940019629 9.51421687860322 0.287149494961503 -0.743650647305952 4.35430401278244 0.313659930596369 1.93193846890882 -3.70557819965007
-1.5949406562 0.940522181953211 0.713932508345603 5.89283188460644 -10.1889116606803 -0.351098248143517 -3.41993044962818 -8.45208469229599 -1.61732176407006 -0.583704605852535 4.41225659932085 3.58375586095068 7.12646202800882 6.13418123763234 0.909977573108845 2.23408395352619 -1.04340578434277 -6.83732657059264 4.66547431660439 1.55809027100236
1.58934942829324 -8.14010637211775 -1.03454673443486 0.615452155329083 -3.56329685415198 3.62826831489862 2.92012922698335 4.15274399453381 2.39568839060029 4.05945778058611 13.9977010818524 0.353036017887028 3.07414943939928 4.74012808531207 -3.60439945289711 -4.93964779332943 2.96290578447897 -9.78166556784847 4.62678470773786 0.551498428698383
1.39043286388144 3.86729845868628 -0.00405568291696234 4.93954261815784 -6.84268224971943 3.27869915920177 0.104925499008231 2.21174132337759 0.459165930063672 1.54421565700664 3.64573210157906 1.53894909645298 -2.38693908898092 -2.25129775163275 2.34317747346904 -3.78668219588728 0.439440447951786 3.28041902231871 6.74455790362122 0.855673584139651
1.78677279004686 0.293961410257083 2.59312683730624 0.341095108896549 4.53067538953145 6.03944665906212 1.81164747838285 -0.598965901704074 6.95870879832017 -2.28838574632678 -3.79181514249688 2.92335408209279 8.57906827481236 4.60715023996182 2.10933178657352 2.80951784704067 -1.63272374309655 -1.13812760794198 5.58562106693948 0.242420746633706
1.67046456088287 -0.424667247565772 4.04227059937483 3.19641516147136 -3.18171307520025 4.04864653676412 2.58533489717857 -0.220471460379079 -4.06579663561682 9.47951835325703 5.68582049302831 2.59916281145097 9.25596566648935 5.30745358490982 -2.69498738191713 -2.20101445995824 2.0651900416013 10.0898198739158 5.50983183479472 -3.62621077102962
2.83132612868619 -4.64504077416777 -0.0783459121757353 1.06618706690413 1.70868210576457 7.15765549921465 5.22179018644159 -5.25718508535772 -4.65343835253745 -2.63829821540502 4.0579253553022 -0.233677551768711 -2.5248563604019 -10.363585390898 3.33313908640676 4.49542191911176 -1.95632735501276 5.89903289280265 2.44173202896458 -0.690209081700454
1.99910105295742 -3.54750609204136 -1.72270378874542 8.05260121007834 -12.0822374917648 3.17925338701293 9.70633240375676 5.01814721269251 0.751612883058122 -0.235776515256529 -2.93402803909303 3.0418014078821 4.91780071254254 1.91813722765814 1.34803361645573 1.68961169603158 6.06897679015856 -0.80003985111074 5.28070727612015 -0.385857435668808
1.30005298108966 -2.27706889349044 3.16288769719305 -0.151915825148309 0.194891563249837 0.280511226351231 6.30961814924182 0.57591523307555 -1.40972414856561 3.54652358236791 11.1540015322602 2.40383025870169 1.09613027373482 3.76726931526703 6.00489477129644 3.72870159100182 2.32802080219087 1.25472737058762 1.07039568510197 3.27902263423774
-5.89900036256536 1.27018196668596 -2.84939011455459 2.29133981353309 -7.95361709037279 5.04501931247285 2.37845100590639 -2.16111125078246 -0.368047217373272 0.672250932017166 1.91453125247959 -0.607568973884957 8.27230514398918 7.04054762357262 -3.28631806822173 -1.43056092274143 0.654676636782208 -0.0225877737835644 0.278586901051457 -2.31913965120331
0.385417010654985 -0.0146961858223699 -7.50450240637564 -3.53821475607136 -0.860620933625696 -4.49012536012538 -2.74422245316894 1.99303725960707 -1.84274846409645 -3.77366825294466 2.92050217294459 -5.81716285705667 2.29422935538102 -4.53473308554544 -3.18350999848744 -2.28790345963163 -0.196184013286693 1.21091349859894 3.73736419505091 -0.591037840292727
0.367319165981847 -4.38186714310689 5.27847200840951 4.44474452225833 5.59784928124324 -3.85383460381326 4.3274646661428 0.53002781166545 -1.67546488049306 0.555510940200323 -1.60531865657761 5.66831087305842 -2.93018070211781 0.182839516498335 0.172766512587887 2.18603729060266 -0.546544326373878 -1.56831718875317 7.31807780536115 2.30160180522025
1.46301744081728 -4.33898710479096 0.422291789932121 2.93728343738909 -7.6090072078887 -1.68956140694155 -2.57738371450433 3.49169102090635 -1.80213908435625 -0.761082510997985 10.9802228467557 -2.28994978682986 -2.94249344165998 1.88288936924316 -0.27352126805598 -2.19155260198412 -4.5871628650186 -4.18698893833856 -0.948712504560262 -2.95000531778881
-0.444169734150898 2.33135589863761 0.53884094836298 1.07514511617848 0.682369280520003 0.889967212237193 -3.96965717091755 -2.69226323778811 0.742194098457955 8.58387345389288 0.974914509879355 -0.108414421996735 5.95288494562207 3.42643722635169 -0.556572951754295 5.31978777927843 0.787801846450295 -5.65149835418448 -2.1428052188908 -2.7975705822266
-2.03875788472798 1.40473302339884 -0.56738688178136 4.91738602033348 -8.85956397263493 7.51049996347149 5.21772020383158 1.35980030304288 -1.03652839936958 4.83310844828401 11.1668594215405 0.139495476572331 -1.06791232931383 1.73163614088256 2.60948243787983 0.527759959425062 1.39652575609857 7.49839663569035 2.71802071129099 2.21861888112588
-0.0624509234320437 0.0427789055954414 -2.74529108651517 5.10976916055893 -5.38410297562839 8.66223525186848 1.81138615165648 3.50573625457808 -4.77274913039504 -1.85455069222425 -3.85489469221722 0.521453596364553 5.644062179555 3.30876872069885 1.33766092244638 0.725748679407911 5.15826768442914 -4.10689300461592 4.8488593517485 3.39336796060375
-2.12026870643104 1.05272760220624 -6.40729013996772 8.02011544764184 -2.88976210144124 1.6646708708317 -5.08461841275574 0.98010461191679 0.143703098294715 3.36310150046163 6.37804024443286 -5.75867238710757 -5.38186171246303 3.38522711316144 1.62030413612919 1.07365026813452 6.88798606970907 1.97402877820409 -2.17910030161568 1.13431860068232
0.967159494321986 4.36998462807271 0.684723321768503 3.66112218079003 0.908802981297782 4.21196950403124 1.25296021214631 -1.88747557400644 -4.35973152813597 3.30170179800679 2.46972022288268 4.77521459569792 2.17794116239861 8.6250346861277 0.516927534269387 3.28798767276704 1.52032465216341 2.22552950171358 5.7982096067687 0.0815992378414129
-3.6887950851892 1.46287881155661 3.71849856808964 6.47802553659213 0.83228730167208 2.84933530134468 0.293215266563303 4.43679853734287 -5.29894487092019 -5.93215603980217 5.88151175997971 -3.74688425204629 -4.51557691490706 -0.317500238917295 -8.02441176862734 -8.15751351672103 -4.46342604698991 1.33608501324809 -7.38008340974104 -4.87354364448049
3.59155885234753 4.88892287153289 5.09763974859037 3.76628499668452 0.156432411189526 0.72731718615341 -3.88720455876074 -2.22682877581732 3.52419845530561 -0.489105987326834 1.36089175752682 1.04700932109601 -4.59041302181338 -3.26042609911901 5.72259127720707 2.2769662669438 -3.22261888710277 7.22128294363469 9.6790112243517 1.12995173276604
1.28028902251638 3.97129668928023 -8.82235461080462 5.23707164963589 2.59903331331715 7.00529955858329 0.729041090274738 1.54481880946399 -10.6901312749622 5.21835823551063 13.0958936796988 -6.11922969930572 -4.38966587521732 5.64775736587456 -2.17349932852541 -9.1352452072814 -6.66454998328274 -3.49144376994973 2.99213712570511 -0.220870093382446
-5.32460174643904 -0.257968228552435 -0.798112618610912 -1.1765777622968 -1.10044005225803 1.86718036139104 -1.62418808915284 -3.17296370913323 -1.3147699221618 2.17007615406612 2.54717822567548 0.370757418832238 -2.0994989645824 0.950118207813128 -0.629152356553385 -2.06697785142356 1.35648278808985 -2.11302826476114 3.33313648997954 1.37530325618794
6.78884448349737 -0.480458609786048 -6.82389995320395 5.14386934247101 -0.217089702087018 -0.255616351877163 3.50971174251507 6.3249569546959 -3.2462384052299 -3.43991840595102 6.84570354016114 0.208929246582647 1.9434370406345 5.82023069120738 -8.75850856102456 -6.3996631411116 2.84751092537015 -3.79925484932769 0.965038511661999 -1.48101529186883
2.78656372151266 -0.0218860760541284 2.72511570992994 2.97634775118176 4.58292856454874 0.151985860647376 4.60424164210164 -0.265607227874337 3.06049471721597 -0.41829120083903 5.09111761726312 1.80302784616969 2.06553504069204 -4.87811333349016 4.07752176459212 3.55307653264163 -1.11616428674165 3.8451783083876 1.0057323346248 1.48187324063601
0.418396289276418 -1.24559878375019 4.17951056170342 6.78234062476597 1.06915380989127 -0.511381358644277 -4.33284101776414 1.35539877580217 3.69526952992575 1.82336639499771 5.37494073403764 2.78849453238211 4.64157607946667 -1.56299246067704 5.62629927924623 4.79536978652116 -0.184650851959355 3.5202135013547 6.32243622691887 2.63393518381783
-4.44129549764167 -3.83108084706962 0.0233931387705673 -3.76376253608003 -2.57471366664132 1.39978392246265 4.78293847409065 0.131502881027811 0.324952571062844 -1.51835591576317 0.336498815614031 1.17902729712773 3.94193502906407 2.21346203068215 -2.84892800993806 -1.75963045070057 -1.74467579226805 -2.09150454276514 10.7118796157919 -2.95019426936377
2.88617391823509 -9.83352208857826 -0.16275447845921 -1.61805882029831 -1.59828253368903 2.81491227398209 3.56229006844024 0.385023718781722 1.56227704816781 -9.01236183286805 -0.0380318115241205 -2.41444826205963 11.5207647956181 1.16431361090439 -3.87076433546115 -4.75051742310155 8.52478841086253 0.677357371381417 1.42137996881566 -3.56517249323051
-0.800476471645302 -2.78182656958154 -5.16314247022824 1.40299903223686 0.0717571049397899 2.62106784737273 1.08307005450156 -2.41192912502072 0.737538894484866 3.97396194973735 -1.67430989110868 1.91705548912483 5.06729243386161 -1.69986311364465 0.00128283912699745 -4.15664357986198 5.62178525589632 12.5428672571825 5.38418389586555 0.538184792547907
-0.436512294976235 -2.18410717810255 -6.39018832946753 3.0218881953624 -2.762776165583 2.37118948124319 1.17096815279634 -3.44146537167386 -2.35260667863214 -9.28673606200536 2.25400936323973 -3.95288273170466 -5.48971192598471 3.36359912923114 -4.19015750205737 -6.14284427714171 4.92111252589965 0.913487941199559 10.2186520727281 -3.09272294380661
3.97879135981438 -1.39949199287867 3.49355701663118 -0.807270756039483 -9.70799633710389 -2.71767137564247 7.30857536917252 2.84196301526923 -2.07649441700806 -0.938542337514468 11.1602250468034 5.38684962073208 3.65036881233028 3.42405361631134 1.81264296239836 1.72283291554621 2.324315876495 -0.195460275695001 5.71925882441363 -3.38536615801993
1.31160770968548 -2.47345024088257 1.36496844244554 -3.32911412810287 0.855410783993714 6.25026517494359 5.41965268049686 -0.207654516555925 5.81323058206948 0.890230842029738 -4.00508442598314 -2.17168757697836 6.93720519874214 1.81446680321018 3.32905103273581 4.4414305884213 0.45137214198402 -8.68459408907642 7.26830516683125 -0.0342148301206183
2.15381394291461 1.66131544765364 -0.759837659805844 -2.39544287507001 4.46534341825168 1.15261630057909 5.73253893903643 -0.867203994993934 -0.632022552861892 -0.0124632331393095 -2.65327709153441 -0.488926955717188 -9.03230764330749 1.86894258993684 4.78577339300269 4.92113527450436 7.82575638222881 -1.27111774035197 0.453282814857361 -0.566092681893239
-1.46112950504779 -2.68039712614559 1.53668377937039 -4.5918885576355 1.70624137113531 1.9058017755471 12.8212711572447 3.26852418219239 -14.6822558390178 -1.20050579447941 6.38937377674413 -4.23710808212853 6.78226742627619 -1.39790847742973 -6.66150399375351 -8.09646404945022 -1.86662551677788 0.553428781430882 1.42602051250483 -5.4291317271327
1.60470255779518 3.40933251931272 4.90150751685267 3.19916287629328 -3.0602063804649 1.61543457492431 -1.18768714476299 -3.20856344547992 1.267823208927 -0.719439378240235 5.7617124634863 3.9889941985354 6.82633297621062 -7.63152441689897 3.05904602845249 1.29693352063814 -1.89616409418699 1.44976207250179 1.1512417071152 0.33577815884293
0.567445086639561 0.0827427574415944 3.53845739227362 -1.1346751200443 -1.59255196767565 -3.7252870026284 -0.184245029935406 0.137362756458516 0.407594942344152 4.01516145579878 9.75474059452148 2.15034236222899 5.39689215605448 3.33616504351643 8.63452329427587 3.8530077510796 -1.71240506968122 -0.726614361641009 5.45119832212186 0.795724940016815
-0.639451735528976 -1.47459432238861 0.0670997608437013 -8.00706896521831 -8.51025779146593 0.876660206608749 -4.55186419627854 -1.7715717803485 -2.73097514462638 -0.736669868911733 -1.63695073166637 -0.975206671843023 3.68962650956217 5.7590130944296 4.84795703658602 0.097089596824107 7.71687573728452 0.994831157144637 0.57662563340327 1.58942168645153
0.032364298376946 -1.30758253528702 -1.93042389311061 0.390482582081434 -12.8972019884397 5.27102029623765 -1.09539403405048 1.90942410540923 2.13593581943604 2.27503778465624 5.92832530794186 0.601482572359463 -3.11455747969336 8.75337902230231 -0.862471127215728 -4.13838871453405 0.400381266875154 -4.11807999187749 7.09546069621374 4.48387709641097
-1.60678438221148 -3.51725215070129 -1.22782447965841 0.620982651303892 -7.05945053071709 -7.88134221728157 5.93322959494606 -1.67585478233382 3.30075947042659 -4.22349342547342 11.4857425846284 -1.14435489757721 -0.549668565873142 -3.18873744598829 -4.58676005296823 -0.47180452253473 2.01909047489713 -4.31687212422412 4.04475696257285 -3.85599976030218
1.51290922981639 -1.01008809833686 -7.40875703466495 1.59211190227351 2.015039986944 -1.38581710475714 -0.630453991293715 -1.03744067325575 -0.129017899929225 -5.08888903399593 12.4988872961062 -5.76510912605799 0.368360468930607 -3.64455534299763 -3.6595052732415 -6.26383870141296 -2.73811423835867 -5.98813783020922 -1.70491014552747 -1.65120742329609
1.75414721000492 1.10235857088729 0.934382134921158 -1.63415922335215 -7.57004175086889 -3.40871083269882 -0.112193364110459 1.09682940259101 1.39774540928991 2.17828681000057 6.42868119284424 -0.917558389211769 4.73300129271657 1.77751016029774 1.95509970574782 1.12884548322381 -1.96021075605583 2.14871753441163 0.693706570664305 1.60026765125649
0.0694969527079574 -1.15143528239488 3.85463332740332 -0.622052266901676 -9.42431591165134 1.97456473684063 5.62270699078104 0.790792780292796 -0.311508595803078 -0.673581989234516 4.27497192571933 1.57217819521614 -6.43161333210726 -5.5040417182435 -0.836859621749717 1.05671199138749 0.422068954999505 12.0940860859699 2.06753465826325 1.07752870017476
-5.08933077237193 2.79345537030377 1.54521496553961 0.131836830050073 -7.92926571808103 6.76928520509775 -2.95359809075284 2.75736958681215 0.8115224451385 -0.930344830283823 7.06215564973524 1.28803518855523 -3.06379054126905 -5.20735071114546 5.57222285535551 -5.33269678647005 2.20222030750952 -1.86771690069942 3.87821331312096 1.06502779505659
-7.45535619141349 -4.14363580575465 -3.96032355282266 6.90532829359655 0.63194544877701 5.01144223214473 5.93656617570263 1.70498700081806 -3.25468550597032 -7.77319793400876 5.82257576037175 0.135076674923278 -1.68421078854519 3.30108699831207 -3.57350184455466 -0.644511590790275 14.6199967331165 -2.02762694761898 -1.52874605075536 -3.62904752432375
0.925318663712464 3.19040683237149 2.62493774848548 0.94396703393566 -0.832262794926614 -2.39545754553656 4.11004702108491 -1.05544628964689 3.13359842711514 -0.305163242535883 9.85797840436714 1.16929909852323 -10.3559409337867 -1.44288340741803 1.12824952714232 4.3327986425812 -0.234480915929038 4.29518743081425 7.22935808213391 1.08810103496572
-2.46376403072375 2.28316020661124 -0.204254241415686 -1.69096437491168 -0.585462473881108 4.3822101938226 0.307376659997149 -7.02492321145317 -2.9016064551051 -2.18693957380308 5.79854133546516 2.54155843077315 0.606981419409994 -4.63671041408167 -2.94897991274008 -5.6043008974684 -1.96044058044614 1.86241173700931 3.76728887539731 -0.0525010239078189
5.42393235197467 -2.2842210176116 0.476381298906226 -2.08667454520557 -3.22301502474753 2.64795947201374 1.25895322030428 -2.82614057145746 2.28352112506161 -1.46152831471217 8.03299449947785 1.79153141499391 3.82967243201007 -8.95798782794456 5.76269591482885 -0.986008321401873 3.61013621342137 -3.81451329748578 -0.11448842220227 1.13698715567761
-4.15273684300021 -2.22653029981904 4.86263096307203 6.52638281814192 -11.0715346397242 -1.95266801630089 -4.12768746369308 -0.240553613651909 0.523676752347855 4.33898137967326 4.91166091407659 -0.407288737876872 2.86261618163837 -2.85798169152207 2.39899631956986 -1.02301116836261 3.70627782571488 3.00114951711125 -0.103747365335704 3.2589149358985
1.17111383166926 -1.05894676697875 2.89284487736606 -0.913228144314632 -0.960748189059387 5.61084093975638 -6.92546381023028 0.938876288842748 1.65105784556412 3.36714207668586 11.4520801097463 1.0442010714923 3.61545984222147 7.48963835158392 5.25060622064264 7.23567601239894 0.323539256112611 -1.67979017277154 2.30447105127091 -0.0682658255931271
3.11939443201808 -5.12787477859986 1.6342620075197 -6.77855058471873 0.511713986941432 -6.35890322813201 -1.79262002355823 -1.89592373706735 -5.29000487810087 -2.50560645963656 -4.10170271015436 0.135509815778739 0.449613041197769 -0.980651350699149 -3.30229167264384 -4.90314079914902 1.74374247234667 -3.69183928028425 -5.20471661789943 -5.13360419625259
-1.68288244681941 -6.31591073809663 -0.267684554401617 0.0285605208613854 -12.3165864835603 3.40990451206115 6.63316115947266 -7.57742942500777 -1.64617864024456 1.97173965071264 7.21803150030235 0.276949114132753 -0.300820971982994 6.20693975815736 -0.31141876701636 0.811152633346291 4.59907219488984 2.83235641410175 8.32709015764594 2.09253657350125
-0.72608675761291 0.857235400917776 0.532892114611933 -3.64577533088349 -9.91370649028128 3.79921146645731 0.687304176729451 -0.0369459254290381 -2.93375913107493 -3.81527805462995 -6.93603790932858 -0.213639808333572 -7.97057907360048 -1.61474235305125 -1.90205406354156 3.3829636680145 3.38939597449735 7.03807790787477 0.408986324772417 -2.85468516146314
-1.19646069302874 -4.99654507201195 -2.59645825237761 -0.953730133899401 -15.8247519245061 5.35493841844959 5.70522836164416 1.00566957482239 7.85125089958352 -2.84974608329055 6.71621307823293 1.77023857946639 5.52906793203744 -6.77315860442334 1.07190350426272 4.31957968266273 -0.502128603002274 -0.661654714606216 -4.83342205698443 1.20123151728603
4.50887576178547 0.57328880229788 8.449129026171 -5.48832420761846 -10.5139610811103 0.036138589356403 11.6319740801493 1.44790373724124 6.26492217261335 -2.54301470834424 10.1389167602011 4.66795900979627 1.80682750260296 4.6731492475629 -0.753759680242727 -7.67365593911725 -0.84302576865402 -6.68862595031621 3.24194492609026 -5.50048274190562
1.71414882029783 2.1500240041669 -4.60616794534585 -6.61821335962964 1.37251664403913 3.09043167720524 0.766434573397762 -5.03637784477772 -4.08211412223558 0.071074812293086 1.5697969483229 2.61325969656682 10.0777544636587 4.35944530371506 6.28424090973456 3.79675908949397 1.33668014437303 -0.617636917131209 6.99246024231608 -0.861828175417439
0.967551913447861 3.62247586935482 5.66426585095699 3.8465550164752 -0.623704566041404 1.43152491100692 -2.23134550026418 -3.26574268502725 -1.16697538870871 1.31873325267584 4.93175086831326 -2.94160467318636 -2.24333309951418 0.757322736802932 1.9902159165744 3.34571226795459 8.12261809690208 5.5941438347702 0.901296274353864 1.52367802013075
-0.628868163458995 2.17905244967098 6.44334831194885 3.16594700559804 -8.78756267988876 2.18528295965817 4.67926978037362 6.2363841466906 3.88748896415509 -0.679313899328386 1.0583436521501 3.12413270812759 3.35032568900896 -1.21083196807537 -0.292971413337939 -0.808261719886684 2.92276032903518 -1.57406088850961 5.10285207132753 -4.25254635569631
-5.90214252692794 -2.33779875935625 -4.03303017399899 -4.57972125826146 -0.741740377421574 4.89350204269069 2.17770736812968 -0.233616507577332 -0.0402734861829961 5.94992781093746 9.11017261648726 3.96591331543026 -6.17014596846137 2.93284703482273 -0.808488914392 -2.25454567556703 1.93724078310838 1.67219553310535 2.43698896617145 0.0570122451231524
0.201470365139115 -1.16348215068564 7.02992374307474 3.13900892513746 -0.742234100265541 0.325554268333591 -2.52158586881927 -1.79871478910643 -3.20233177978162 0.15974962163346 9.22236091236497 2.38257996564789 -3.98814165449027 6.2997379389104 -5.4988200378249 -5.99692184758552 2.11034441359695 -4.65604498347364 9.62629043792128 -3.6334732567883
-2.30736769310399 0.488946856573253 -2.25030976953493 -1.71513730942382 -0.926838357403161 0.223207132886055 -2.77977384128275 2.35887474471831 10.113791917015 -1.36405468258325 -14.6610809644692 3.77116766689175 0.474981143143071 1.329754671938 0.795999121220519 0.355780617677007 9.29817624141211 7.15086500837977 1.78569030696663 -0.972022559674841
-2.16602582830115 5.23103914864563 -1.79776841351444 1.76144088645781 -4.79521260969137 5.33654074775421 11.8926113060045 -1.88267517921491 6.16664629075081 -3.61930013171431 3.25893344206668 -1.41021064828775 -5.0130002154255 -2.51061336928149 0.714198648318235 5.77205475729972 -2.11846305958029 -2.93060057111861 7.96976392267461 4.64838379997773
-3.25610601792305 0.699415907876786 -2.22624264093074 -4.09367042679945 -0.38338341246446 -5.28081629787637 -0.914799178728108 -1.03398335394418 -3.97540413102249 1.78357709106668 4.02542172623975 -3.54141298921154 0.190672187318365 7.34854497104149 -3.68072005682198 1.23526503390166 0.53307535472449 -2.20277600744039 5.57873480588101 -2.70117955360741
1.56608763601965 -3.2750749921159 3.38241967998843 3.44917830653034 0.489747307484435 -4.14902938701364 5.38185831120428 -4.70526890559252 0.28705558499254 1.42018148278016 4.89044736845153 1.44996544714832 -3.40661990962577 -6.84937786271672 -1.76146008434215 4.62541903418915 0.451962770362135 8.68725009064779 -5.27501482838319 0.657429613863648
1.02301180347247 2.47464929720413 3.53223983201097 -4.04777488385514 -4.0590355574343 5.5024893001979 1.00698938332663 1.01090635822007 1.75114827528451 0.860848943700206 0.361671106492396 3.15696423373382 3.50967767641171 7.45655196714371 5.42533789043513 3.11454454990414 4.29908398513905 2.15304622119731 8.24592942385417 0.926495375015667
-0.669411111142503 1.95807542997585 0.0437259045547465 2.44804115735468 1.01515019594986 2.03850389807531 -2.73508016303677 4.4084392800103 5.00470087590291 0.697552640969024 5.10462496156379 4.35665906406637 3.49789139768001 6.04925946929914 6.95810098754121 3.48447118573351 0.368855464820818 -7.22830798007558 -2.16538162854509 3.20017522254044
-1.02295733930769 -1.72746538915922 1.15820314320055 -0.0867666103349075 -4.08961954477416 3.49016635405844 -7.55994397102717 4.94248312938144 -3.523335827648 -2.63615425651386 4.17719055371 -3.2966509428548 3.68281580797618 2.77678135691324 -4.83668944616185 -1.205663726526 -4.35376021988516 2.33181363124649 3.47888187475918 -3.976964267229
6.3442120916534 -3.44549849080244 -2.97413375801006 1.07177620863544 0.631642479392877 4.93816912170065 -1.56715601362081 -6.31909640338821 -0.676660528073736 0.131687535135906 3.88327147727194 0.333005227437963 -0.459897931188369 3.77036940958948 1.76920222845373 -5.88993103901817 -2.0252601926461 -4.5040059270334 3.41361672476605 1.17989275004729
0.0695416671530968 -0.253439949251564 -3.05411459090915 -4.88203739132455 0.550151944446181 3.07712539067678 0.0319413856293966 2.31613732978346 1.59096538722549 5.83732695882633 4.40684321463817 3.01389850330318 9.71027284613835 -3.30608607512422 2.37625112801568 2.00012988371472 3.01785137362979 -6.53964097691399 7.48911379784403 2.4980473415653
-0.515867285713513 6.78329053763854 1.7134251451331 5.63045950485187 -10.8114666267373 3.95967468979331 1.07635416850649 -0.300272509385161 -3.25801182409767 -1.33654630484887 7.76028810810771 2.55597971775583 10.7165912909533 5.99972321468018 2.40201786434452 9.31290303312424 3.43576397168777 1.63976979330265 2.53853744527755 0.666345905390262
-8.2260252838536 -2.26986539059815 1.69421939986672 -1.67318103922472 -4.36572041926087 -2.37251940483154 11.2244896365908 -0.936451264719877 -3.24601257899778 7.1983722032604 2.53468940852055 -3.74738547741454 2.93656701125291 -2.03418413307855 0.653215730625511 -7.54070330297294 0.584940041966144 1.06985217222112 0.990403674927289 0.755639879731435
-0.0968881269881738 -0.944827818227347 2.85059712719302 -0.968737394715969 1.75396309651634 0.711827654097248 4.22525329572203 3.39516317447806 3.03831707184374 6.3809611182594 -1.59838212625407 3.7372996984281 7.22042817312939 -0.264002665377887 7.62669316534779 9.02948930842545 0.649077533021223 -2.77676332127004 6.97848021385911 0.385844338601051
1.09014930629138 0.194836836234173 -0.642499025532028 -4.32793645114528 1.78500211118559 3.06003859946624 -4.52555153326278 -2.0665877949462 -3.80428357823811 1.35734345845879 6.79929489527741 0.754612503362117 -0.650247271346538 -0.668463761185492 1.50392871460564 0.423718216067588 -1.59709551511472 8.24545843090939 2.90398154796428 -0.558862830147974
1.13731991114562 3.00171606766437 4.00508199455869 -5.74566139884301 2.84565367191828 -4.13517709339683 -5.53736845246805 -2.19510615268886 -2.68620680255577 -2.1249294518553 -1.31280981403655 5.40831632363082 4.48409352230631 -6.86784487566551 -0.155661322441522 3.51406285720666 3.63954357962838 -2.50770995058676 5.68655547040648 0.985920459031532
3.47399769949502 -3.10301076534457 2.28006472727292 3.01344208281227 -7.31384463768005 -0.55052652817308 3.07483210714011 -0.252242669100703 -5.58052648785489 -4.7337504192136 1.59925400351474 2.65663469741342 2.38967403526868 -0.116287036707781 0.619223724060539 3.5731294696563 5.52656802221809 1.76231012433189 4.42058895865309 2.82716351097369
-2.01950844229093 -4.07124230007005 0.848401563712561 1.74192762699375 -0.337663943999412 -1.10979134887859 -5.21153474988939 9.12454329423262 -2.52330247644388 0.691072567371661 9.35943225849029 -4.55356958098321 1.39953948354372 2.1350820786013 -2.4072302357982 -4.53193129912942 -2.39387612955245 -1.51409940179425 11.8838900797598 -4.70012859795013
1.35374031723049 -1.22274326701487 -9.47549628553463 -6.11191931951843 3.64361858054502 -1.29988211753068 -5.9089751308308 5.12070269981798 0.0468718548157196 -1.45780351117201 5.92664771751306 5.17231591993812 8.70483098795703 -1.53780193289203 -3.15798156845435 -3.88319628398822 -0.55292828646257 -1.15827806309295 4.40706515729827 1.04098349095731
4.51410809223565 0.861475219474764 -3.79846966099476 -1.04418456089453 0.170734573660958 4.23096497129225 5.18714179413628 0.56887897502706 -1.21091645240494 -3.73896968197152 -2.04921306423174 -5.00420325237048 -0.664620100492531 0.852127228884907 -4.59223601043729 -1.95503795882853 -1.09322615942249 -2.39960762378853 6.09040900941541 -1.78007468719257
5.36007558562127 2.50046517094147 6.77517590555141 2.70525689894825 -4.98323231745272 -0.927386620520916 0.731647286147672 3.95459705798232 -0.910910280970715 2.3815418524685 -0.653836991070634 2.60388326763226 3.88660828653716 -2.43364897766262 -1.3618974142419 -1.72540313037616 4.5667762845196 3.31624060467577 1.64797425831523 2.13333658247922
1.55893737550577 -0.891337542732715 -1.06912393564157 4.15907834544195 -1.81715338960918 3.443523038435 -3.14161133640717 -7.28668236576969 -5.92745652322286 -0.828076199249415 7.7873387030496 1.20045152948934 8.10570114506572 4.24238381353178 5.55505018982624 4.18724987410778 0.944002703263513 2.12016796212783 2.8835211221329 1.44131453686721
-0.941254366908846 -0.561132091755079 1.63667713295993 -1.04104557455524 1.36886279481594 1.34074017068644 -1.2756398057 0.638015042090941 0.872003244545483 1.15999988509855 -1.13626883023089 3.35403592469804 -3.2689907431491 3.2433230528649 6.87216761642543 2.06274428674887 7.79786797353304 -1.84674323634582 4.0769100321916 0.622616342177155
2.41501785896977 -1.46598643335921 -6.65509065969756 -2.28218167789759 -8.52882529637933 1.32116114647229 -5.09429306843764 -1.48494736533322 -0.388080899904352 2.30306552459237 7.95715987970259 2.87890921761313 8.36750923440462 2.48713969456664 1.15424427873402 -0.672326431189036 -6.97058095315988 -5.29843864722642 2.07711469385127 -0.914520114197522
-2.48818653670499 -0.425718051476432 -2.68957980724936 -1.62932372062542 -3.92983969601425 2.95072955941307 12.7643778784313 0.270220471789788 1.60212991301218 -0.708240165467418 -4.04707553998759 3.19312848825719 -5.32661770378067 0.635880815734118 -5.06000812957051 -6.03434260626593 6.07604767931374 2.76099714452375 -1.28895408884405 -6.05941684165106
-3.92486275818811 -3.01139866740818 -0.732347152463032 1.21915911678449 -7.00577736825051 6.63516409259047 -0.226332262624553 -2.54056987833555 0.847996799277213 2.24837721849746 3.85083504463905 -3.40864560349579 -8.13569959405207 1.30484625499868 -2.78168107633734 -3.2460962520366 6.7694526862582 5.65092045378006 4.21820966355904 -4.52890008176272
7.84621018098361 -5.40191659326798 3.0035612087012 7.80967305100106 2.04242331304646 1.90243668740618 9.02840378124634 -1.69848257869561 2.8333074475401 4.42202220462556 10.8698023340374 0.424280539158741 -1.26907922733614 -4.22291582000967 -4.78926242791335 -5.79940870567965 7.04181677560814 -2.78464671420535 1.79472724177537 0.668451612254095
2.78106461479015 -3.08009447613236 3.93323483826039 2.15823975412847 -9.9046426933936 1.73381250033981 0.802554528826978 -3.93910761132636 -2.50074041520573 3.40582571246992 8.03627844909632 -1.41746452799906 -2.73282577464036 -2.1966755724714 -0.523076277108474 3.1694661989634 -0.999727479646234 0.0774906080946001 7.07645306818019 -2.26420535089839
3.18553315709876 -0.441622585041477 -0.379592317972707 3.06336772708772 -0.736006297238932 5.81888716114412 -0.103235840473521 -2.38713865090163 -3.27374431657949 -10.6239497012169 6.07777839775277 -0.960073166200628 1.37396501711083 0.886406821717556 -5.80887130979904 -3.77820741745533 6.07462520620445 -1.40770887118845 9.79269877061505 -7.22315353012165
3.47741890497584 -2.29099945234754 -1.22652426971159 -0.833381086200983 0.370048312954143 1.68573129795943 -1.24999347183536 2.82930215016384 -1.12869744123717 -4.61296864218695 3.77546456001485 0.744031731590996 5.85315494035589 -4.64887641455977 -7.77967032539821 -6.43526822523822 2.40889741810825 -6.84545157300461 3.8732189946261 -0.933739708103177
3.54686421664553 -0.718971203875932 7.58753050496935 0.530717499603493 -0.400736632860772 2.26494750181429 5.00380129646139 7.21762162064595 3.55332808062616 0.183787629950871 14.2994704936729 -0.700144461465735 -2.6353134721181 1.83007695160801 4.38386223887519 1.13063800877823 3.59674377959235 4.14243376421208 6.53765910102287 4.05541057499951
1.18631567920444 -0.197975718192725 -0.149716274895228 5.57787770792037 3.64780363427155 2.9222641440308 6.46221246110254 2.92093310617935 4.94969534944643 3.6792848229049 -2.22302361454314 1.59973628627502 2.76682377222101 0.326646801930284 3.23464673227485 2.83342427206204 -2.48281062994118 2.24681748368893 0.579503677301989 0.442183008658924
-1.64002671619766 8.27506261485626 -7.49938460801803 -1.58884353453793 -6.59542404360208 6.4253569266465 4.04252779037818 -1.08665933040081 -0.586110480357967 2.6630069622352 4.60956488316941 -2.12153992677633 6.45385604736545 0.180068016587637 -1.45405002343009 0.448782348008845 2.79067113330221 0.724780585148255 8.9367922365058 -3.18801873185573
2.56660029531882 0.170217552306371 3.49861958926624 0.221187680992122 -10.8941215882011 -7.43168993692245 13.3162247786267 -1.89885631038884 -4.44960009027 -6.25298676596056 -2.27364293479301 0.48626968500429 0.820868974622482 -3.38276369878797 -2.34481607447282 -1.47987894314131 4.59762592592271 -9.86372410881134 -2.9110473878849 -1.13603972700938
-0.119549073085974 -3.59907918826476 4.20449270361395 2.31026461860987 -1.82744194441688 -1.2844070944088 6.11585916262758 -5.25845210025997 -2.32610616807364 4.38328854085138 4.5115001142685 -0.860657052276036 14.3774236466121 1.6301989518996 -3.2166204149315 -6.01120629376742 -4.02210213423564 -2.1849559455764 5.20530382906131 -3.00494006016384
-2.56745119073864 3.41504828091696 -5.42640724235173 -2.0163057144833 -13.4805353826105 2.14808868901364 -6.46277534099088 0.999995421582196 2.95042138188947 -1.87833622243368 10.5849421940931 0.907901088746653 1.01810064325858 4.0109998262841 -2.54976680378478 1.47171248571629 1.091519108931 1.13729090374393 6.58398248076647 -1.47164135402261
6.8672148331645 -8.97539474773683 -4.87328603350298 -4.87170756443739 -0.117060000669544 4.38646016579863 -4.93556794532938 1.75629277198215 -0.33133865212039 3.44449104431214 -0.981809308202272 -7.62073374443375 3.94632863985569 8.48175851457177 -2.16752160072387 2.94965236739701 2.58588575035539 -1.3580472528601 1.32481988128142 1.74549913002566
3.03415779598511 -1.1823485263283 2.12408964492027 -2.76200719544313 -10.8286897765763 5.46938383670918 7.20637797615924 -0.264364711819962 4.27866330281882 -0.538197303316756 -1.68211941473637 -0.669355481951348 7.82575797571636 -4.38048372942962 -0.359743288528458 0.239372365246791 2.41341667644685 0.156668387067678 0.928129558195235 -0.262432988003327
1.79280349095868 5.03537702404621 -4.29283646067905 2.26508072270971 -11.5760043869474 0.0166128790154894 6.10692431165996 4.26453603012958 0.879222231916397 0.0352120676266074 8.61061345662909 1.7109158766162 -3.54186359475578 -2.51719042965249 2.61339280949766 1.81311251857417 2.10481113197593 4.92111071922888 7.28972727833723 6.88033987227517
1.97218831967579 -1.39754256683905 -2.80395425134232 -1.94625645608945 -10.2524115488288 1.31264411514356 3.72912159153697 0.365181715131286 0.421105936229625 -0.99586982837154 6.38502404383292 -2.92527992532912 -11.1512531764167 -3.89968335748249 -0.0506532182649108 3.30561519553523 4.39096421605526 2.5311881033835 1.07273252590842 3.91913363020477
-2.95943648963515 -0.283999312068883 1.81775996340598 4.20985878890315 -9.01605168559479 1.39725388486154 2.1961921699345 2.5508784340524 -1.69840869885261 1.98347015349222 -1.77636960007385 -2.42210241472445 2.61140730850532 1.56464931867043 -0.525704681188659 -0.245790149540554 -2.86190426237706 7.22475673967555 8.79884808639409 -1.71423308965769
1.10043306367309 -1.85116127770958 7.71923607945263 2.50578410548465 4.67887368245711 -0.526880068501355 11.4876243317802 -1.28709528502161 1.98110657654162 2.63036285770147 4.18120702588125 3.18429494977391 8.17133223071862 4.84081905050002 0.191366545613302 6.00254197867386 2.36906448401458 -0.116213769572807 1.50409279211557 0.0800426892451912
0.704927943733926 1.49084846773434 -0.568293601451515 -2.00413446087607 1.17960966270835 6.32904563272887 6.10590859214322 4.45406575553494 -3.79759978263523 -3.15486884074359 6.46231786339285 -1.9761127252128 -6.51384395246805 -5.49574349559177 0.233284060660226 -7.4336335710823 5.35469167713668 1.75192084816275 6.92736685622799 1.47245723156765
-2.04508025521861 5.1307210842522 -5.58168203490883 -0.283132002492494 2.41397231796026 3.80489026916671 12.2388659306844 0.692052967028046 -4.16974561280824 -1.59823915817344 -1.16817586885695 -5.763618615455 -5.91982691067866 -2.06888843271098 -2.20317000906292 -5.7784442154229 2.28878289328574 -1.84192793451225 6.78387081827928 -2.15746007081104
0.242518595401275 -4.05520521087734 9.14408730066645 -3.54007924977703 -6.6287253537458 0.312108831034189 -2.0075746664067 4.44168129041737 -1.70480411667289 1.29725830338942 5.95540112891872 -1.45471302585996 -8.7390510664151 3.35323910185855 -3.95221357195821 -2.02015967466787 -1.44968797727397 -0.856058450681993 3.16328181662857 -1.81989739107803
-2.06548116963096 -0.589386481051376 5.44683842571109 -0.541691992384895 -1.44750583666859 7.19242042077664 7.83950167471672 0.811382121260074 2.99226650932578 2.04402356853737 5.16581714047455 3.79971435429564 -4.502486104508 6.55680046239056 2.72058981673666 5.83290098773226 -4.74991329530121 5.83225242327072 -2.01738761490637 1.44986510983138
0.869865251203 -0.507989230897436 -1.15388884952124 0.0278831396849527 -6.51204074323242 1.24772336095433 -1.08161089898922 0.932421440772077 0.0505966964750088 5.71126946014026 -0.667182353358386 -0.17211547611257 2.4485986546426 2.05002332625412 -0.0289819341115074 0.953190506575769 3.37738980816902 9.42475724691839 -2.37170323456652 3.2444433625794
-1.80168175144421 -0.968818218721412 -3.47670386568062 1.34821249493026 -0.19767214997922 5.18920389213554 -1.6872605445238 2.88330986379622 -4.11784171953451 -1.28379637595911 8.43339976135906 -3.95116310512094 0.789774183979765 -2.40698780791775 0.00420822287339639 -4.40946112034094 -0.28204352659627 -8.91530570627646 4.80400115000785 -1.26811434948605
1.58066692036159 0.960397819782151 -2.8205393579649 2.76491996332896 -8.9921195212875 9.16797469186146 -3.56453255526911 -0.424288728938601 1.69600711909039 -0.279895194965869 5.08363467871813 -5.78866080948351 2.40711386836607 8.78296396988863 0.849471639960089 1.4045357974614 4.97738111555243 4.23707953618492 8.84451417400385 0.397785866843114
5.7452024786478 2.56200703194468 3.83723165334421 -4.03296855287544 -9.39953357419191 1.58670301842975 0.982457809123893 1.34063007460939 -0.708311394126037 -1.02992807483045 9.16503963084709 2.79256396870868 8.78920817288162 4.96676687969167 -2.09585198655375 3.87616216935201 2.97067888941406 1.20286772329469 1.37227983458371 -1.42366623500639
-0.757002669185516 -2.395803695162 -0.378370886478956 2.19788519119141 -9.61613057240107 -2.63383400049513 3.38474713404487 3.98613794337586 -4.97531105990181 1.32840299343366 6.80970850441679 2.11276204671483 5.85394171258755 -3.98079201441739 4.5640238401791 0.230474611801016 -4.96776139090694 1.47826273972497 0.670263649978358 -1.84469210339192
2.4922641769738 0.0124864863078069 -1.68404752938741 1.47977433863636 -8.60092943886368 2.27923326710011 -2.8027263154305 -1.57032084311643 -0.403838702497391 0.456875643589111 6.9818274823847 0.87687369123602 6.39675450886712 6.11524032252471 -2.15390849396654 3.89748061702749 1.79654731127178 -3.71689035263006 7.62845562128815 2.18521921521667
-0.206599948053558 0.954347977671591 -3.24556748353212 0.590663579514618 -3.0557507732717 1.62014427115414 2.22767258584362 2.5898926126707 0.009848400113043 1.88596005354406 -3.16771589538575 -5.49439227114018 0.29950047012835 0.558202010480096 -7.03198319001183 -2.83058449327028 0.871090201005043 1.05437829547408 1.09893629652497 -0.374800644613012
-2.05048896250566 -1.48259908887212 1.77570474950878 5.89291763469063 -12.3064749947248 1.09665829066312 5.23968476790442 0.174147419778493 -2.40909619194039 2.07101763924867 5.48766744923655 -3.50279662613352 12.8410422001003 -1.36636050913103 0.43056878804012 -3.61819793902785 -1.3153152161517 2.95532187215387 7.69051328476312 0.832360000807854
1.15639923387076 -6.8842214499576 0.671266196725207 -4.40495553000518 -1.49327628082666 4.31436938408151 -1.28660097644134 -2.987907404432 -3.02270723054242 0.636310208524155 11.2105813260635 -6.10990593536832 -1.12638996300889 3.28750994231675 0.954234054167576 -2.17242527736383 -5.42359020158814 -4.79370305806294 8.47071128135446 -2.13605283233735
-0.524938958257477 4.8015748995792 1.69560436686837 0.0924580723545868 1.05085062789354 0.532168642471259 15.132258731285 -3.9669757542333 2.87763000939177 3.4134695196192 -2.442496745718 -0.131358238169096 7.35671326115622 -1.82741540648112 5.86857114730927 5.51763022120818 -0.850598518351536 -9.79693513460443 -1.10494697019058 1.29211288141074
2.27799582500244 -0.113102542846438 1.72196055382032 -0.00994844195824107 1.05610603630804 8.39150783883359 -0.104541001960633 3.90624813897449 1.82108397927976 2.5380547627775 4.11208103570749 0.504053373885585 -4.18708812454414 -1.57983513258646 2.18613669706368 2.37119884212239 0.490855383537651 -1.32848550541641 1.50362968123556 1.33591374681808
2.40061737991526 -3.40665363372375 0.894349984757483 -1.02692633513784 -0.537213978316285 3.03298496181275 0.802203981367194 -1.38672102592652 3.63147582750001 -0.187898100687836 4.41605276884718 -0.709050057918944 -2.58988997215596 -0.167732798188444 -1.87618727639038 -3.78594209208152 -2.22205719349672 -6.9042805893043 5.40951978823451 1.01375102095596
5.03831349576479 5.30166204956545 -1.38479632022017 0.0438517381096558 -10.9693682021996 -0.310672728212142 -4.96122575763547 -1.01722531184754 1.13431900081291 0.380772238121071 3.51868649620498 -0.334887016935204 10.4731061194679 -7.37961790418371 1.34002573435365 0.875182605359813 5.86395638460843 2.72994403039766 0.313923198309854 -0.361060151666444
2.56757358110502 0.348113987051829 -0.315556737729194 -0.800988860675047 0.498711855611932 -1.79307200206321 0.636271531749346 2.96741107336982 -1.24165052743824 -3.32603458901343 4.61606402380228 -0.928954872705921 3.1303989845776 1.70973634423491 3.70827778490267 -1.61606965175234 -3.16724443262609 -2.38199100434485 2.38102192641165 -1.30849310120017
0.494998173005281 5.15957021677291 -2.82230954748469 -3.76905267982727 -4.41288055536011 0.744556703753292 6.45689163592401 -2.75375489802868 -2.51483336949709 -3.76020051027314 3.8782864140055 3.28863669968425 -1.31017732810185 5.41027058378581 -2.52870094223671 -7.30465019505597 3.05450865072802 7.00898401863832 4.16359605951283 -3.48858395299451
3.30253610145363 -1.43010206548161 3.53069496767997 0.00731142639585503 -1.17270062811294 -0.117867269797528 1.62904589289434 7.4822623686799 2.37948768168543 3.51644888454844 8.24655511013361 5.33566798749298 -11.0907495894862 -0.120709816700422 7.00675530326063 3.35666739403462 3.12917487808676 -0.807262578768674 12.5937575190067 2.3912831912407
1.35904317649801 7.08150455739603 2.78352802815855 -0.660936021842552 0.163435702691981 -0.270487306766638 -3.52242970425122 0.509889227851744 3.26883052327474 -0.328655367268803 6.16349133169878 3.8044148054314 -0.461241237173587 -0.395409029929086 2.91458602046786 2.48837693690322 7.20674190812735 -0.930674412074915 3.23746627817171 1.49114958151425
0.442676311620014 -3.28785826129045 -5.02550586687155 0.322834061086186 -0.917474366920568 1.80709177342212 3.28130134657027 5.28753427394146 -3.35167351390795 -3.94525299700327 5.54816374068498 -0.579375360245189 -5.90756738412978 0.202467206793625 -3.1991173183768 -9.12377172338775 5.34295149697074 2.06902025183383 6.72705560064843 -0.209106879449209
-0.405289003090075 -0.0381755385486107 -2.15017061038649 -4.66615648528379 -5.92551417500343 1.84243113859468 9.41390683356365 -0.414991546160875 -3.36132568089008 -0.330084818360658 2.69035258866118 -2.87318757648933 1.24085818539566 2.51298412407951 -6.41667431493115 -7.67873889768283 -0.682321300889743 2.26492731406994 6.07493940028725 -1.2208576219934
3.08528239807199 2.73913044285211 -0.682227379510318 5.64114524313757 0.40123552483199 1.74815096029729 2.41498173246577 1.59373175893091 2.44425940655412 2.53445677374334 6.05824990214967 -2.04230763117839 2.46289563023322 2.83033053742792 8.23757704800065 3.73273702624394 0.508719927627367 3.79516130873506 5.7520624124024 -2.03929374832249
1.20526118614779 -2.28392434178403 -1.28684435631139 -2.59588540601676 -7.38061810476136 1.49203027377691 8.49829100516748 2.43978465597937 5.933207067621 0.707511868901733 4.51781437353862 -0.11399147727558 -4.70277853950105 -3.59893669586635 0.235222420458721 2.31670011162541 5.45519822622943 2.89497574289034 9.48025367293078 -2.7358075658356
-1.19699307188425 -1.5546848399338 2.55766178376615 0.859758775677464 -5.92175147788905 7.49002190393002 -11.8515167314813 3.50675329084736 -0.49213120322846 1.40109849057073 3.20127275809106 2.22403932760479 -3.65640757123073 -0.105581036099414 3.63821218052545 1.38860065276392 9.24069491095125 3.46036773129479 1.32147140903126 3.79984098599316
-0.155945690262411 3.78777571405527 2.41527886717718 0.472553826058639 0.41141213852044 -1.15601787955579 6.64266335852638 0.122445968037484 -1.80912646431884 1.99205362871382 13.7812768534255 1.95521208435829 -4.10484251742102 1.78151717640536 9.13007816578276 7.36447457386242 4.94198749791403 4.25707809274638 3.67993795612563 2.67117407228216
0.0246194851589006 2.62327643308237 3.41253839248477 -3.20390965085805 -3.53240795623641 -2.69849145786306 7.59839641277406 1.71904745652155 0.714097005858674 -0.198283971667772 6.5788165214951 -2.35966442617213 -7.15427739505775 5.08443725540273 5.85888246260019 0.447589752233167 -3.00399615839958 3.17501371823484 5.76566672515709 -1.29604116128174
-0.232769315923116 5.52004398437521 -0.342552185445832 -0.870389985042443 -7.22403522348491 1.13439925370917 7.18056546119321 1.72168593921189 1.94351449472943 -0.917452782224519 8.74567395459274 -0.302280910797299 8.79177661171516 -4.48509872174936 3.4157501134078 -0.45536966835442 3.27167537552089 -7.33453947696488 4.71766410296029 3.42560513391758
-0.224850225911668 -3.09002218400539 0.359366218042459 0.445098812923143 -0.344422458698616 -2.15542749361837 -5.61139496011396 -0.751915235277747 4.04307946115748 2.24387591155964 1.63761750424251 4.42224766909455 10.6676090576375 7.63193924822531 -0.522861949995387 5.74291826445398 0.450865757219761 7.84982342675073 3.68825771341086 1.86474566984822
2.05640457199422 -1.03751096376622 8.60638951628028 -2.94866993964559 -0.694787564788427 2.79504389478515 3.72208513636187 -1.75899790810374 0.818659228332532 3.14918796285844 0.706535519788637 0.156235816361348 0.685187553858238 -1.63618708100037 -1.07560474983762 2.75343688203358 8.81896567333736 5.9417164086602 1.19500664898188 1.58157602784113
3.66833452578073 -4.81509422530076 -3.58258700663645 -0.651419760281972 2.92166860416759 7.52462588862796 -3.99270185239162 -3.07122716347674 -3.76051671959027 -2.03157710581233 4.37486734119333 -9.91962719134308 -2.23061596828248 -2.61382862856611 -3.76721533944914 -0.424573663872333 5.74505196736833 -3.45147871117217 -2.66463589792395 -0.447630896303329
-3.70488402975564 1.1035522419454 5.22658194946745 1.80458999389668 -8.23267210495915 4.42201911369962 12.4799226438958 4.90974632147302 3.29698970047428 -0.671303207905134 4.71202197539387 3.70240473917067 -5.16608620120218 0.188834015163991 5.18510545531385 1.92767201156785 2.23042904153398 4.10786464120179 1.88659500184736 3.71496528303019
1.73938594859759 0.13474829512075 -3.32441445971597 1.16944706099652 -3.86572074274758 0.69252855839789 0.678994935643842 -4.40156639932146 0.374941911777295 -1.91301687548559 -6.48631318990952 4.86701070261276 -1.93532470524132 0.190679109262225 0.517046884031985 2.83295653170611 7.54343263527672 0.96283529570227 3.56078085310742 -2.10863954767641
4.58573138364837 -0.317154298062124 -1.30907362410598 0.762201578802313 0.254868700773391 2.57697530304897 -1.04493868394841 -0.528107425805351 8.0515816818571 -1.24986609294174 3.44160748715184 -6.47507328232112 0.869088550574073 6.99371250240453 1.19588424108479 -4.68783591626233 1.53739241800065 0.939633792287945 6.84368089886602 0.485705848620143
3.02003143190083 3.10166901683072 -2.20155049265105 -1.14119731591113 0.766555796338067 4.89686117707351 6.4299355996064 4.53230647258232 3.80412229436243 8.15078712480867 0.225791479624168 0.039304106135617 -0.0978033304718413 1.47943861809359 5.28192791800808 0.195095988984568 1.26308639935951 1.91270607591596 6.76280146457791 -0.66261051542613
1.9236431590166 0.459522220589588 0.411697318359258 -3.41832139563865 -13.6265279438897 -0.221361099184354 -2.35622870220401 -0.898677158589442 -3.21473890202773 -0.644018552512909 3.1030984481635 -3.73526776945576 9.01967768933477 -5.61059497523323 -0.0245878973096606 1.63959300088534 4.52687664450232 -0.107170009484187 1.49584746404328 2.70949346463731
1.92336194545913 -2.46430504356121 1.20465978771456 -2.36725365261375 2.42995060730754 -1.16364053449847 4.73909505344961 -0.383320960116259 -2.35435856538414 5.30180000233898 3.7269178020259 -0.449246448247301 -5.84693842093082 1.22066971436202 5.47166769116499 3.40442541874589 1.32042033812437 0.557746484680046 6.5063291885454 3.45647635402832
