x1 x2 x3 x4 x5 x6 x7 x8 x9 x10 x11 x12
-1.9437890409083 13.974583577854 20.8525808766063 13.670409030002 0.0813150086270733 15.2441398803817 10.4857988471987 14.8584905180827 14.3337913675939 6.10779406750412 5.29916032093811 32.5886237108102
-11.6920010783458 -1.46405212679496 -1.39761312816854 6.14903858892409 18.3810971393975 1.33666778443727 5.04328186631325 -7.01659941469358 21.7876207189221 18.3746419496128 -13.1554072267433 -4.02648916385458
19.0367385631883 30.2599495907228 7.69943796484392 -6.21363326021177 12.2381324362564 -4.14982906698991 9.87629949752892 14.6871946448404 18.605597743178 12.8728253443493 4.16272483675047 3.27366749795132
33.1951617308403 30.7776774289216 19.7544314052518 1.41480380865724 -1.33651003450957 10.0750760039776 24.9257351624901 3.0016959293093 7.8234683881669 1.78747749153252 -6.05042652528501 8.68865445966963
-1.88356583624383 26.7099063409137 12.7432353405254 21.8905408398518 6.40555636264448 20.778976395887 13.9740766955892 12.2720647131516 -1.22024409206221 33.8527317943348 -12.6477180192893 6.86518261344613
12.7624288805371 21.3643564576438 -2.66106261471217 9.71782620673069 10.5873348884422 -3.72123409241105 25.0876067145545 15.9315644985383 -2.23034777015987 -6.77078065505301 -0.0796880506074054 15.6069912394471
-8.71927067481368 29.3644307244062 2.11370293888053 16.6146477693388 8.31977663761841 10.0446991454236 10.7077677346855 19.3309147790787 6.10946243951995 1.51496176461064 6.06809660221445 6.84436403348269
-12.0216171015938 2.53723767113231 5.48627221906065 -3.14090106566376 2.75383677973595 21.2492797301007 26.336723676703 -4.04921306800965 -9.7727506341923 -23.4484870526173 11.8916653167537 0.139284678585179
13.3781445643042 -12.6338665773085 20.8158102427664 8.63209599404275 -11.4805635805928 4.72922250258935 11.7372153745091 -0.957372143138326 4.38136334565806 -5.36024524226307 -17.5061793881404 15.706796471508
19.1888066123713 -4.016565598672 14.774025114032 -6.50136806774643 11.2086812872145 5.1241188592419 23.3139160654389 6.43278131428215 5.63684358374665 10.0843443481492 17.3515095205984 -5.81768801772692
24.2153968684105 1.98596732530408 33.1443676582398 10.3475600423133 18.9485557687408 7.87340145612775 11.3377029892978 28.6191776179667 23.5257778427913 17.5387810718469 -14.4995148632271 11.0231579095063
-6.82437347206321 20.3231085136137 6.74405001479407 15.5796731513994 2.02779096277715 7.16211545670075 -8.22431811405134 9.08803687268553 33.9949616999854 6.02401090028902 -4.73089677016454 10.1459606952633
23.0810667397056 -2.69370198892918 3.88858801262185 0.65337097594173 -7.40773733920823 20.0526281067384 10.6827887214929 22.4922459560242 10.8519307600761 -2.88205164669218 -16.1863130782149 21.5315620207946
22.6158109117288 0.114732993361282 6.21348022043362 30.9265526817552 24.1134893915594 8.64332723038175 26.437776459071 18.1536516346038 11.3327118845881 1.51524171402553 -6.89628573147638 21.4419572652468
11.4377381108159 -9.4881627296622 15.9605713000645 2.82450434904218 12.2581755700792 14.6234642513184 25.566853542179 15.9787726749379 0.72578026984792 -5.27884547493715 1.32469788824476 6.9556049860034
18.0638713388762 14.5148827889142 -6.78915967390455 8.2246777694852 -20.4975512542121 -2.91399653918195 10.1683109987352 18.5160450234524 25.0335587159673 13.0503767468824 7.46097391322095 -9.17569034474417
24.9509440737283 15.6091535572446 2.82204644915574 19.2348702534625 4.23200304114363 12.2690542561589 26.092297139913 8.09511378650961 1.69978755899568 -20.3405006758162 -6.30451997696209 -3.39834660594799
-5.04956249915803 -19.7931563662147 -11.5687315719681 -23.0827356885278 0.478288421438029 3.69550356894236 7.22793933199855 23.461219093563 -15.3049873564066 0.475804640799046 8.40578431868745 -3.28548671489074
10.0084517864612 27.5775376203411 2.89239851696573 11.3542154033092 10.9925900684142 32.0509976091738 -4.89531667272733 11.5089452312567 24.8974198246095 22.5503430789344 -2.08506144931031 17.5665191632073
-3.30776309709941 7.15073597725326 -7.8926920351221 0.0138637863114814 3.00334852352388 14.4050804250712 18.5228852260178 1.68671891945389 -0.151287908062189 14.8771776209368 -15.0025593860024 -9.7691017733732
2.63895181591606 7.15599600297093 12.4109469134589 23.9882951691681 5.85116043362052 10.6440425781803 30.0436456261449 27.4729224758704 -23.8406078195788 15.0494734101393 3.90476231108574 6.46904274809644
6.02325332953812 5.95914683470309 -11.1265933717682 9.23051214880574 13.8247385840747 3.70737378726512 26.9567531939789 -5.19139496118847 3.66529170862603 8.78052110941881 12.6393541275656 -15.7821700061785
5.83927572299251 14.7822843474585 13.9461881993451 7.06147177896594 6.04859139941561 12.9046344864894 -4.68597831117203 16.6864540389528 0.503838354202642 9.96673097454071 -8.0632569560837 11.7696700623555
-7.87442191534573 0.725347156909228 -4.69771112739662 8.64858297578414 2.66441527041889 27.620335977795 26.0835672447245 14.6614814285968 24.223559071991 9.84535395045993 12.6352126184486 6.85418020013536
18.6527157573857 5.52793554819529 16.9066489788745 5.59044003582285 7.32801614074946 14.556950596518 -8.94338201558354 13.2935692973496 9.89054227154356 -6.70317946629778 -11.4520797466802 14.3334900135282
8.70095285531561 13.6201252008596 14.3606927237013 3.18153248031581 20.4235443351852 0.642618022233703 29.4043768527029 12.1565354947996 5.40507219640971 25.5072540807384 16.6717529619589 19.9620614637078
2.11842755929644 16.1299241184858 5.76526034313933 21.8787925302604 20.2734505580601 -12.0304475964829 -8.48334398184947 22.5174294967746 3.78288369085125 -0.464920549425463 -1.74569601328454 -13.0567806160919
14.0625719536695 37.7269724209003 9.87948210900324 -1.22624631856005 -5.08722516762592 6.76145641239537 -10.0732936007548 5.72004805965503 -6.18446396155363 21.8894991081527 -6.9748858074838 18.9774678342196
0.196847054474897 7.15532929236511 15.9288955620318 7.6240463784269 6.7056581068034 8.30995946849759 9.80919612690251 11.4998316280286 17.727811615882 23.7944558286007 -12.5160444579539 27.3086910424003
5.07709991563915 4.19370590400543 1.42857156922477 4.85602841189663 -7.19826328827109 2.64194104955992 12.3738032153137 24.6191275466433 8.23421343375189 -7.32767340854194 -0.893986884363648 -11.1821909061896
-7.3482815307745 12.5126357957448 1.58462653390644 -4.99909785651178 16.741117317836 16.4855006819801 27.1260889056502 -4.46964497646689 8.34408399804272 19.6503875467495 -7.83015035910647 -12.1800047701945
8.20862272713485 -0.911732339263582 15.0946258790904 12.854357593625 -9.08058779062622 20.8352979273632 9.31349463459671 4.54483051211687 14.7228541537877 -1.77416506636187 -11.9092194739136 -11.668698299251
12.784928211266 7.95579254497447 4.02381449506378 -4.72646762536275 17.8173166320887 9.83894870902152 8.34755405707928 7.26739316441958 24.8015950563151 -8.29112872793169 3.83605225800995 5.5854197075989
10.7671916113057 -7.28913507147387 -2.20236200687171 20.6866452167339 26.5848867327482 -7.61081535253349 -9.19550747044375 14.5244551997164 3.9243887175217 -0.188595674345031 -3.57002652557403 -17.186198567504
-1.83833915898242 -13.7815590170251 7.02970259931291 5.26665664323303 7.18644329842438 10.7862699124024 10.0135999017287 24.4213935120034 5.1708782867887 8.07520285559107 8.35749800743865 36.9829283144119
4.24122263547753 10.5468330235891 17.4672309193699 28.7701861926407 17.6643292994037 -1.99086159546118 6.23417576166088 13.9776146253242 -7.25441295170044 24.4471009916928 -13.7336103400667 27.7813111074419
7.88366228649868 -6.15940282590797 0.774617458350796 12.9171239182381 -3.04499045797648 -2.71637014326633 7.62782501849668 13.0264476131141 17.0004978654438 -17.8971688458414 -11.6399650020248 23.828582371751
-3.00692544988785 6.56879476695722 17.8210844809068 5.48111488476852 6.79281056033492 30.6645946958642 -8.97754495178927 19.0721280353253 4.57890373260473 15.6427338503834 -2.72150945786444 -9.72905391558549
0.742439334733421 10.1366002303847 -1.98731330668584 6.05192555233548 4.78858261925071 -5.44144762944927 -5.3285672988067 -1.78548502156986 -2.03431444976419 38.446487293558 -3.78891708242431 17.0023492112062
8.66065723211232 27.7713466449292 -0.726295608124239 2.70528177197238 18.1962920357247 11.7187930230397 10.7790055627268 9.34821473031675 3.31678617211273 16.3290988101755 -18.118772094824 -14.1310937510143
6.98740182298442 3.17044754704688 12.7926251055549 8.84174141997434 -3.00679085125232 8.87313880711799 4.64520435361344 8.25486044571361 4.45210021958392 15.813894343601 10.1186413508651 29.3739184940687
15.9119061798434 -5.38210432640231 4.45803651098901 8.63293934096382 12.5665857970804 -1.17863963377937 9.47462814365045 12.6327448590432 15.3612941180377 4.57985045966603 -13.0478248016942 0.893328752646298
2.9380379427231 11.7018372675051 14.3170078051351 14.5917104577908 -7.50779128596099 -11.9375169525886 26.0505952379914 22.2735880237961 19.2041211289586 21.2474823605194 13.8794655791634 9.1498407946268
-15.8681149305447 16.5486719983355 2.15636875196933 29.0618126852999 5.79017237585939 16.572212184189 -0.915929820655681 31.1294945471585 21.9445896130334 1.94694672807021 -7.01448341858327 19.5823547574911
5.87963187477097 7.51958402559137 19.7904840684606 2.91943935180944 -10.2612140630869 3.11567535244806 8.78468510213584 19.4359609749045 10.5043499661119 -8.17736951691826 5.68953367557824 -17.003718549264
13.4428763527058 -12.7971037018498 9.3276703279963 15.8464726254349 22.4210212626118 8.85653171314936 -7.86464418587311 18.1082126659077 18.0974922376913 41.1427781939707 -10.1048601088427 -4.78748946569315
27.0183044424411 4.61542829076183 4.41770383148613 19.5581416180406 27.0541669272254 -8.4302586867331 -11.8083426063426 -12.5805575167319 24.6621937397365 -5.94737029844644 -5.22401238687539 1.03179757431709
17.1017815069065 20.1346498874805 -4.06297521903281 -11.2655824743223 -8.3122746079669 10.2361961104349 -6.69308716851503 23.7806298077024 20.9851555054323 -5.78798849838946 -10.4673246683411 7.91968788969845
8.08291563737625 34.1699523932648 -7.14745703896195 -1.23407868643693 7.61637221927368 4.093981645809 26.259368931622 -3.84015059674785 12.4801661120461 25.0567810047327 15.0203356878129 -5.43988587210824
3.42053764993449 -2.32003095316296 13.205450517249 1.67729696729311 -2.32415717738718 1.47188969948127 -13.6927084676056 -6.01565596188355 -18.3865735027558 5.65695301462316 -6.67337397336086 4.2212713030498
22.4763576525876 2.30817154069289 14.8888467493932 6.31654537379779 4.29938074765717 3.367915822913 7.9870610158808 25.961813855317 27.4718003104658 -0.341875416951243 4.59436355178784 9.63744229066172
5.33852137719087 13.3186070604825 7.29988753936682 -6.6688010324444 18.8328003069082 6.23195717381741 12.4735356281631 -0.956842047687097 4.84964795335754 -3.47026511300773 7.37772204472338 -10.9484113954118
21.7648838626956 5.7164680707322 1.19602830070516 7.01107910294941 0.230566535862502 10.8312060369185 22.7908265108127 25.6209703365868 15.9377105096311 21.5376557648813 -1.7914892255612 15.0884061447307
8.05824615848727 -0.656703917888042 -4.59641568964136 19.2945539084418 -5.68898570322702 25.5990882817259 7.94662517065756 -0.153743515822148 12.3717692289245 21.7599292073624 0.550743922267243 22.209855713595
16.505344982171 7.84946934341244 5.97330745375634 11.7136518874037 2.87301881962356 9.37377188593851 23.2390382462813 13.9000875563807 21.3906836754126 20.3333402688041 -3.72537433064727 6.89119480586806
20.2806739935865 16.9061249940205 -5.72864297006437 2.71947652643018 1.47899565354007 15.787366189321 30.7407271826269 17.2648208055597 -2.20185640648826 -4.01700880496006 17.9126602039494 9.30575054396701
8.9067693703438 -4.21428688582244 -10.2748294777553 14.1789661091137 4.8040640143368 9.71885888563289 5.64726908003359 -0.465660580026478 4.15058285248542 4.8663087840353 10.0180313576437 -3.74428135573895
-16.0486594496835 20.9007298433248 10.2838411634117 1.14796855168519 14.014458881325 5.98184808636797 -12.3032911253951 -7.89527807756414 1.14636464155937 22.2846246407947 -2.34386708670917 12.1949503553904
0.425605854159639 6.03963720091311 19.7961984869629 3.0310741527947 -7.22252568924582 -3.71510429413251 26.8263973617867 1.00421999917135 17.5476563864341 17.1097178699282 -5.12331907506606 23.2606440113238
13.9297316776556 17.9658295977836 23.069153770111 23.7109711321113 31.0492873196962 19.7320428285141 -5.74335258115345 15.5173267222314 8.81687061523209 22.2999350070139 -6.98130401731702 -8.91912262504793
11.8048565422616 16.702943376968 9.76697589514633 -19.2753018435703 29.2136329881945 14.2559230086392 -7.44052407943779 -7.08621100123919 -0.413591439358637 27.8132034350571 -6.39418446615863 2.05509457766912
0.0161835300174928 15.5141542232133 18.2960730196638 12.9805322361721 -2.29119334939531 8.4527489813601 27.6995956007786 23.193117611996 17.4876650301298 -3.13663357815275 17.6071474785754 6.01840142222528
-1.50787056471492 1.61773663226774 0.765812776792788 -3.74543920724157 10.9237634798193 -4.89533204450909 23.0863488109614 13.0622965741294 21.6582845184115 14.9456792949045 14.4367307625465 13.3615627888464
-5.89032183167305 0.333492514372883 4.94300817081712 14.5314905921485 -8.9056152893224 -3.88301930623156 27.684842344378 27.171323791818 21.6087970758253 -0.633564470802613 -2.61158384948495 7.48858842026838
9.18742924667599 18.8527218381037 9.89365888832134 24.1962098214987 11.4409469167761 12.1543771694094 3.65457825719566 21.2964367979397 -10.5872241642874 21.0820428804264 8.69991070384208 4.20734795181523
6.44505782028465 -7.77675109568962 6.1274657422626 3.1976070791614 29.5240768292689 6.97082777920115 6.3679624924984 11.3051873834685 27.5735374702416 -3.75318037679864 -12.6462626508106 21.6448850660246
2.18599052638516 -29.3199441947459 7.93300948016073 13.5554084298434 -22.2806322617636 18.0082354807052 10.868319901451 8.30794254922116 21.8353591611884 16.2127895570862 -15.9327263942502 11.8961626514448
15.1079756313969 2.93837448582135 8.5742152644693 -5.82031672620119 1.32712906614997 10.1038648469833 11.675128739482 34.4942270326854 22.629482656363 -15.1323207228008 -12.5442894123354 12.1663896274128
-12.2983997425888 -2.90096249468474 -6.83177734270972 2.29464073323524 5.35589582496531 12.0577206049348 -11.6735358934893 -8.95858390227036 -0.28241463474939 17.5639595190707 -7.06412157998241 -10.7657388762298
15.3567978512408 2.56791802979695 4.77040104931005 -4.49648565213607 12.2787113494264 -15.0444156578864 25.4631956272155 9.29855663783453 7.29426339881754 19.5725156896911 -3.62584626475747 8.62066950273467
-5.41139253475829 32.0009153215451 -9.15202836612455 2.86713876102605 -1.82025717612839 14.7266987791218 31.193992586587 9.81697378493901 4.92823994646708 10.7427540794195 13.2050929229583 20.0274252485352
5.28774654140415 21.4651421996958 17.9737837611404 -1.03255299310369 1.58331758446089 3.46823411324564 20.6373342316895 14.7628963330803 4.20768794263877 20.7778086336326 16.8624927117555 20.0566984262744
-16.0206658444143 2.52693957673473 -2.67679465594847 16.9392416884833 0.46122569113238 8.2557580250799 -11.8506124349931 10.9810495296969 6.71608801530798 8.26318112653147 -3.57524941955329 10.3448377980666
9.92357184185184 -4.9858394416623 -14.0459537603476 -2.8256145501001 3.8061000682174 -6.09352490822587 7.13371962762643 -9.47828178797711 2.32398755049159 3.64896917726402 3.02781373476721 -4.01186119664367
23.5729380806619 9.34157392574613 22.329569255252 3.34355644935098 6.60938391412062 -19.0833706022836 8.73393691389109 6.63876247033151 -6.06956691481587 -1.28722845645202 -11.8808823730292 32.3974647702815
13.6067380626279 -3.09443267636412 14.6898755163643 11.5125328430221 -0.096883093450459 0.580155308740895 9.05158350465985 11.3878172242354 -13.1686052913679 7.3676380088853 -12.8880601989652 9.41113624411479
3.89825292653657 2.85250097574436 4.32714578371704 13.3738476031434 20.9645189884909 3.40087353997143 8.92841334922063 4.17894392373929 34.6069697109294 -17.2590994091568 3.23473450496212 -7.46228942405244
13.807806211394 0.536608707778373 -3.35751308899978 3.66946571395488 11.6347563155783 9.67604601537407 -8.37904566531382 5.17658893670489 -9.70252654439592 -0.811456981194544 -7.27250512176921 11.2188868942728
-13.4733482838483 21.9975116249056 26.226484807952 1.25235516930709 10.8083658271023 2.17270092359387 28.8130703082258 15.6735392854995 1.78545268411715 26.1561068818076 -1.00091521342911 2.05541076630823
-8.35067998400603 12.3527092763024 8.47423080831639 16.1070934407554 25.1430606885836 3.85467759522962 25.6968579783899 13.7770030324726 6.14557531891435 -6.15775032556644 -3.8217813546847 25.9506958213388
10.4040863173318 8.66513688334002 12.2335130213293 12.5375533623145 19.9571654616811 12.691697457158 27.3901527343228 4.06295388069245 26.5757123858908 42.6272835507605 -6.60697693737215 9.16072947471183
28.5036787308471 12.9396682688018 2.10774900554602 21.653867097366 4.91726862976507 12.2764766860557 27.999915569582 5.12203513010132 15.8998276756365 -5.8104176616792 14.6683537008066 -0.342553928643952
18.3741819105971 16.2202906993626 11.1125728335021 9.96038607548397 2.42378016907776 13.408810534181 27.3682507115206 19.1153174263374 3.31343390759686 19.4932624712656 19.2819379429786 14.9544553260415
-14.3154791359248 5.39606207279711 -1.95061114018037 19.2448138319766 33.0037036176683 4.38710597386463 -9.34007211087743 22.9059920550026 17.087014350913 -8.42998938478099 -7.92771140260148 8.03145928677989
4.58487045431842 1.63082099939541 13.4385521712518 0.264226506743815 7.17945938253079 0.424392613998115 8.99825089263912 20.1677976659125 12.006935453782 10.7966703829666 -14.8367254915753 10.1073686248912
31.6403968507471 7.9465385064664 1.59272851854369 18.8545487384538 32.2628055549738 12.6159812754161 26.2723045754048 7.47263087859399 -7.29434456270814 28.0981300501125 -1.30730238972232 8.78104878458414
21.4189457196624 -5.06549814757537 5.88707318573132 3.40371161111972 -12.8740059547403 17.1004519460986 22.9218987334546 -2.54757952322504 20.74884902893 -6.54563505066516 15.3024983853186 -3.18582123164194
-1.85785429196133 4.46497734849962 3.52387226493976 6.89860148130148 34.1955873095763 3.24495559084247 26.8759458850691 6.73268659919924 5.39161569338083 3.26794923829257 0.0417101976662346 15.1698179831217
-10.1077425456162 28.6746931285197 3.38334060361376 7.62465546730603 16.1403742135456 23.8063011247601 26.6635928018601 24.4947211210575 -4.19199630785221 1.63708060709179 -5.16391783634251 -13.9559815865375
2.62442489068461 17.309648272212 1.48477966493081 3.71491457103766 13.8419123804831 8.50391062056084 27.6449239069174 17.27704277727 -4.1739802967307 -7.60484356857347 18.9580159933557 16.0349821751083
19.8913352127161 17.9637832028111 17.6542985003006 5.33126705560737 13.1052592249576 10.697909933806 7.27361708345087 2.42106183009468 8.17162558854518 17.6441749676441 9.24263456308127 -2.31501875606811
-16.6850561244229 19.0508421740621 23.7686305078818 -15.4073477242127 12.8446166620047 11.3834680612789 10.7088893489994 18.7299388742293 16.2692722622078 26.8416981794266 -15.8984772185362 15.1886787879886
14.72032777643 12.7841704999102 10.9235555066281 4.12785571244341 4.68683260792309 8.2604152687476 28.0176856141603 -2.51248866043137 2.20471253711906 1.53034307906396 14.6537958623166 -10.5800390414299
9.36023955923061 -4.32566332888493 9.96475654179526 -0.115545203338789 4.08158720493287 9.98712905108841 2.00172336808239 5.62136529621867 8.29818022834816 -2.83170482556581 8.03243701236166 -2.84428914647147
10.3668866232517 27.2297282595222 10.1324148731092 3.67199688523337 13.4095424556813 15.7050192027554 11.3903280989948 20.2654795354807 0.938742909175595 21.2417212395466 -11.1906913577242 5.82037165438604
-4.86927741804837 -0.350780449397723 4.67229969602309 -1.28355901097706 0.926263937622414 -4.45185421640194 -9.43262060083087 26.637459529657 6.60526958959777 -3.42469151979214 -6.48306726304303 15.6799952726615
13.0302907737931 31.1725210088957 10.009429117426 9.40075671167421 -23.3357555651301 15.4047387715834 26.2366819382355 9.42203857499653 29.0169628716157 23.019777098034 -2.5407548043676 8.04539467914701
-1.68158348895699 13.7931125313683 3.4033714210929 -5.41489178785821 -27.2401752883013 -11.9372288549628 -5.48567768169623 -14.9820626043342 10.2373743430538 31.4627912880596 -8.67209414674787 7.56091408809335
41.0750080985009 15.671524116454 0.0534255665567667 17.2369694598916 3.17170997900373 9.16818704578245 15.46556803553 -2.3769880328876 29.2128469203343 -18.7832554023761 -16.6232884765585 -6.06665386245727
12.0017412872127 -22.4421712274264 -4.58599387704476 19.2236113803928 5.08667890208711 0.796226572871839 -8.70470676077426 11.221153521009 7.16886607337738 15.1862898192726 -1.75655859610408 28.0595905196513
1.30366792287458 11.6832364478629 16.4349413943763 3.45067620192142 -1.02427805200905 8.63271765842277 7.72291416044257 -6.42956460106077 20.7306740910588 25.0437893260347 3.53317336556169 -3.40396619386733
13.0115998365619 -13.4019208568348 27.9863106247711 2.29404436134216 -2.59543015610242 23.9360247346713 -9.30290469183369 -0.57186498235016 17.1488271289069 -12.0035071751727 -7.62363023637292 13.4607009951157
27.2046715254946 11.0035490353451 2.70832692960996 23.704333985576 15.1604485172413 4.59524785794701 22.7856347352508 -1.97110661599977 13.1129903574592 33.0147363546821 -2.96023705760836 -4.33130432852935
26.4578858240269 9.41644852406458 11.90069120766 -2.29875174525493 8.95942499577062 8.62358108813106 29.7038368547345 4.27818130852244 -13.7031593817174 18.4816427278603 15.0473079366478 -17.4997256082809
-12.043094408426 2.99893708303973 -1.27868712174147 19.3278293524139 23.3934430037001 8.59994480568409 28.150322010993 6.11600005518428 28.2531900761305 -4.43738931122794 16.6775721911301 -9.16642983837627
-23.8066937151916 10.7287783504962 20.5171324254164 7.36693513334668 7.89860590834679 6.42269828815827 6.75902913095998 17.7973343401553 -2.50431766477061 -7.08571656007698 3.5445249731078 17.6653432127075
-2.49094307358198 -20.5111643603718 11.5286348550041 5.65576675284532 7.33262190272545 11.0369287410655 30.2357836018513 -8.59626616520103 1.76814612375237 20.1781123494617 -3.31039586978913 26.705860031236
-8.91072436548055 9.1019286944826 -3.47927991823737 -1.69879257114178 16.9996352573516 -13.2081967090156 25.0361856182881 0.718382789816641 -6.05824265127133 19.7684344271393 12.861577345549 3.65547432035
1.42000940152521 15.7144401623289 -4.92432746414541 21.3619388826682 16.9814672307295 7.96520936181708 8.28602078850423 3.64424937297538 21.8086164637497 15.9936485789801 -14.7670267371653 5.05978581293014
-16.0828069180638 23.7159571631025 16.7575734042402 -12.3565260185372 4.40363260578397 -1.62454693967313 7.89296483869743 23.2528974191038 23.8102775970843 16.1634103816273 -13.1869064558261 14.1776326423859
21.7284258714332 28.0335407326251 7.99081391675197 6.5406888758605 23.1078257207686 -4.84716964656271 9.09088186250553 16.1162550532552 -4.40106393844837 -7.19162001603308 -12.0930211329015 7.3242359910794
19.2675124378404 26.3457543420972 13.1227451953264 -7.15699182956705 1.59997467747435 9.12365836772691 8.78460495269873 9.60112103032092 9.36949244242297 -5.67239982655349 -13.9172765295346 4.23174354116047
-3.02879224040466 17.7502859610269 12.6381071608857 16.3321133655687 6.0445863848674 11.2021175417771 23.7028886682157 17.9090129745737 3.5027605110423 -11.0757851033872 12.480002709553 21.0681708884581
20.9185152617564 8.91441642992439 22.6865284888649 13.6317291650771 3.03048584867492 13.4859738682148 24.1071257011237 25.4103418144166 5.60145255897561 3.04256027542999 16.7757464543352 21.9242199193495
16.9615313282154 9.54689273348184 19.3956162052551 -17.8222385570247 14.0372604496085 27.3718761251623 9.84222438414213 6.48236688704323 24.9522867609984 19.2091572905316 5.64608095689974 0.531980086561621
23.5793889805392 -7.74952303943038 15.5132825975449 21.9344295552032 24.6507938318307 12.456687132888 12.6304677998152 5.44865516478355 16.9476724820625 7.01080978403128 -17.2715036587728 -14.8818924619012
5.09011914808551 28.6303600070673 31.4520789427528 18.0189963179845 13.1235652367942 -7.31954965765839 10.2225957827073 16.1490781516404 24.8209198363082 17.1366078434685 -15.0356052860883 13.6098646398384
21.5710700792286 12.6620283328639 -0.438360376153351 12.8994818970428 8.95459810794174 -0.266224158735247 -7.07129926175146 25.2497426038091 -9.95728744105691 23.1688102643476 -4.36574411204003 -6.0208391438042
4.45324507985572 -12.8045546351129 7.51157150634399 12.0048775681879 -11.2234275590407 -1.36354715227338 -10.3909397859719 10.6104289912444 -7.08781999405635 6.80120150420882 -8.40433681525812 -0.407018036785342
10.4686587560167 -4.44171371481197 -14.4092532514019 -7.45017771816639 2.97906689589872 2.30489898566686 24.9435470074377 14.9716684727992 3.43991224618004 13.0188018093124 11.9586042130409 25.3954928833
6.56590958532886 24.4894717085961 22.6652907224348 1.1657589060903 10.898540769958 8.18529507276155 9.19626528129846 -8.06378051964698 8.46079615843036 14.6299871287905 -12.6102938040643 -1.32411054793493
6.13012712245664 -13.0435465593192 -3.71402711054017 27.4204337291089 11.7102529581341 3.46820469413168 25.5463412348926 9.47377000636004 -5.10827017889635 6.43760518449018 -3.57364667848602 -5.39784365417095
-25.7629633512994 13.2848014603037 4.92929068594561 12.2568543973711 21.0494397694387 13.0302794440938 -5.60440677561454 -0.0451063196888857 8.84688005417839 21.1168338830655 -5.55919061439801 -0.709321095819631
12.860292146056 10.6534265950598 0.511872671918196 14.3523073466149 3.53872911610305 2.25111303322404 5.0956321088137 7.74470686926408 -6.87342822115092 4.43400720316615 3.70716928350119 9.78054123202884
26.5435054954915 -7.49413452928587 -3.64245867181929 10.9188157834142 3.60272065069442 19.199872354247 11.623183717863 3.88292401601672 17.739572606738 -17.0705966036876 -12.1339003345536 -9.04777867341652
-11.0800633719695 1.27641901977639 5.64008536567423 27.8111938687045 6.78113912066534 -0.0788502163233513 8.12733063093346 5.34332600105324 4.16620398001117 11.6959627289338 1.75519186069958 13.6123782822275
-1.7108580709023 -6.0965353046932 -6.14146747700578 10.3594777303866 4.20797085249092 -3.67350803858477 6.38744558908503 -2.07734739193677 11.2063015242727 13.1896230718215 5.42507893948403 14.7483721938948
2.94936512341876 -12.8761634093222 22.1055378408529 21.095618563354 2.75529104140502 21.1525191271201 28.2710494496592 -6.23268155846052 9.20628937826651 10.1915901440906 13.3622829019576 -1.7273619496245
1.97520818053375 28.8583890266779 -1.92258827923461 1.52175514532252 6.0834974881702 6.79122297545768 23.5322347152333 -2.47191661017165 17.5297825070644 15.4109078164165 21.8268555943922 2.08484680272858
21.2881610473091 20.3507730464584 10.9203860155811 12.6114779105869 8.52956189800573 4.00655559238153 21.6750857334009 2.71737009086647 -1.0619969130963 -4.44488173998271 14.4446094363835 2.81722813341626
9.37227404067616 17.399390264445 4.07115188294078 3.41485215725075 -4.33457627157806 11.8617678419142 26.595774271008 20.0236496342483 -1.66841198833292 25.6226750201142 -8.255275182341 6.22025748377942
34.9363120327144 -5.5468473804734 20.0405964918569 -4.65093800350809 5.04240873829592 11.9837487886544 8.73084354836879 3.61094347567799 22.699713072237 12.842594796382 -14.1107534938147 17.1006559807584
0.892898813314643 18.1881413704675 5.56745778139096 0.512936505258573 -5.12152689572561 16.9183443650432 13.0683602568415 3.12981780253691 11.6632263267729 41.1554180774203 2.32498072935432 -16.3177417751248
10.6104477907964 5.83561843245239 5.3491920216255 13.0296553552923 3.32223590867285 7.12648228571398 25.845755587507 -0.276392991835055 16.2132470233644 -6.24172096055813 15.9638894894298 12.3356216582224
4.43048676764318 -2.06883596601888 12.8091578420202 2.84757082217637 1.34025735477879 7.32228262701422 12.7843045029341 11.2889962023155 4.08313808905153 4.06739719826121 -16.8606140731267 30.1581153365111
-6.48942620556815 23.3046844272861 20.4456729460598 8.83213691308417 -8.31798734892559 25.8451413729842 10.1468974101344 11.1557420059239 19.1970073976275 8.86158714473766 1.15843696403838 33.501587554956
5.35696778829164 29.1610017665528 -1.70064832298464 18.8151933782372 16.2340277926042 -4.03691193186242 10.3899563242247 0.261108010933748 -0.119190180968136 14.4927061272296 3.94345024217998 -14.5612012140941
25.6168542846782 25.9778718315109 9.38374249283446 13.4530173109466 -3.32495220523822 7.80278634366476 28.972319811158 29.0229284029509 2.59315665022664 10.2249018315759 19.6718560196903 8.52978307942572
-2.17190065192457 15.0360496269964 -1.99718738355688 21.7323381771886 14.4189840081919 1.18198519988019 -6.98782940016821 -8.79920515249436 1.17426768599222 -3.01512816024336 -6.02247817983949 6.56157774168832
2.56940991734011 8.15788386442107 13.2165623919014 -5.56114973780405 12.1824331200453 4.43132871619911 7.50339734890415 7.04552203827078 14.3246295970439 -10.7206645080743 -15.8973699462536 35.571130456045
13.9905807635262 22.726955474496 5.36144936242303 1.52535504081131 26.5618515551763 -12.0644485247692 23.3161833667767 1.20002423668543 11.0023209185725 23.73871526793 15.9312683241027 -2.98872646357596
-3.80910055628124 18.3557244919936 12.7494680296285 14.3431100885032 14.7096388048613 15.9128498551838 5.61637239281591 25.3105550859093 13.6152468472821 7.9883058278583 -12.0567691938695 -0.0163693872049802
10.5859932005646 -3.35963059271467 -2.13118909344392 5.32891854473583 12.4443764764617 2.64591826275231 12.9512022552408 33.5235559994023 29.007695514088 -9.15414689176475 7.5233799728116 9.65758343414628
15.0502981565928 -2.14153875745163 18.7798315898328 24.9766121202123 -0.511467225210114 3.9000529037166 10.2224617900193 17.3871813416681 -10.6382627987339 6.48356960189904 -17.4978723743995 0.916273247831151
3.11405382464064 19.6701763095012 4.74725694634683 10.6224063607452 14.1957722064415 1.18103721130243 26.4936546124191 -0.888683053657729 -16.152936697801 21.9848760335278 -4.25413787586492 14.2379675988112
-3.07742882167637 1.98997750982479 18.8454344466725 18.7085786251027 11.4479446871322 26.2980813884152 24.9483702157796 -2.87669223436492 5.02453008395603 11.7494909457905 -2.11672642244003 32.7078821750512
0.632210185468417 10.2992180812341 -3.19131286944586 6.51668110908629 18.0649363009588 7.14715275529991 21.3768720077728 7.24103889165753 5.70354662276271 7.97575404235855 16.6815429863054 -4.82577882958475
-0.705139886649786 24.9857964198572 8.46969430315916 -2.28123646093582 13.9058316964782 9.56173844894647 25.6703239894432 7.95979769827945 10.4872579603559 34.8460227738117 -3.52278047213738 12.1912752799225
17.4082642694562 10.090773851532 20.0008527204579 -8.69032113160893 8.23918386597975 18.0507442114013 28.9510572193858 -1.45842037797897 18.0289251660929 21.9345404256528 -4.82593607023844 15.9866821328724
21.4784955244961 -2.37866072716995 3.74206368984953 10.6290646907488 27.2014056690606 -1.54328442689712 11.6278811670894 15.5672894854866 18.7689551846239 5.66281523978749 -13.8565885476116 16.0633819611314
14.7769225716688 15.1305115422532 -2.38256568137795 13.2611606591701 -7.59423981653027 5.27920751977934 28.20798920785 14.0448162262471 6.09916282052046 28.0210968197004 -4.88758422416518 16.9357751475452
11.8763354343489 -4.69291758244167 14.8004759362363 10.7753659204592 6.74175241832449 0.801968837359237 12.1269448351199 22.4218817562571 13.5778943110225 12.4093404086558 -15.9114397182245 13.338412879656
22.5910028927978 20.300870672827 14.1071560861841 28.8416827119435 -8.43514661205847 26.397542157599 4.77423765362778 21.8626103894094 11.4129105031499 -4.0185291178719 5.95390163060765 29.849275723443
31.6066511804068 5.55191022755751 10.667074418985 14.3205545667316 16.0477544376037 16.5928982921968 23.3897015512636 31.4802734195911 -8.37658073629824 1.7268243446784 15.1750124837317 2.68299018023982
19.0035396083707 0.912223515015628 4.93207445862744 -3.27981486190257 10.3169621737708 -6.74617833251784 22.5224454721601 17.5349537920465 18.2506449432628 13.2106872579103 18.562769718128 7.92344382073255
1.76106365463904 11.9470868955343 12.2532382992525 10.2515613115123 -0.0545708301023815 12.4886911127234 -9.83176585931731 22.1555455862255 13.0509435365123 1.38462780193613 -6.60127375360502 21.436536954614
14.643148089927 12.4223097166792 9.42990332743193 10.5463369009265 -19.7992037454617 8.65022690332067 31.4290840310485 11.5630650196715 14.8188121140261 17.6977725564329 -6.38488378710903 8.2270030494803
-1.22844390553075 -6.12855263686857 0.54949659869169 16.1661489254706 8.85936627514616 10.0335543066345 -10.245158488244 14.3013313189477 17.1351638847664 4.52617854561887 -3.39296467152331 5.23948350859005
-13.039415464463 5.80758500566198 1.55668785703775 1.73593536393622 2.21922050085359 8.32741331852733 26.5097217134245 11.9824535249468 13.832691328361 38.9990593120574 18.0316752551123 7.52935682717294
12.3087747079508 6.49629305703507 6.60662574169795 6.16809311363007 15.0884918118645 28.6152032676916 24.5030391963694 14.7335746912978 16.9017448472868 7.05202228516021 11.2689258951433 4.1891999253057
-0.245732322224139 14.0493967281982 5.51911551080351 2.90494379397009 2.27358893776782 -8.34748079484782 29.8801646385914 7.43541696093363 20.0040947437513 -8.42310441346679 -5.43182699818029 -7.85199799679449
0.306003356761066 4.42320417629317 10.7285448859336 27.0655022172107 22.1910507889582 8.20114023403213 6.25350580838237 12.6114001807984 12.8708193335667 -0.266334887679346 -16.5163277646064 24.4156478384163
3.88189792101344 9.12265888136948 11.4307880517796 -7.87491395049397 12.1269255137857 3.63684038455649 8.60674387163299 -0.851147212622825 1.0573567651558 -10.4641397985824 7.50461324904419 28.5526328037762
16.6068424597209 2.0670281263467 12.4761358750154 6.74161226562268 -2.55998711933248 4.41942862310033 -4.97759364006927 3.11859403515131 20.1975265623652 19.0062119531704 -2.39117074018838 -5.84881848405455
0.0142530382724146 10.3583594667309 11.45287417902 2.35636214290068 3.5323939051426 25.3181576627915 11.2958412625454 3.30466057289832 14.3253807517598 17.8819582618627 -14.5330060268072 11.1947312361632
1.9872891132708 -13.2881317960197 -3.67272981545861 25.6530574148989 7.92098735948212 -3.89974041544937 -6.33813104271989 13.6855730507223 31.0595331655509 8.71456626630246 -6.15677606459518 20.1002400804402
-5.62573405768588 -7.21009320268153 3.31137009325299 13.5110616736717 17.3632435718476 1.80036146852073 25.689124969562 -6.87497094624736 -4.07084583141424 1.29991465620445 17.4649897479681 6.36272658446696
8.06124881272228 -15.8314144350463 -1.34847238265694 7.34188601068237 14.6163860692771 15.122019289572 13.6854388276014 9.09096872413031 11.6626669170156 18.6177261154421 -16.017524983432 8.08972061127179
42.2003425115798 -3.47042735952576 7.49026112272378 4.96904300641999 9.82949018393128 18.1536722996384 7.95303559751075 -5.42020518808864 8.8100952861805 7.45768712481743 6.55509007326039 -7.55406604933468
-3.41186100234998 18.5141567376121 18.8220860540482 8.53574158872971 4.89689161278256 6.17237980022075 27.4710727081241 14.8861572476878 36.4410537622218 -6.54938185288874 -8.30916533634202 15.5048567054157
1.69652551164188 2.83883536502859 13.69239518346 -7.71118849024776 9.90333706015393 -5.02800353935356 28.2748604719503 15.6034242010907 -2.24767039821957 11.2449050204562 14.14818258187 11.5578223139281
-6.52091544825846 22.9779399416246 13.5970684509042 -15.166456855265 8.3170274617325 11.7971434522902 24.5701936243271 7.82786411384443 -16.9053631134326 14.4210574731373 -4.57439113237989 10.5126136365088
5.06029973731199 13.3898453745937 2.23884614990903 -3.07347940623933 -0.467620079835011 2.17861883149056 11.4880166168968 -11.4360467946602 -21.7146825213459 18.5796060235948 10.4002885643072 -4.27932336441317
16.5207127012495 0.651866161844977 16.3291993168079 18.1845382275049 25.681666461027 8.40919262941154 -8.47675909422575 12.5668236413933 2.97385872979286 -11.066670720672 -4.67789961475274 36.782589794821
20.4365183752097 3.98526973621301 12.1734779337914 16.6826562409111 22.7682373313872 3.01203763283575 11.4862877212414 6.58713548196338 4.44818173081678 13.565761268455 4.77420319823176 -9.39408764296677
17.2277454422277 -5.11997637277122 24.6059169097954 0.640144468678099 12.3797667734562 -1.60956574831526 4.78497217182946 16.7084844533517 27.9253202199778 10.9616058368746 4.36537331131636 15.5922728049631
-12.3857736104405 15.8464696814882 -1.67196688761567 8.75210110897924 25.3212448248139 9.00619522689941 22.0256772362054 -6.06432381866565 2.92397330192522 31.1252751941493 18.8719103976239 -13.7914490053134
14.7386245301234 -0.185284129528952 -8.7265025321145 4.92518402574931 25.7571302426423 18.9902555150968 28.4440444793559 7.39621590830359 24.58156706841 15.798862803748 -9.05986585912425 9.89251492240886
-10.5199327672892 -6.01573359462263 7.88287303183348 17.1762466405836 3.80722484477198 -7.54759236296086 20.7924112675993 4.57450139331273 -14.7578837107526 2.91940320489226 20.5640561496448 -6.45592297205275
1.00744478585727 8.85637302746648 -9.48877900516571 -19.4038794231594 7.94494641352659 7.99553869166528 25.6538746586032 11.1112134597564 14.0319659398573 8.97713208776479 17.0768059817024 10.6523433598698
7.04568756261997 -0.968140732526732 6.86498856661851 9.12599936564886 22.238601147212 -2.1067348502828 12.6009045514809 9.76692131908496 15.2767189664464 13.502580348404 3.64806112909812 -4.24006537798316
1.435975604502 9.10673549438986 12.7692687856412 -14.5840627732502 -0.718865198741848 22.2620031028547 4.79488669106657 24.4662610673231 5.49944453195168 -25.3330697595561 7.11397524442938 38.858553692213
31.4391804450822 15.1318978023003 14.873462770951 22.414604070978 9.54360175273919 20.1117528882586 23.8421225755621 9.59083931789116 16.0445804090013 3.8653771707406 -3.63687955731288 5.28416581173959
-9.47737659288438 -20.9947390809756 6.27918752691451 18.9415335059158 25.8237986388918 12.4637188908114 26.4150570271874 -0.967908038767847 32.3126765959753 5.77758374691441 -3.30569939481699 -12.12565713558
5.25093327943677 15.3497139834608 7.68443034702917 -3.30363655191688 13.2778773524663 16.0161603594877 7.4491796420569 22.7931064752598 19.4940201041155 29.242424063133 -16.4644332515142 6.9187764614588
-7.13378724083113 12.5432677223062 14.921276077372 15.6352447087964 -2.02583949650242 14.4789276779398 -6.90861396189515 24.3802624619897 -1.52793116978271 0.917169417824935 -5.09497632028566 42.6656252406702
9.85189063646664 -8.02545972196454 -2.97598818080437 6.2403659660356 -2.61897900904695 11.5393025211909 24.3418199849635 15.5966985364547 20.1529364182116 -17.4861451313647 -3.30833061075476 20.4301378120324
13.0696169059742 7.35112519414404 16.3213747484562 14.9138753460498 23.075468978436 -8.86124392823825 9.65202032350606 28.1044069485128 4.56742967397082 -14.0905483322462 4.92690887251121 0.134214855274363
6.61436127856917 23.3550529921156 22.9150526441747 11.7812485066303 -4.18573430053552 13.6976381827363 15.6069179751047 3.43854243793608 -11.1812689362961 19.8218188842003 -16.4413155393324 15.84138678438
-15.9390277892998 -13.0306340478193 2.40415149302902 9.75767846853262 12.8578231842487 8.89458297696648 27.8659248749151 16.4225488384732 11.3212662285897 18.0933266814108 -2.88412375106273 27.2109934187608
-5.69803015052194 12.4545737191511 3.94831682535123 -0.0240598947727957 9.3688395201375 1.32045506874729 13.630145979123 7.38736608338198 0.280406595287339 21.8037464173919 7.23550340315273 19.5663514023631
22.6549545491775 19.9896117779255 23.884535771625 -1.36556532261073 4.29117972277923 22.738803280757 5.21627528165692 10.9431430263168 3.02754506952833 20.8563905687239 7.61826499561191 5.13838911955861
8.90008896120594 4.0908343412055 12.8546007494852 13.2840769960844 39.457846243883 3.72734269763608 27.005323523177 1.67924106210666 26.244297643237 22.2063054934538 17.3834751966441 -16.8748397343413
-2.16229454681684 20.2315962861638 26.2426067070657 21.1495055723798 -8.25356334882717 -6.58938184037369 8.15892664208271 17.5400160061454 22.9676277843286 6.99696028047241 -18.2037545507404 17.078857211133
-19.6150531690499 2.28327912789647 17.7498619370237 6.86571177217705 -6.29052445871646 -0.973221521353451 9.31431980053686 -6.8060977824965 3.66785905905796 13.5562907593177 6.75703094571832 5.09067647960479
-34.0607896927482 12.7809959179191 15.1521853687168 0.217151171123152 17.7906278882926 -2.88417846904707 8.54352147152772 8.78640459518411 33.7117476966287 10.6172226486711 5.78557961078788 -15.4293380436363
2.07995873137396 11.2416953904132 23.1109240009233 4.63708639780495 31.6391967680174 16.5549675330663 27.7177035336483 14.3046682384795 -2.17668148253401 3.75148555792155 -4.36577359998047 7.01760733220173
10.6126586969622 -3.20219033418131 -5.43948739336513 -1.23503627369483 -9.32831852251791 -0.662322486509018 26.9702679567762 1.29433075024578 2.76584727256013 8.40350168625986 18.2615732235836 -1.60712873274103
2.47972065034493 14.2346859890183 -3.14170672178865 16.9476974630929 10.0691770993883 27.6076419509355 3.70874140534112 21.2682780713823 7.78652465274293 14.4613581442571 0.134981915065842 1.75503096350627
2.52076791511966 18.6367111233768 21.4812564421288 7.24237462270415 8.2913105130388 -12.4192314942864 -11.9348320907109 13.6143329559481 -0.211904562325966 2.76430081292772 -4.4524018861984 21.4637542714246
2.1174444282864 14.87286966328 -6.71359940931574 22.4955305960525 11.5589525930654 -11.5021435212657 12.08692181045 7.99189635890099 -1.44819889547072 1.07368352753335 -12.9001813085211 1.67086808002228
5.23916795512052 -2.49213005672215 13.0139425623028 27.9426972705357 0.95683285746668 21.9699467667608 24.5269855158792 23.1823538754587 31.7085866787132 33.2771625754429 16.1992721367409 1.81088662679958
7.77729776853558 -11.6204170312047 0.504491757341839 14.2673958964659 11.6967102493497 1.3262314154322 -9.45498282056186 2.85675111564998 37.1686102065879 -22.1003645181168 -10.3003326934592 14.189588420926
12.5192112786824 19.0477025283502 19.8145599210043 0.56018455923798 24.9902585259915 8.21969646709037 10.7879079193637 24.1308620373185 12.5825408145378 4.52052193634633 -14.6159739186931 13.7930485345001
1.18905344558745 17.2243908826228 30.5608938498091 10.1327910890556 -8.24847551780444 4.15741718784287 -9.48301920135264 13.5343774340377 19.9538753047812 27.0884174226077 -3.01901407521002 16.4082210393753
1.66076796783753 -14.9947098022553 10.157323304338 14.5718915006718 10.1045253352345 16.6664805217136 7.06664644692002 -0.366462513937151 22.3853113149112 17.7238326632929 -14.7907816367533 1.09635768709211
-14.4747973185798 3.72497924919332 5.79278761996111 20.3306796841272 13.9324935304739 5.5981733061914 23.1739999967349 21.1812207633072 4.17034885329146 -4.40412203186602 -4.75510224649434 0.295662491761222
20.8745528465882 13.9880751875245 -5.04081782468648 14.5724970771931 10.1650567741516 7.14839828792131 5.67796317608664 4.24569064419454 -4.77572344663503 -7.72387217892141 -14.8449122569758 0.767864451794294
27.9113010196848 -5.58837313681429 -7.61336063026798 11.1803265323795 3.9903782007925 -13.9073066068872 29.7236136769465 9.93135833300773 -13.7723486101519 7.7297093278434 13.4328572198519 -4.25686204336508
5.32075342083404 9.85152282209255 4.95620150310861 11.0694126517616 29.4030098016155 3.63488985268271 27.7978159154727 -6.82715086857757 -5.63117414002285 20.6084071104537 -2.23182651437059 -9.20715907068578
1.97521388201944 6.15299701925067 7.10101294241922 10.4199862043744 1.22167600883217 -6.05429072523704 6.8811126024672 17.2302092980202 13.2395409693203 -1.06167827514608 5.75258627975694 23.4553291191631
-5.76688539617169 1.60867411338305 11.5919977701209 12.8689306621675 10.6360915850151 4.11728674292184 24.1164698773823 19.6817908383927 3.57349914481716 7.26180318443422 0.227717153815336 3.75118489207795
-0.78464917624156 -13.755674012604 -7.90796311132921 -2.81674468281068 6.05697885898823 -3.81746862578049 27.1641848991252 9.03380412487309 21.2750482863885 35.6043130289655 0.936602556701969 -7.30568282678795
-16.4359524363612 15.0518476385274 11.2544497762631 7.01830341460425 14.3993992355223 -4.06909636419053 21.4873583778344 18.3389272272374 12.0320425363495 31.236271092685 18.184676626639 10.2537206065851
15.2408830897467 8.29630431048405 15.4484614996839 11.929921208227 -7.72410278924076 26.6595313409585 -13.0603954730838 17.7665119386369 17.2213799896965 15.8266264765142 -7.14659637618849 -7.38020106874944
11.4986594823606 -23.4430651455004 21.2518387095468 -2.53350765519615 6.04606855483484 16.4377099633993 21.3009305069874 15.3429171158478 18.2118797583281 20.6100366468958 20.4458211170329 12.9233980641146
12.2369533428261 -10.4653902728915 7.67643942604433 8.99705083355 -6.70683025979613 14.7294052462621 8.78945509949812 -0.456729792417674 -3.60185163508685 5.22088201896351 -16.5308878003257 10.8686418521128
39.4613419023989 -3.93773421838199 9.71360174583278 12.8425271702726 6.2683658817569 4.04642144786475 23.1345709884155 -7.87691815850437 10.8876163307431 -11.9746392732433 17.1354386198671 -0.433087146219304
-6.96500127744892 -8.75520592374238 -19.2847031327279 10.9751675898487 1.60646398167625 4.62180351071184 4.9952302541318 11.9843487035231 23.5233622391456 24.162388144691 7.27654245843126 18.1506700720023
18.33122889669 -6.31735007769536 1.8118560226543 0.466461363463142 5.06792572696406 -33.8259320716559 -8.04079442268988 7.63470528413711 0.442744237682602 18.7075158249599 -4.11261874767081 -19.2052651884871
11.415880531432 8.73682470165699 0.407185917055543 5.7338971877533 1.50309557630887 27.4379941442164 -12.5339432856043 0.0118651224937292 19.7572517350315 14.5737421309157 -3.97665016806398 -4.4355990540365
-5.59566779117765 27.3915352000275 12.2582071247408 14.5529151761101 -10.5528096745351 6.96902191073757 26.0641153620494 -6.71830262514929 16.1617811536822 36.2144393673918 -1.36616350213349 0.195306416561758
1.4116935694516 4.98688397857038 -0.334620343545941 21.6839906785011 3.27255252969396 3.64861663564177 -6.1910611264131 13.1687823417587 27.2074286755161 29.1258142548968 -5.553727564867 -5.83257359750651
-1.25117850345429 -8.53065942399151 3.12376417779858 14.3398936623376 3.9229491558966 1.21977010953799 -7.69727047966092 4.23384272782855 3.22832012982758 29.3686271331416 -1.99771920543534 -1.5671111448774
15.0136114352541 -11.2297274572831 3.69043402043034 12.009063080266 -14.9310372909998 9.18537823831558 23.2150030186147 8.26750699747772 -2.44448304310056 20.3058556850357 17.3575195812398 27.5736870136451
13.1866384774772 16.8128845877799 10.0654362313875 26.3469972857823 2.86528033392407 4.82240728385572 27.7472854405675 23.866581142946 -2.97162014953121 24.0163311240378 -0.475931026729995 26.9749353875224
-11.2401503827186 24.0010320052151 19.5622704541338 1.67995688610138 26.971264464988 -0.0485512792412619 -4.09671053424398 8.39117922613865 17.3955830610087 22.0926161467495 -3.01724562441716 31.5381119663085
4.22578820867399 13.8458762821336 14.829067424559 -3.63059204910188 -3.49427255172365 16.6905420929992 -9.65887682584583 15.8595930161787 18.0771882104014 16.1659153082546 0.0453737268367584 18.5299927603891
-21.1104560782111 -1.30777008974966 19.2212642650411 -7.66761457045829 15.562035082531 10.8856823683616 -8.90722844319223 8.54429883174082 20.5106990169997 17.9719417150529 -1.57496432960113 27.6140908537227
-14.0226988506696 -4.96971103927154 16.3060566896504 9.78169901938688 9.40185984985485 13.8614882251981 6.67468892125177 -3.09978713890061 -13.1952420431692 -19.7210824186598 4.76512689428243 28.7228134094499
11.7767963767228 16.4103011397484 -16.4901920480852 8.33056954925568 3.56892231330586 -1.30823328057971 14.1078577900547 11.0596291492935 -0.899088601719059 -31.1400283598259 1.99074518728731 3.97025989326615
3.55865627772368 -9.8796488005739 11.1283025336883 18.3044897459201 7.03580486575416 20.7593108565473 12.7861701895656 10.7866767435228 3.54999308771076 24.1630404654737 -12.21850303092 -18.5200464607083
-1.53153395084207 -1.08426471653557 5.14320965230102 13.4262194170316 19.6257809856881 8.99376437989232 26.5542285929203 9.40688117579966 13.0874985142775 25.3334107716107 -2.42823943101646 15.4209116166969
30.0193522459147 9.95330129793247 -5.47690754111405 13.4997210081725 -4.70442284770705 13.546894145331 27.4279032877509 15.6942759587799 5.65982984516985 4.95949737209471 16.8799865109778 7.14143476271652
3.54573870950021 12.7957451665783 -6.37058427414645 34.3863898101938 26.1332998216946 -2.09817286586368 26.1342669854705 -6.76104290634511 -19.5460861736681 20.0832022656226 18.0530770516915 0.152172964967308
28.8793202383423 2.29453941575235 -9.87330149137148 -4.26621445852454 26.0911673060248 -1.25268536730045 9.24576682895242 6.10974304664082 -2.25749229615654 2.96709781262492 -13.8224269137207 11.8349738726812
-17.3614974923628 -15.0229393041207 22.8082154580454 -6.89449635148085 11.8319367284894 13.2525632555576 5.44546761815011 10.3689566983082 -4.99158591641623 19.6599269587441 6.12255296344048 20.1574804838607
-1.69476287176798 5.74622522199406 -5.96674010825552 15.2369479128371 3.83506882182904 -18.9261562027546 -5.66853218250187 6.29522302089628 11.2374889845885 12.5044955332769 2.49238201264318 9.3192590579069
7.73369220004362 -0.0308986260174882 10.0322196170256 -10.4915805492375 -8.03887265580549 -6.64125304674918 29.323018166054 6.46559961106966 23.2948076675349 5.48578581192199 -6.28753985561537 6.82416862274992
14.6451518494513 13.0596405444387 9.24557687349774 21.7854617837344 16.5673452335976 20.7134499751974 20.6150163804089 17.6304612096488 7.31741062326275 7.03261229774461 -3.74144161364813 16.6563414644294
-7.73898227798889 5.55693694744326 -15.7663697583218 4.75736527243763 9.73124097681584 1.1600061237075 -13.7892102672189 13.9924202940354 13.832553321593 -1.857564750183 -0.972579951027705 19.0523034568105
-0.941122442657433 8.67352431067019 12.021299448955 47.6099831326479 9.63942413921892 5.82454761213555 -7.42819753888715 -20.6341386587253 16.3326833334998 28.8825556848562 -8.68229487012589 18.3846535490916
1.13295155692153 6.27416184559006 -10.3965186227751 -8.07330570889106 27.6944516610945 11.5702435204678 26.0424355144097 8.08030353992577 10.6085290786251 10.7043308688647 15.4108805646829 7.70420925777973
15.2621652214843 5.78244561572262 20.328959410909 -3.26640584813193 -3.67580743731829 16.2677480631387 30.1513841820189 18.7056891053341 16.7141359091528 8.51846044330092 -4.37969771250549 23.2126103824103
11.4616356988812 47.5961447904877 10.6370572860714 -1.08515855185911 10.5927010598691 23.8986109058786 14.456317729793 15.2266458050431 -18.0682455315757 10.2735842352225 12.4754387060151 3.32016265132752
10.3355357022623 10.817513121831 5.54714425856339 9.48617454534929 -4.70419760470299 21.1353519405324 4.30401716475276 2.22136842990627 13.685346291277 11.4865399354762 5.6401935517758 14.9107428594219
10.9674440461284 5.70003671875071 18.8920254560253 10.146354674766 15.8539582705832 0.711258167161219 -8.24212854294122 4.20893368599364 19.1791506860882 30.2655296026192 -8.52524989669534 9.84320885299834
3.65921967095088 -0.285920288298011 7.74756042821451 10.0059895038385 8.39809879231138 8.97451299402078 25.426235885606 9.90499491254154 18.5753931230476 -0.0950515217384424 -3.82944078404474 24.5435057336219
23.7277769992733 -1.8839709390201 12.0311699235849 15.1688315150644 6.72078338784431 -4.17489642478852 10.6941173174488 13.1004512489364 13.1022400974969 -2.39493107608681 -15.1480131306554 -5.83901816442788
5.1650727390021 13.9487706474653 6.4479432928171 17.7314279748816 2.29111769801333 0.37904051642577 26.5396699535814 6.11126727605811 19.6920573214306 38.6373444445752 -5.5002730474542 -0.102482094781719
