x1 x2 x3 x4 x5 x6 x7 x8 x9 x10
-0.653349602393098 2.27636406517359 -2.0819040722162 -2.42155413676189 0.756295757741456 1.50826024048697 -1.61259109192114 -4.04329986510858 -1.19889319807752 -2.28308528447905
-0.256391010129587 -1.4310817649908 -1.88451227456749 -4.33341992532108 0.758420897425919 -0.157770762407338 -9.6856886408949 2.86433360117224 -1.45955473388405 -3.61800356417092
2.31033268991931 0.471141334118544 3.13069084611308 4.29731597575647 -2.20986239318552 0.547264568580623 0.309016229111801 -3.80045632126124 0.788933287575154 -3.26885443316364
-0.979216945555919 -1.05808298989665 -1.39137719045973 -3.91971289895117 -0.540873898827792 0.643829642412928 -2.73965462967504 -1.82845962386603 -5.26710762837337 -1.43267239107164
4.38373579076702 0.85788606017436 2.35289667557181 4.92166412124694 2.75112532305298 -0.865131810555863 0.59900192240169 1.54798057904373 1.1011856352381 0.834169751268523
3.5830114064223 0.220735250484393 1.87366083265167 3.83356256030051 -0.434425253218165 -0.781036992663851 1.86015431262002 0.399154321414323 0.266679918677424 2.86221078423865
0.376603970939107 -0.671754636683014 3.33050697629846 2.27367291035552 -6.37206497567671 0.0627735981394093 0.949276305546062 4.33942070857536 0.733510075254843 6.27646784530345
-4.48186468408633 2.66784131524191 0.312927023609984 1.75685179144784 -2.06264282097287 0.0703865146103314 0.182449906876479 0.0591062309233944 1.79271382576761 3.6322249491195
3.35397372472879 0.0532192342053645 1.75349708467287 5.46629274338501 -2.2089555383802 -0.271843418751812 1.45773372241561 5.08388040523896 1.46807791019468 0.73224274685636
-0.872013521926742 -5.33649155681497 -3.58627824051928 -0.824559326436226 -0.241374341301836 -1.66112288330841 1.75077310312349 -3.292028792519 -5.80737418417337 -4.06259315484638
3.18764956955143 1.77629882535599 2.78973775442752 1.14368256875713 -0.841967464253402 0.0953763619665061 1.21771352597297 5.09615726205503 1.40580913423098 -3.00010096157349
-6.13787204374306 1.97256427905367 2.27429153283676 2.22266912029941 -1.51439384075683 2.1488830294985 2.6657166475126 -0.717805483585521 0.898325176621825 4.72458095480333
-0.988213230634216 -0.28360983697844 -0.741704934913612 -3.3036970516814 2.43511116641846 -1.89240296237764 1.61220684475964 0.196378532335383 -0.204947327188381 -2.64671686687721
-0.749153699292586 -3.25337019845716 -2.69140800794992 -0.499618377640724 -1.96637981360436 -2.77016658757142 2.91387124136797 1.90987305877135 1.442337740222 -1.36309243626208
-2.37078387177561 0.39609400914518 -0.572399751221306 -1.67001287011102 1.56836739541179 -2.37101073501328 0.690924824433377 0.470535568908579 -0.742338510135058 -0.157308388086442
0.853940189185834 -2.06440968188206 -3.61502651987074 -1.60073609648513 -0.375548490327851 -3.0383167611884 0.504384919595328 -1.69633593682576 1.86937647753846 1.60753965109158
-2.64698041957366 -1.57860083239587 -2.53091872822613 1.14644670971157 0.679159361238762 -0.356356021004937 3.64103301842264 -1.00608483704451 1.02285827123073 0.404557596873274
0.51972604961694 -3.24980866268023 -3.05650431017037 -6.02795348774471 1.54651409180623 -1.12094363247847 1.39671157793319 -4.66097855037443 0.562232263369001 -1.29270664815437
1.69723212388726 1.42165329559108 -0.214576566897762 1.84392790352431 -1.84615618270022 3.18823488320839 3.16034117810942 -4.91012711678123 -0.340810055149378 5.90295455782951
-0.0611647386927505 0.715260339340639 -1.51826121233844 -1.3409362043605 3.11878994216952 0.343900971024747 -5.34540553133112 -0.717191614342592 -1.2398155929779 -4.75196694402397
0.276185719131324 -1.71534165998342 -1.48321540634879 -7.16394477457831 -2.55930032272282 -0.0289899565733254 -3.55343712772455 -2.53446839810391 -0.584270741941438 -2.45238753510571
-1.93284185713418 -2.87021848661188 2.49767804242214 -12.2153581990935 -1.13623494322887 1.4872526612202 -4.50043487685412 1.39666753274825 -0.659750001201084 -1.06351996260207
-2.23409385908004 0.510583975272294 -0.44779059171581 -2.02681635834134 1.66078478712274 -0.485335944157178 0.811639312733409 1.91712202150621 2.97594470533013 0.729427015354172
-3.58346364717638 1.26460611340534 3.58802545228756 4.00402257647246 -0.463312620843109 -0.591582348002783 0.547920705040333 1.07576380110684 1.29088194066876 1.56736245856576
-2.02330137132906 1.75939245706904 -1.71267439311997 -2.60002490034679 -0.961901556349814 -0.000816822070446976 -0.457910081218704 -1.32978610106394 -2.20946172237821 -2.08022966225246
-1.49421485700669 1.90693630915724 1.95984703356317 4.83132669693898 5.88124986447153 1.79271356116148 3.11957670630784 -3.87621791923363 -0.895079193674316 2.81168202655716
1.81311090627711 0.714689551848621 1.1176864473268 3.45466160877594 3.80105016172798 1.01524455730023 3.13863043875295 -2.68246702087193 -1.38053747383071 0.596894842647645
0.393632635595231 0.994731230932988 3.03006140571103 2.87626168104342 -0.950312137258388 -0.935134549865136 1.82518044344741 3.41894028838455 3.18537121222591 -2.22474929741708
-0.171546742607074 -2.80054150640212 -4.07259753695621 -2.52781775055517 -1.85557685787992 -0.861889430946105 -1.51750041794306 -1.1458320104171 -0.852423998468182 -1.45326926258477
-1.54648489476128 -0.160149107871377 -4.36595497963981 -1.55924510005468 -0.482705290055748 0.320277328134378 -0.630024846395763 -3.16738836342107 0.30188428443767 -6.66394012439354
-0.377826018812855 0.694228710041683 0.935577090805023 2.04098836672564 5.62310862161878 1.11481697700586 2.68658017997265 1.3942978766666 1.67011619676755 4.08261164205207
1.51269659210658 1.60795224555752 1.88075547383337 4.66097456574501 2.1071609811814 1.05020070452723 2.56717696060309 -0.423156371184362 0.695772115446871 3.74638912057959
4.88387314644175 0.0089688722108392 2.04252303577543 3.7628620824279 2.36636022314666 -1.32555076134323 -0.124479406661643 0.302145683527969 1.36497198064322 1.56690018644933
-2.28279012345841 -2.26628174885029 -1.83458484890898 -3.12310214019191 2.79506824893049 -1.18840321611314 -1.25483615376157 0.787098436443679 -0.163993016464241 -1.1473745939572
6.36139950415414 2.9489487973841 1.32462510378585 2.25567033108195 0.910502771883231 4.3201544164698 3.29860064590207 -2.02629392868682 1.08238826413798 -0.890491209839206
-1.3774875107311 2.40694209616799 6.04371188816801 3.03740838174503 1.24744056999588 0.150802870035997 3.73119820760728 0.123048665487267 1.20184097120512 3.27096187326294
-1.46815917318055 -2.32859853727878 2.65063648883277 2.64231199296527 -0.735569428716477 -0.145224887968791 1.28664919771237 5.73837071118243 1.11871800942341 2.40952591872563
0.0271325059445436 -4.53904643761635 -1.49622046350891 -1.65070181688338 0.712065296810956 -0.992753353344595 6.08896420937395 0.627293103491192 2.0465310535375 -3.11007921246392
-1.99500691731442 -0.924486428805108 -3.88412229478633 1.19080340763914 -0.968612782258948 -0.0758281865728512 -5.9176998038143 -0.844560868994997 -0.607562168518328 -0.445345220791899
-1.14960635894804 -0.437518128626888 -1.37296653242053 0.581652752955828 -2.44289275460046 -2.01034504060223 -2.99053938217997 -2.10324505532971 -0.0839034738791183 -2.49006861405463
-1.35986695899576 -1.25261510996714 -1.28009796267051 -2.18379652016202 2.39202681660138 0.454552040627755 -1.25133416407477 -1.84971486624097 -2.41087110196213 -2.30092323263553
4.60042707474645 1.55582872137548 1.20897861695437 0.936249185856781 2.76192482246361 0.537440379196787 -0.561346991798383 1.08269515907678 1.80235092715032 3.0915986819551
0.979703076577245 1.23021004017259 -1.07892227889148 -2.60574847282715 -5.36534411456543 -2.72216976655477 1.33560959156401 -1.93640067654515 -0.084759527524006 -1.64789016002081
-1.81688825761843 1.11569277794605 -3.67553043159115 -3.08552477651355 0.19749786133107 -0.244914873151458 2.82574353288198 -2.27471005747158 -1.9394740466211 -0.70208876166284
-3.83862636738504 0.890060082631899 2.1609996881074 2.07323807960017 -1.11220168916503 0.509201796139496 3.89769388697962 0.465607491454401 -3.33698583807894 2.13536279348978
-0.976886546484864 1.51557913262786 -2.58244231547462 -2.62899405188804 5.06500762649884 -0.321895076715472 -3.12932713706383 -0.679701720246292 0.847705813479157 -0.0479954874789232
5.1514600105285 0.332918323706097 3.03575408317445 3.49496322670754 -3.69419038663901 -1.60757288383184 0.759937071047568 5.86421650968368 -0.214169749043059 2.76036519874222
0.345814250314851 1.40047500562239 2.65066920347026 3.51728437993083 0.904373214650045 -0.468561695231386 -1.21369935249817 4.73944556147817 0.378404660794719 2.85201873206194
-3.22990944013078 1.50477336979579 2.92258909092785 2.76304814871756 1.81690411723906 4.06769673533169 2.62532241770655 -5.59133153245476 -1.55689840886342 0.957209911897993
1.81388398831846 0.129333694173086 0.19613383784306 1.22157686885816 -2.48526308213608 0.807259894791412 -1.00787565602658 -0.0410883422667914 -0.331988047163705 4.60199375772221
-0.213324260970972 0.913656355057077 -1.76701983511302 -1.60223176241932 -1.68168755877837 -0.840967446658502 2.95135507240628 0.778777488358776 0.950083120900997 0.108582253457397
-1.30631057631046 -0.225138047857723 -0.566946975425971 -7.97446912139917 -0.910028996376575 0.842568283089684 -1.09613681099038 1.76112664849559 -0.883829637230363 -0.874784406552443
1.6878164270666 3.1323491555091 0.593780308730261 4.99456208425808 -0.178792601896396 2.38468412569527 2.21565138987183 1.35158761317171 -0.301023349219212 1.0740217311684
-0.731145678394246 1.91973535277951 3.68374892636496 2.12923181440702 0.068941821718106 -1.02548884285883 4.04720087119459 2.51243036849137 1.32699104147735 0.169742294233393
-3.7069280272558 -0.737297215800487 3.11165996069382 1.8484860613551 -0.25279591784249 -1.36328845602146 3.26640997700295 3.26366904803126 2.32392456544334 3.06479050534386
-3.43792036815394 1.16049826121835 2.56584668048056 -0.062896983094443 2.64143506633684 2.86091585117009 2.25136373155589 2.17423284500118 -1.17623809469183 4.10079911349883
-1.07275851147694 -4.33485835733712 -3.51391672307858 -1.48884544694722 -2.42095270820839 -1.15214166618956 -4.13822422242301 3.38736524268103 -1.86253840889982 1.05395043540372
1.05787168356104 -0.955283778293583 -3.55295020575926 -3.49107533021112 -0.497022094219217 -0.0615229221368647 -1.40002321399608 0.385680046819828 -4.52643300834495 -3.88346590019644
0.7546032896786 -0.834214982914932 -3.79349483753532 -7.36866228951025 0.283613356093921 1.16886627440715 -2.42945209207086 -1.16431676886206 -1.09067322289335 -8.863304413634
-1.0717037831666 0.779555620323553 -0.156686431589327 -2.10496685836096 2.55270794870964 -0.731226710285238 0.0270471582891647 1.36060147303871 0.999869492193519 -1.48368601732188
4.95459490561484 1.8957665646246 3.88976649558815 0.731568418763578 -4.89812121589749 0.831382801354694 2.40373259442537 2.55064895094252 -0.564147197169005 2.48234255832482
7.2874258222871 -0.76093029703386 2.94630685541161 4.23677247254312 1.22430058220509 -0.313752605559763 -0.494956316108544 2.55221595684639 1.23260091394249 -0.0202058864545878
-1.61193855160779 0.420687410467962 2.37590507945287 4.13877272172603 0.199267332923667 1.22960547458473 1.16372978156969 -2.77054827695226 0.673821418831119 4.88736953653154
-0.406078994563407 4.62786374018587 -1.94456840606053 -3.09294861718121 -1.27815833871971 0.239899583373919 -3.0485726360027 -0.156318235776359 1.32469878287806 -2.78040445187162
-2.1048123034721 -1.00615214475037 -2.3802760826977 -0.748387044635826 -1.2739229398698 -2.26617046203039 -1.28879163639402 5.41786550721592 -1.75626088949648 1.53737865719286
-0.166542074212914 1.17605974591183 0.896984578363477 3.9617749050882 2.88210334465537 0.66447136051648 0.337219611515329 -2.3051700595505 1.01720498569348 3.25331933196715
-1.09664619595929 1.36313416127593 -2.80710272497035 -4.94223400781299 0.770157889255563 -0.331125739138053 -2.78095842548553 -0.22092426732193 0.42326248739759 0.934643752785066
-0.887572509595726 -1.06052132415801 -2.08594808292595 -0.173085218334852 0.640559737503688 0.21998511111629 -3.05235696046573 -1.64965217666026 0.580730904964973 -1.55325336529114
-0.220783240533965 -1.04827089000094 1.7788669454143 2.85804309351588 1.06312143491974 2.33437343507368 1.8214053182583 -0.157318303552153 2.45900257189307 0.868620547044631
-1.55959090063304 2.34703604733131 0.332165527686765 2.99505511838285 2.67795361944516 4.13808209892805 4.77680701679339 -3.45590688600619 -0.0718052799842055 0.0883300003378842
-0.921495087049275 -0.596124495750702 1.71911859167995 3.91236136338348 2.29866939444646 1.15667548983873 1.61148631229024 1.97186786188829 1.94516000883479 -0.816521773250086
-1.31702364431312 -4.03065540349003 -2.38516039912043 -5.51459140043917 0.178451854169986 -0.0915398087434275 2.13261825415791 -0.124891662200389 -5.55094940933738 -3.61727660921798
-0.31493536296517 1.59536517794362 2.2043037038994 2.93962742017523 3.48676168803145 2.41672665915285 2.58521233151656 -2.72884221007779 2.84024751072671 2.13234858958636
-2.1564621153284 -2.35126964375313 -2.21746889403601 -4.79151675564343 4.17461346540163 0.485249179576499 -1.89902682999488 0.370378799099139 -3.19872681743388 -1.39300304355674
3.42297406410648 -1.22183165051089 -0.0381640371752647 1.6994736321563 1.83903464808984 -1.06674831554953 2.01300013630903 3.10215211986734 1.90886799796685 3.01000015207261
2.02646812666058 1.28055434910418 2.63373726767679 -0.598077319274501 1.42736516481978 2.52545031690335 0.714443087698974 -4.04296018128866 3.39033881415368 7.727299174424
-2.85846359612349 -3.95344097889334 -1.66355735965671 0.372248585937477 1.33297857425124 -1.69532735202432 -2.07757518985725 -0.573158524889494 -5.59438699028817 -4.11896095202473
1.68015619094895 2.50711395090484 0.21565750101707 0.942194077319397 -2.37882030937662 3.02588389447903 -0.893213102271774 -0.354575834444548 -0.140246463690723 5.10953479639947
0.363048957297052 -1.2238009279114 -2.29954277930062 -5.13371531506408 -1.38572464138432 0.0112769578962911 -8.02549382053821 -2.32568365945722 -1.25187273007637 -2.45911901331961
0.344290110647734 -0.0689167380669277 2.65856062732261 1.54349699498552 -4.09401654503766 0.104839535334828 0.855302804771232 2.16663896544449 0.406787065232962 2.33890647363397
0.148114164209944 -2.59963145619958 -0.498448028059921 -7.09187977093921 3.18910267850342 0.879773338628816 -1.75608320727305 -4.00642226153861 0.120869031691749 -2.79961718446217
-0.332641567398222 2.83157267174053 -1.63622587255807 -2.83218266609957 0.0258236233090513 0.47707878812885 -1.56774735608848 -4.01809358941881 -2.09299654897809 -3.07242733420395
-0.377700778227312 -5.51598591272162 -2.71894131720984 -6.38215380318041 1.34418967172434 0.0741501920488028 -2.21875402311561 0.694286207402949 -2.61060113995685 -3.36022893090583
-1.28599936277946 0.866912530343889 1.60541773870921 1.74215178121876 -0.775525190632034 2.41474381807698 0.0363488596837507 0.0248574404485549 0.990971931971627 -1.48445264430626
0.985347699896584 -0.228906027551093 0.937524734581984 3.01651101743339 0.155340749804501 -1.65262214631555 -1.31915166685322 8.98059481741678 2.48370746304579 -2.9169107728295
-2.30361338444517 -1.73374668689928 -0.00353740767355815 2.02031543467413 -1.55314743151032 -1.75436097689719 3.80576859216668 1.6573124018853 0.121255673107896 -4.41719323396182
-1.25712917592641 -0.914395931292491 3.79180403422491 4.1194205405511 -2.08262824092892 0.262517277289698 1.3106572573652 1.33076877363497 2.33146948382081 -1.11280362619313
-1.19245928459044 -1.84968085606168 -1.99192997028809 -2.23862514649776 -1.00771020754929 -2.09791159693152 -4.87167771577749 -1.03289108113517 -0.388583739256901 -0.0153755127641868
1.40889266176227 -3.92062661237153 -0.816339500672128 -6.96742269449957 -2.84185034712473 0.993438788130336 -1.34664406301568 -5.95538357583133 -0.303201133800379 -1.5593407073732
4.94601471667965 0.365863391902802 2.16426020392295 1.86576106796349 3.35551907239455 0.478659611192561 3.88841241678825 0.421440346147257 -2.02788978313062 2.70468217703496
-0.0325171290846943 -2.5664695366707 -3.13497941465493 0.555063638329778 -2.16345893072909 1.05217865884602 -2.89992369830183 -1.86733228535041 -2.95856256309832 -4.07843504221912
1.15830303567325 -0.371396771086725 -2.03582354978835 0.0110673847617591 -7.39869232608625 0.643229119633594 -4.40060834454046 -0.846608236963323 -0.895955545965147 -1.64130794059331
2.8872941138777 0.334811824517665 -2.06683911921959 2.43694535682701 4.67165222124765 2.09773465819353 3.55012811138917 -1.16377248524551 2.18716096482782 3.56750317947463
-0.055692091685039 -1.53695574228792 -2.45192989949793 1.69776384084503 1.87487634631935 -4.02654129667382 -3.76152724743857 -4.4597438223435 -4.53858002219968 -0.574718984973309
-0.0777370637601662 1.60210786546165 1.90486797224149 2.34007927883807 -1.60959504008237 2.78599866928362 4.02159364637814 3.25347102073427 1.15664875055732 -0.963656567783455
8.95837454307229 -0.942281787831571 1.92995095771835 1.9317548508181 4.28615797266289 -1.8704908528187 -0.710203939856852 0.474015800420222 -0.654770040465534 7.53522960566964
-2.19232423879413 0.915448052031814 -0.0112669851622984 -2.97257249013239 -0.144965170566819 -1.03721600799413 -2.85171899422483 0.170216824641759 -1.64757649342963 -4.47056450257389
-1.94671601123339 -0.925719617579325 5.77143565530629 0.688387951368427 0.935063322798085 -1.66291528230739 0.362511095032949 2.64527651899313 2.54851838630129 2.24802846555196
-1.78504394838862 0.329292134992465 -1.69544259090138 0.243966642544403 1.53326514041194 -1.68501441256931 -0.104933497249491 2.83350860194914 -0.609144624988184 -0.355480553394562
-0.404235751356841 -0.55462234829145 2.29162958488507 3.30400038572636 -1.16452393625152 1.37102674583188 1.62585451676416 1.27390523014593 -0.474963980247051 3.05086969523956
