x1 x2 x3 x4 x5
-9.25965656444415 -4.28914900326708 6.01191427432365 8.69814282274695 -2.78533223849871
-1.40094313473771 -8.81189983114005 0.69350154427305 10.563991817523 2.08323729383584
-9.73899004006214 2.34163453438157 3.10239893198732 8.97231393557994 -1.07519610912149
-13.00286289116 -2.65488764505494 8.28186573449106 9.00339523751528 1.11477785988353
1.49674326689355 1.36158501472333 5.31549048649984 4.90378521984605 -7.00554865943009
-8.42556412135573 1.1608368777997 2.87384447449051 11.5933690329074 -1.22173753665602
-1.19243403483615 -2.26483834246863 7.2463731744067 6.78505350588695 -10.8387542005491
4.08938511986572 -5.46848919449553 0.251941038338964 8.00387298260869 -11.3998961071311
2.48106670955964 4.58335027829402 4.13150003581594 0.788890086694906 5.43687189464508
7.8147697529183 4.40751148060492 5.75021861037511 -1.57627538078482 4.63353432014474
-6.87285907801491 4.92777417401047 4.05972885221769 4.21485705455292 1.75239353638346
2.85888099256475 2.0486246878492 1.87642237214656 7.36013024180161 -11.9705284211448
-0.130450218851836 1.02555446146392 0.17254348718693 5.00019884570592 -5.27122233159553
-1.37659945711917 -3.01827098382865 -3.08580196977634 1.87390577270137 -6.36639911738776
-6.7255409540874 -3.49519257182458 5.06852969752823 8.05641216279827 2.38622947934619
-8.49728144421362 1.19425329624551 2.98272929959097 9.13885591890724 5.67287109942256
3.53633631563446 4.26665061300307 1.66252942925509 2.54261982715718 2.40341121862034
-4.27655596144419 -4.36574461146239 2.68249976902728 -0.709543216687395 -4.01161324082153
-3.74544312010186 -0.421553341942626 -4.24211549653959 -5.66962515056464 0.281332044202288
5.00064632083406 5.19424856219913 8.8487860863714 -1.25854018637273 1.87583783571275
6.42608882264878 3.71203688134869 2.50915604469823 -1.56194332071734 1.67100352558833
4.81176517311261 4.63262906016861 6.40137222328691 -0.698064576292396 5.37259025563355
-6.16995262601459 -0.849711030667374 4.58552645217576 4.81141834104063 7.95184274930618
2.53544433452487 -9.72349431703019 6.7031276550918 5.20690996204371 0.460253292123664
3.69433816515708 1.22916229182306 5.30340815543558 8.65272897659619 -7.5426768984556
-2.09220158057796 -6.98688796963749 -2.29273404604711 -4.26116605318859 -0.0746810565130391
-1.89436716431669 3.97693232652695 1.86428396902647 11.0127820341543 -3.80921969794393
-9.27424692825019 -1.31704745652004 2.30051654270559 10.641893720608 4.17672099063319
2.16159862037776 -5.9545583155927 5.60033719753003 7.47710238823196 -0.786863937667567
5.00723204540433 5.95665573500083 4.23830428781236 0.316251320117939 2.25906293588523
-1.40947343296721 -4.62948565352989 -1.04123911970636 -5.8419325374876 0.90163049654709
-2.65746341826396 -1.51151954588554 -4.42329301591602 2.38513559873281 -5.12122636621081
-5.8702239147157 3.36806937265027 2.21697187257041 10.0291996745623 1.40300608539607
6.65063558269137 -5.07470961555807 2.88108826894414 9.92107301645281 -11.060075260557
-8.05020673736851 -1.17395786227264 6.13588386405046 8.28197603864599 -3.00765489290068
-1.25711823286224 1.36180668945884 -3.64729963157444 -2.50391920643675 -1.59810910351773
-9.99761230985375 1.17718426451711 -0.398332239586513 8.24440328593818 7.10092435506381
0.688799201708629 0.425556611285553 3.30331762109935 6.23222171069166 -9.51590728220136
-0.403010028585911 -11.9344718387775 7.5321741591388 2.7194729659792 5.64302111665516
4.34036067113213 -9.49763833852654 7.17431224504408 6.71770043487935 1.35707011339465
2.30441031444177 4.78500742143237 4.28064136852643 6.12443548691173 3.07657080899916
-1.56532807901407 -9.07945879656712 -0.347474934911989 1.88702545074659 0.727255950635555
6.7258736145144 2.3993803849112 1.75519361627208 1.66840577517864 2.95050505427858
-12.356476424783 2.44026990100929 -1.64413720830449 10.6185146201326 2.84792128091149
6.42142739009604 -8.43377991767274 9.92266101481393 8.98302538489821 3.04697196475007
2.11255534773847 -5.53147639417952 5.98170654606376 7.85276707083659 -6.22344087979466
-2.87341871227999 -0.544127785289967 5.08042958434389 8.25229747820854 -1.12324624645193
5.33473909536002 0.668898204425041 0.509728019550579 6.48952940235203 -12.264634242195
1.19614698382438 0.157909628493819 4.63167640607252 8.9307105070674 -11.7601798367105
-2.02508625150557 -5.76056648916571 -2.7397762852611 -0.480747631742676 -6.29152665606472
1.44187285732497 -10.1995423441912 3.00060937727021 7.96896981975566 4.88023138775393
5.10406681740806 3.91634701680321 1.2542287679377 1.29119388236318 4.57184572615133
-0.994875284696012 4.14865637055108 7.99384406016481 3.79606376334536 -13.6598825982422
1.92706274315052 5.19904021828945 3.86190921793333 2.85719944843872 4.60924208670104
4.81380800169325 -9.97229988391812 -2.84916261899429 5.17563630769316 1.46252781191754
2.88743425681748 -2.02722987376418 4.13045986754025 5.15532665944664 -11.9532358587402
-7.9214228499131 -0.462087783945019 0.913942117802844 10.4423261916416 -1.0778706437845
2.84257276373794 4.61067631316061 3.53669648445083 1.27428677325208 1.82764271713811
4.42503100621373 -7.76164837797413 7.09883464954547 9.37619693207435 -0.68742271220609
-7.96133844112714 3.15401865614082 7.41874962720329 14.6319558131582 -0.856944599660443
-7.06360530159789 -3.63139666521031 -4.2907400236813 -3.97851805502312 0.157489421298492
-3.07421676231263 -6.698709370918 -3.52932066841758 0.595835967494466 -2.8643991600113
-10.8463917145738 1.82542532196312 5.72683322964617 12.7912641958981 3.69043350110936
-1.60955034045835 0.356206006666693 -1.52576529628905 0.120269816469931 -1.85245275954493
-0.50271824089117 -9.31837106325229 1.46338624188457 1.06757164380274 1.0046096021676
-3.8767689420715 -3.42526202512832 -0.417036631686181 -3.827875775066 0.378034502291361
-5.00396645239245 2.29919489382758 5.22985356507931 9.97668098572903 -1.51817073640761
-4.74517383110828 -6.56199289719973 -3.86359125430343 1.37697956229642 -3.09358412324133
-2.42213122864365 -5.02963073553293 -3.82143872420271 -1.85962357763337 -4.57825272042391
-0.559968094150046 4.95119922630725 6.08076922965069 2.1419245666199 2.22843621462212
-2.68747985069219 5.20585819922036 6.11714605112823 5.44618180564014 -5.44015216103337
3.92644095180346 2.49586892040008 5.43694892555769 4.02792714823583 -11.4511495637798
1.95650694340261 2.4762656801575 -0.0153536681680135 2.13512604904169 -10.1094745871429
-1.20018256583079 -4.12263921565758 -2.97440681572132 0.689441657059175 1.88052564856039
-12.5216822326725 6.59493488772108 -0.937579353042348 8.00476917706203 -1.25267129120603
2.31789670168652 -7.56826268717095 0.789122364678499 6.46100933555369 0.392840148683936
-1.13833888695768 -5.34877563917909 -0.905815086360463 -1.17912330380677 -3.70896259256267
-7.23455623343278 -3.39300070824945 5.1113077271214 11.8429105963495 -1.21873814746654
2.66341146081491 5.88470250061162 2.21266851681337 2.24748828488153 4.68861527671275
3.59135189364295 2.10036303795428 3.86658425808239 -0.161375613714941 2.59433505184951
1.70526475497466 -0.59644240757468 7.10813332704693 5.89128877566393 -9.31234515044499
-3.77710867959815 -7.89025986823585 -4.78832204662849 -1.36299023756423 0.991542805681217
-2.14692289445271 -7.76302529366842 -2.48413340798727 2.10474157123443 -4.67346530505798
3.69352903165064 3.03711737515724 8.10741232285857 0.146296361897923 3.91588715161691
2.44323155442122 -2.33024845902804 7.8834748910769 6.42742657179582 -7.80387951507225
2.3621235304394 -1.31069147870237 3.59131183664974 3.56714877222233 -11.2846731492394
3.63872929527169 1.9323536824863 1.49359557080388 -0.49931455725559 5.83373033225356
3.3184657379073 1.87180406992014 3.98545607460423 0.377904472557667 -0.441387853933694
-5.01357874628233 -1.15003241165076 -0.705626790246464 -0.232095400751371 -1.67754865474061
3.69354755754236 -6.54788240945603 2.11476909276015 10.5374297044088 -10.0825160515583
4.67495378418575 -1.06288132938933 5.87116428894462 6.297239758296 -9.83004362263666
5.16146206807509 -9.14599425230166 8.4271422890837 5.20284460422278 3.17395157885784
4.38577375994645 5.45976021076277 4.33172993707869 2.59304692244808 2.35552710765195
5.50451090236124 0.0400324374656467 4.95609542418719 8.24028219613945 -12.6201273844386
-3.28267434793787 -6.45208221705163 2.00527616832082 4.48439802487158 -0.475725816043333
0.57430166511509 -10.0904546898572 2.45229740174461 4.76972847956817 0.614217027495151
-1.97807683171074 -7.39775346624199 -3.01967284245819 -4.09244677953933 -3.6056090318282
0.745643368075289 2.34113792326164 2.03255711150109 0.481043739279579 -1.18975869389766
-10.8193375708796 0.27304094007613 3.80030421067215 5.83874556358326 3.49535019021871
-3.97893846134674 -7.91452656685595 -3.45920146219232 -0.530195373951121 -0.106369758354617
-3.93126221437416 2.38606662991592 4.02139527823918 7.00175441180882 0.795370829950961
3.45243036660226 3.99472528441024 2.70647936282169 1.54041115979786 0.385998310182377
-3.81926665453219 -1.63451004357769 -2.57969544719357 -3.62356613138372 0.0934562406685617
3.64489842164372 -6.69470146264768 1.38552579346808 10.1133127229417 0.625086624640491
3.51227278660567 -10.6512325522644 -1.32104443651591 3.67163943735471 -2.49188547929776
4.28313347640055 2.76776790763754 3.30996256850929 0.346715323827322 4.83141346127095
5.30815257186941 6.40058763699878 3.19178058260209 2.0982686483488 4.6713940441099
1.54573242277873 -9.92832571256091 7.02949776960796 4.88452300550545 4.5686716380573
0.83083078657434 -1.76078177262884 -1.01454097401495 7.43715227786833 -10.780495239213
1.51772354542081 -10.0756854246561 4.84177610839071 5.67723270308926 -9.91666393893724
2.32577894669078 -5.14657941932527 5.38890154965226 6.72561704066879 2.47930449427587
2.81341063600707 -8.0600111932257 3.87055562813301 6.48046176883836 0.952513197534769
-4.84175028576373 0.011344974717626 -1.86909050452879 -2.11580648019905 -8.39203418718185
-1.72980267542213 0.347905473657444 4.11349501743328 4.70952387732775 -9.4487891882556
2.55408060793661 -9.43595313507754 6.04650920871419 6.48593911244481 3.32003547626067
-5.63201521695674 -7.73630116716226 -6.09887913966112 -3.43190594192547 -0.856139855208377
-6.33450137529307 0.0892950161160208 5.61303280592566 10.0871065130788 0.272779816268548
-7.7684795499016 0.81170732119425 3.63855691373861 11.0435676068979 2.70837364617764
0.508687244459493 -9.93395588093244 2.89237512012855 8.65863280849688 1.4307822887955
0.167926702934023 -10.631357925583 3.05139097285734 3.72046250019557 -0.263018511009694
1.61546210880311 -4.19251237746343 3.68334493318869 10.5164198730675 -8.70062512456428
2.90710626446033 -10.9819674010268 8.20691349448448 13.1190183655194 6.41359545054121
-1.46296860700343 -3.27710032638019 -2.69011011562371 -0.742494499578278 -3.29146063678861
-1.01088840524533 3.36828510081798 2.25969000610543 0.0196470542687082 2.25096827687315
-8.69882194861132 -2.2926554628909 -5.47228676220991 -5.96107246489253 -7.31874862718625
-4.77886631485569 -0.83538791976861 -1.07146148153266 -6.61825171221277 -5.91081603446971
-7.17728350955977 -3.93857294692521 4.80125179690078 5.71857685543785 4.07875288889441
2.69381069466478 -7.36100166651572 7.53616696110234 3.73198080615482 4.11412283319986
3.31325663242536 4.2213294974625 -0.726953048660864 4.17372113395899 1.93912995868933
-5.78876266621328 -3.82490387794799 7.54987164684188 8.28386871323798 -5.02443742327746
0.592212162430819 0.192533340407175 3.41184452994253 6.81323809652445 -12.0667035675259
-6.41843048305523 3.22933685359352 2.98407215132054 10.7315016822512 -1.38983049461581
0.0917680090598614 4.61006307883347 5.59605975619135 0.537109182656049 5.32396486855769
2.42062658727636 -12.2033403589496 3.33221098622777 7.03176143559902 3.35445305830627
6.68039484690029 3.6980656893592 2.40945387255041 0.652634991932603 4.13465112748215
3.87565434437307 5.69356793105574 0.386151263742497 2.24700054077536 2.77039659910409
-13.5104681797703 -0.617095150603497 4.38052089443574 10.1231977303978 -2.82693749873687
2.53683638699724 -4.50063201518626 6.42081067929153 7.22588905682347 -9.6324788171893
-4.44409368728988 -0.645883835824867 2.94199611318163 5.90708319372716 -0.00192563170453791
3.2200428945837 2.48669992288757 4.72366566671826 0.254134583919365 7.52537459006705
4.68568693520021 7.88171956353593 6.35629503158301 4.44297047290364 6.47610311872263
0.62529939233279 -9.73121285966115 -0.0723913994212939 6.41788569937105 5.12587455513421
-2.06525731703167 -4.81034996702452 -2.45387935606713 -3.82165082890949 -7.56649713575449
-8.15674812174728 -2.00647164201739 7.28890081035781 7.15892833694606 0.0547003371945032
5.14504058829514 -12.2338771233918 -0.0368219513759032 2.77337804256829 -1.03985289275611
5.07451934313789 -11.0808038910895 1.59585211570699 11.0380373160505 0.197825103663321
-2.73493739048557 -10.3694304242938 0.164149059703208 7.16012192779154 4.01129365915093
3.92940212335245 -9.22850103375574 6.69649931499062 7.87568707694013 4.76338293869235
-14.278425114925 1.59853611605831 3.50865926475695 7.50583164335599 -2.29304524745002
1.94754488441557 4.7978792692711 2.8384261306043 4.01008019102761 2.95870029023634
-9.61573371122457 -3.57021394409536 5.16615950508573 9.7822159858355 1.10037594580908
1.09975332601012 -9.29156236259543 5.51748131678069 4.44390508723897 4.19127150392365
4.90584145514251 -1.70593411649073 1.68751963685089 6.86558545601254 -11.2504229959505
3.720863867196 3.96926811644011 5.08337885682185 2.77445041459746 5.24848757525835
3.48953781874401 -6.67342678437591 6.60055811072378 8.78817817861006 0.747893887699136
3.56806899360317 -4.81512761002838 6.76113875901881 10.4331328883405 -12.101903757318
0.108134200175371 -5.13357052238802 -0.737796112959217 6.56591883002511 2.45758684994882
-6.15377745782018 -3.78676311769421 4.40738469913281 11.6342582257783 -2.51466010024125
5.52572693983882 3.95304183233537 4.05444049074713 -2.1772308296704 2.84708259110559
5.4013948276111 -2.6299004286668 3.88711067027671 6.62307659031983 -8.08470975514892
-5.20307505476469 -5.09805302280874 -2.83993150441622 0.627616708647978 -3.27223008247441
-7.06417817069296 -5.3722857249369 -2.0764806515355 0.538644188275151 -5.15355060046406
1.32032579912486 4.2419714078389 3.03805615517002 -0.802329121419491 1.45640630878731
-7.97053304519631 1.71072434669273 6.84819771807873 10.571593639401 -2.60183055825766
-7.78252893823544 1.32787517603685 5.44738077594446 9.05403977605321 -3.10824653046291
-6.97903919581611 -0.37004063527386 -6.14804716307736 -0.817939471863319 -6.70290418031729
4.08638603220307 6.72955295208373 1.23325553012476 -0.655958493100736 0.376956743554316
3.70373952458671 0.711449214477987 5.71984825429504 9.74947195285935 -7.58045802515868
-7.87831054166009 -3.19676544584021 5.65332049759961 10.8715823100432 -2.19767469492429
-4.45646983470423 -5.31978141883456 -6.11447825353742 -1.27233957144375 -0.121532642815886
4.36203825867804 5.39009004517453 2.90917606329688 1.53993242942075 2.31128277645518
4.03438944108151 5.39011195324355 1.69680790382811 3.33432787416912 4.22036231251989
-1.25086785477754 -2.48186757274705 -7.44434016443517 -1.10285857348873 -7.73132051706875
-3.75902023802407 -6.1859017679805 -8.31994262612389 -1.93390189758672 -4.66848844979054
5.81338168421259 -5.03441819327624 5.73101852594231 9.92586063734743 -10.4967265352739
1.79429381391553 -7.46694004322759 1.54051544643311 2.98288408481253 4.29172852546841
5.05678517656537 -8.59241385776179 4.03936720640571 5.44994673935495 3.07594473788843
-1.98087645739454 -7.38787236349393 7.15050451598881 9.29505603090753 -0.842696319003299
-1.06340305502786 4.68749840921601 5.12872383949925 5.75948277580989 8.056884484729
-4.4641803319833 -9.73360933120627 2.35956290166818 7.37305632702485 2.5144148291467
7.56544232456545 -6.47207651273268 -0.436695125718894 5.41834501361987 3.67998156430702
-8.52826251638565 0.446568584420672 0.297902004617823 6.13533194029791 -0.748526539093921
-2.16370765298329 -3.61066699879416 -2.01563143617433 -5.58462300780532 -3.81836073878877
-7.44192427528705 0.275101053438476 6.93495082973045 13.8564105700077 -3.15640322762185
0.521200243659993 3.41794925890692 7.80520795086756 4.32385086396755 -8.82473785835554
3.29741428446225 3.36858097025616 4.43379988873004 1.86945139510658 3.26936589188954
3.88131645452507 -1.09389136163012 0.494604418413796 12.3797541848182 -8.44332634166693
-8.60200187544455 -4.44110546593498 1.32804213285621 11.0511106673742 2.4446687041282
-8.89207749463491 1.21589808395153 7.51451816070372 1.72531650279171 6.92679921948101
2.62674933210636 4.23661804381992 2.35334429124911 0.758542741687663 4.22899460120192
6.62780929362123 4.27741351996248 3.13479261651825 0.712657631805932 8.24226287909306
-1.88775870769511 -6.05806320231429 -1.09404994604532 -3.80384150891361 -6.27898441197227
-1.24264681245599 -3.9960583345884 1.67873527249782 2.99886105679191 -12.3538539936852
-7.89703010666297 -4.70998151015715 5.63544301296484 9.01337656342523 -3.77749159075177
-2.38438722560594 -5.10825150588779 -2.03645801003298 -3.53070397933509 -3.29702434939765
3.32062744985668 2.24396821236089 -0.443690495384357 4.98906020452088 -7.57020875071595
0.816747435774933 4.13731063877548 4.96436365699011 0.0163957625943976 1.55101260263966
4.55676853953583 3.35253578013287 3.06718311166283 8.60329724226248 -7.45460625463625
-11.1467046309329 1.74176019526059 6.59533409030435 8.89586211298764 4.60916560598722
-5.25745706440842 -3.77254229424436 -6.08204119637336 -0.757127243664617 -1.33480637800572
6.15121331461462 -9.68040673849327 4.29494031890951 2.37327425977796 5.75613223514048
2.73757081434607 1.11413010252173 6.50126662957362 7.21717741701146 -4.91465097783405
2.7365377219304 -9.46303360265213 1.5519937496575 8.09284724470993 3.01422026120735
-4.4792339677392 -7.82540936175808 0.000543546595177968 -2.21218146446076 -1.60526222306452
-1.77519702594151 -3.39519693862055 -1.74102395384106 -3.09774952818625 -2.47712203276817
2.27181097061286 -3.38787950191972 4.22496850827095 7.52456237198598 -8.27917744229121
2.70023608381711 -1.63601234063796 0.923962245811489 7.2910431090484 -10.004942457614
6.18423567732096 -10.0160597225325 2.95967412033395 6.61359154167732 2.76550358984472
1.51598971461409 1.50639148716449 2.67030362167933 1.55711483967634 -14.6296070729127
-4.47083432401501 -0.451068093320967 -1.31192451777195 -1.62187370942762 -5.48122896051396
2.98538501090689 3.56402358449194 4.30474163934446 1.82437816786779 3.28412190608701
-3.49389854466675 -2.44964079287396 -4.16812022433662 -1.64141166861085 -2.54661715949587
4.21416741180805 4.0654755001183 6.06512085345696 -0.483318052292614 -0.21743722842755
4.26304808490725 -1.75467211354687 5.12106569474448 0.476912246773766 -11.3754152289737
3.33076340281982 0.534851644430878 0.736859828057076 5.89023795656599 -8.22426432703735
-2.25642626156419 -8.05709327848322 2.20351830447491 5.13297426751535 2.43764817590538
3.0113083278821 -8.96683713816354 5.91866759682188 7.68916272925751 2.73941316548016
-8.96619430904574 -4.3421891909019 3.3546595009102 7.9011318568377 2.02572536754612
4.97960336242677 -0.40330363706255 5.59731058520678 7.01367981627201 -14.6044549431712
-8.40084658054361 3.96667507866233 6.09091789037155 9.43247307150407 -1.47963458033343
-8.90204157611175 0.475614755591557 7.70364271199951 11.7224606152419 0.195567893173513
0.732319816907355 -8.84126018003857 2.93022008379941 3.8631855585355 1.03470359025739
2.20010489354229 -8.1875160776502 0.0628068746395734 13.4187106509945 2.3917105356429
3.24567132764393 1.50792741038799 0.109872717484284 4.32997303832505 -12.2021006291172
2.74746284731024 0.241080023885464 2.69035772032253 6.68592052778567 -7.80577154538087
1.03137519834765 5.51604106566027 9.02078481159795 -4.1340476636422 6.65344610739523
2.6079666275424 2.42396636812707 -1.62239688044387 3.31180036051612 2.47682239079557
-4.94595874978628 -1.24415122759911 -8.04180682415035 -6.2559736568157 -8.48282138188299
-3.40561550489831 -6.40733595571662 -7.69813532927004 -0.894464827141731 -2.89068979685923
6.58446014167307 -3.71050505222811 -1.16715638414247 6.56373263134258 -9.42427516043736
2.59775642883627 4.81192385761556 2.69445089709439 4.48442267723211 -0.489634917396058
5.8448741944791 -9.70725256361573 -0.170111300203044 7.77804604841111 1.31635878159107
5.63571741396501 -9.07839385687254 1.75456611397437 9.7906244715363 0.0112341676593242
-5.79780532629193 -3.32377557477322 -3.17889447873454 0.423550579267209 -2.56274297053762
4.58934413470339 -7.86125814288658 2.87088188369517 7.78120948725203 -11.7322605889559
-0.276091526536758 -8.94655472172744 -0.701430323479298 4.40326687973076 1.87029573598309
8.9918231974218 6.12421410445857 6.72511788551708 -1.5533824979667 5.64376073985983
3.72984780159792 7.7503956846863 3.45810790415943 0.675747648450143 6.36516075056848
-4.26808256819304 -4.67087319308282 -3.97494252966619 2.35696193877502 0.446914921274984
-8.34215177668869 2.09649010695797 8.19003321394316 10.7006511585494 -5.0317663300648
-5.61624354675502 2.7839095212167 6.2492702420055 12.0458117860005 -2.24635838470162
-10.6237157062655 2.00168910521363 -0.0775887534698558 7.51049220503443 3.70380584785452
0.0194836537009206 -4.56796824488224 -0.2234952492253 -2.4546985469414 -3.00896377340312
-3.34936325766543 -4.75555446884348 -7.58703700383489 -2.52337502929874 0.259738878621517
0.558767647571883 -7.07775521824827 -1.88722047539026 9.88349921668399 -0.138230564753405
4.22175992095065 -1.68961245889765 1.09516078770974 9.29332960490868 -10.6223430261411
2.00844462971569 2.15383364033838 5.85505293305449 -1.15568903427471 2.80312586096713
1.15674839276226 -7.20022693714801 1.43493388843708 9.84478790198624 0.0313966220873594
3.7812747984184 -5.11312244501172 3.5364198323864 6.84710824875738 -9.84175769047432
-0.843429503100937 -2.593793428361 5.00647734669709 -4.18510471831286 -2.46514381796453
