x1 x2 x3 x4 x5 x6 x7 x8 x9 x10 x11 x12 x13 x14 x15 x16 x17 x18 x19 x20
-0.0677163823670552 5.39078189665482 4.18887305231739 1.62329397530568 -0.147359042455123 -1.10563868346925 5.47463825348019 -1.56400047210334 -2.48514979203253 -3.43728856378351 -0.0465972093564644 2.03649111789893 -1.22980390422405 2.63282906152097 -0.184967806561033 3.95747190020271 5.41193710689594 0.80702991419823 -3.44807327782242 0.918614036477445
-0.671179975126209 -1.37203498623912 2.40199986000291 3.41998914734978 -2.21405643394927 2.09724284284277 -4.34128462177773 -0.561198625231963 1.34490642537985 1.90703787606622 2.11939101788359 1.58945039468887 -1.73959462865109 0.293324469440773 1.13996063980585 -0.24910856547291 0.843329212377106 5.94492688151266 3.67637220105627 4.36458203042196
-4.11860442884086 -2.60741441924453 5.17947892288908 5.31593000239864 -0.486661665073785 0.755000354302793 0.348789701048294 3.77439757046721 1.54959131873583 -4.10425209364387 -1.36798354821132 3.82233141360789 0.884207678061524 0.0865913321359977 -3.75861832920874 -1.1565108229855 -2.17109775556685 2.65368825702411 -0.847862676097646 3.88099008645714
-4.4939546210899 -1.6713654643561 12.521050927059 -3.41510792730888 -3.54775227455025 0.00818264094569465 3.57893268859345 1.18622529981663 4.28717520100727 -2.18122887729376 -0.755001477317875 -0.899116299284834 -0.654718796045207 -1.7511063017308 0.513411337949408 5.28816190150192 0.884865633995049 -1.97014593226226 -0.819052420787595 1.08185539114982
0.220945881160369 3.89256317126821 9.17422465550939 -0.854050703895157 7.89848243963785 -0.264630358208397 -0.185346708729766 -2.88523267122304 -0.403947021144741 1.29606265898366 7.14878480490199 -1.78707306549789 -3.7303048685566 2.47507395095409 2.75614025953111 2.77961753093882 4.41261861525445 -3.94067223816808 -4.25481431960696 5.96329731390431
3.09799254253684 7.74595941456126 -0.932705877661566 -0.427016878610915 2.53112180549518 7.09115981837775 0.422029201552915 -2.44312157004727 3.04984422229353 -5.51130235054473 -1.22371826581999 6.04801438896217 -2.08652799381431 1.18647888317709 0.00201960674044566 1.80835821147613 -0.396406384919682 -5.79450176933906 -5.54048416935145 -1.61445030766822
-1.90587116693849 0.550753145333996 2.64810261257617 2.13394541442253 0.752114622311656 4.19121619485359 2.07978390368765 -1.9152742447597 2.73254497480072 -3.08305469331532 1.00481120131526 -0.191468456012403 -3.59409023151498 2.08541126315397 -1.85580828337327 -1.30377707380147 3.78282127353593 -3.86317785302307 -4.21564635014693 -4.70590540694893
2.87892288143333 1.79710408527545 2.36920407352985 0.495338762528628 -0.170634455881949 3.16172588471795 1.80953798132399 0.480588779824213 3.7883977236221 2.84532232762682 0.514636178811263 2.7102639715005 -0.428530162215606 9.11989941786151 -2.59793544733442 2.47366096263525 0.85227842689707 -3.19302260298309 -12.2909781132152 -4.94687195095895
-4.02265659497129 -2.99653114852509 10.0930773809105 -0.0239207547724705 -1.22143971125205 -1.40008597231938 -5.29542250077963 -2.99420138602867 0.638678115255974 -3.90845922800566 -0.0456948295046296 -3.63879875788229 1.04533581438927 -0.577187113353992 1.47650670224257 -5.62732603667571 -6.62320359312682 -1.81351856773682 -0.967905119234802 2.38132062079902
4.78122984605551 8.07830031949242 6.04525284381285 -0.442375520033946 6.67303237372872 8.07433108291761 5.98452691131055 1.05995296107457 2.88318128846634 4.06599010139337 3.48140378415296 3.36796835555177 3.61802019373969 0.0859577616152696 0.20701915395271 -1.87049023547782 0.735984711670216 -1.78159486282003 -0.48583245575762 7.44865261113035
-1.19027509116474 6.54336413825492 10.4593184544044 5.47225092824606 -1.67544484973418 -1.79268677006748 -0.758079078037292 1.51965622513412 0.863909947557925 3.29761771342249 -0.451127009468173 -1.34335441282881 0.149353927968032 -1.88633933672818 6.42216170905964 0.161585090060158 -3.07821841917249 -3.12458414776896 -0.289993948758934 -3.26003612238523
3.59336537681581 -3.45331718447255 4.33174487008503 -3.74829043089779 0.69267856599366 1.17924529857041 0.227994100611146 -2.99633405544729 6.26923837061396 -4.25187516461149 -0.406634718124282 -1.0226852791173 1.83142783567697 -1.6546028659721 -5.51364717649567 -0.0130930991939597 0.990018701629368 -9.38352583455906 1.9628163901715 1.71358202276625
3.03889783905657 -1.51880076677136 5.12053396129001 -1.57454369655726 -0.216304667839618 -0.916002571851182 -0.539077639972799 -1.85361510419886 5.50019982109989 -0.531565155075041 -1.92194492456267 3.77569585382643 -0.339049327043696 1.64540413062282 4.39858598840913 -1.54240315630748 -5.25848497923536 -10.6313647400794 -1.4142602578583 0.38498195685866
1.7387580416805 1.98049561057356 0.635108988248132 -2.32143926273665 -1.7729924492827 6.63749165128018 1.99932886002808 4.40695907370864 -1.91682801983542 -2.9807221506205 -4.34772652492737 2.26532831268265 -2.30059362534642 0.84398689030544 2.02263223536274 1.57719546223519 0.711367243897328 -11.2897252274478 3.70406715846391 0.177502597855848
2.58549633541077 2.59393364070209 -2.95944844788986 5.97702796859764 -2.16660123372677 1.48101639544696 2.04140362218205 -5.06187451091023 -0.472627038488089 -4.19876772320257 3.60661012204914 -1.97056752122425 0.261241362095084 0.971325332111947 6.34646916357198 -1.2503568415663 4.03377243690545 -11.5876375487383 2.10435057922059 -1.24016490597541
-4.53491168593573 -2.39111339264328 1.07143570386408 -4.29001435507596 -2.82226459838326 2.13222413630407 -5.18520194331402 2.69090088867649 7.95594084693886 0.711001084037156 5.77262863857102 4.39167414081815 -5.43419844125732 1.26286668358789 4.28869095277149 1.02946638026783 3.147934215637 0.243730484386754 2.26601558075382 3.78091013196395
-2.9301863351384 5.04837804378118 6.64454589742743 -3.65019964451484 -2.04943260983781 4.237188904007 3.6549276962134 -0.0518873330664776 4.66222548323887 -0.0337143121183631 6.62494973892647 -0.96481637206665 3.79992257460406 0.543854778242421 4.98513839072737 -3.50724028750868 1.63176062753683 1.73580892007295 -0.847476301861488 0.845282566578666
1.75938737152009 0.133228722421427 10.7396967011686 1.96888236554962 -2.60503488472464 -3.5596195443851 -0.722230625735764 0.723232429826004 1.4007500627339 -1.5394373974014 -1.30400696263272 7.19480102177042 -1.5220247454007 2.42943849288031 -2.93263374671479 0.630707337728912 -1.72011865261128 -5.5310575355697 -2.25016986661219 -0.162571375432604
-7.29745060889097 4.40317817947514 5.03631607768216 1.59939756281764 3.17455727014589 -0.0929439143060107 2.53967614454097 0.847365833478334 3.71318278783919 -2.48768842551391 -4.84116991024522 -5.70870186811581 2.35341160695987 -4.50660699086059 4.27757622962881 11.0361037368604 2.97969231168759 1.46915342028734 -0.978803922731578 -3.54995100443809
1.01069035918859 -0.0917322179344127 1.27278806405498 0.989161724768307 -4.80421499664475 4.64604027980626 -1.40340284106702 1.68713648661311 0.434212790261793 -2.38494725175065 -2.27292772789952 0.760829949074472 3.25531299886094 0.142340079170975 3.11779190689315 3.38158136827849 0.996874935463123 -10.5611769857542 5.20775186161286 2.40794482767644
-3.3796504224545 8.94775843624364 8.19959405158911 0.0961030538004655 0.255263439658802 1.58320368426201 5.4212623951854 0.0286829181894683 -6.30518345948199 -3.4328678898156 -1.84793164026967 -1.0961076662753 3.57939294735008 2.84133051666977 3.64963866026923 4.83998295751573 1.31926668253584 0.550226804493808 -2.38306309389269 5.48147789977422
0.161725280709421 5.80785450111505 4.77365884430706 2.00305242823927 -3.12104907298292 3.42347859485032 4.91121884246012 -1.39107361635508 2.01792079243946 1.23304878682506 -0.935761278679534 0.773066364849536 -3.19311795281091 4.05806668671367 -4.65392676439142 2.44317501627435 1.98098976994164 -0.916596713376966 2.91818157355247 0.191734905441989
-1.72854833572164 4.75912297290821 -5.43141415255533 0.507523789419774 -4.47344222291568 4.76954110435416 -6.50843910466596 2.99641735459942 -2.20360785517584 3.0184504233495 -2.68718565190551 -8.12650779865424 8.51961384898669 2.76691524734231 3.06069328995747 -2.24500261379681 2.18899046482308 -3.92924036236173 -1.43522145163857 -1.36686252058296
1.77005203718261 -0.548930377180478 6.17387496218898 3.70191979944164 0.062769576002573 0.575399052611067 -0.636431740038672 1.93042557316498 -1.33376556948085 -5.79919356034602 -1.9022355303246 -1.85296868905345 -5.84062899205596 0.306697377490117 0.539740732887611 -6.72485006536455 -0.0939471693667253 -2.8072462723609 -0.957124094256397 -1.52381845793121
0.0827379388159164 6.56535072892313 2.72987965495898 0.224480496739924 -0.803594862493601 2.57934256257153 0.64761124689324 -0.563115028839386 3.51118467517889 2.75928781817533 -0.224787515749509 3.37871733048025 8.71482786284552 -1.14660081745269 -2.26504772080224 0.321844644455476 1.98020727140446 -4.45268658693686 -5.4392444406111 0.530136544576747
-4.53555424255923 1.32208575584515 5.13115727035634 3.02740805191511 0.08562100043039 6.11110617230776 -4.37122432689894 0.0390752789245138 -3.4644704414704 -0.0444602051070864 -1.00656886483972 1.35297864749971 -4.73131691871456 0.0471985266014627 5.22340481499357 -5.50832888167138 -0.762075470403448 -0.662368695460066 0.770050055067839 -6.18460997453453
4.65306391504708 5.23025495868168 3.48379718339587 -0.0800973350275356 0.206753606740747 -5.24081687727227 6.8055929922099 -2.74264178970742 -0.0134060444241788 0.0627017698765827 1.76162658389959 -0.822246980150195 -3.68915503586489 -1.71018105760906 5.01303350222544 2.23473828688807 1.56478666221735 1.38449689515771 5.31111710400751 6.01917818352205
0.299166489362874 -2.44828303205991 12.0945103813235 3.60581616717015 1.77562109505407 1.19001991116958 -2.6148266776766 5.42850377070113 5.68867685319573 1.3016055292523 -2.93036548456264 -6.12921295975644 2.47402497779847 4.53614314275432 -4.44801653300811 -3.33459076149535 3.0817580086224 -5.14172720256193 -3.41938724310754 -3.20584562172822
5.26510588295006 -1.78934889782891 3.73093221948384 0.576869007349528 -1.47057529505863 -1.25544724908058 -0.0254347488156099 2.42112464822825 -1.94166773841736 -1.51486094007189 1.65242453109748 2.68664346181996 -1.37916283437913 1.42493145504003 7.18238416194954 2.06056354732358 3.17473649892228 -2.21546723045055 -1.26709714524695 -7.62287171388809
3.17444661908829 4.47359627950885 1.13772912479861 3.24892798141966 0.963452494646401 -0.90712912249844 -2.94893367306642 -5.01328029323073 2.41567385109262 3.53797643711351 3.28266461514063 -3.7454076416088 6.02900732458606 8.842368103116 1.82200797400478 1.75538715466534 1.64901102149131 -3.36095051516712 0.387317630426145 -7.1022960353591
-1.0635981150435 1.49823275488428 5.85654613264958 5.0267057444161 1.05907037047711 2.2535559445012 -4.5131216937772 1.39585856599257 -4.06055604614498 -1.44531482423153 -4.10832363961624 -4.08535493467199 5.42833645388472 7.12826165282059 1.34024304758022 -1.68193723870266 -0.933063487560564 3.65068592206321 -0.146382016700658 -4.44719839018841
-0.485687353054778 -5.31234658700527 7.0895238634651 0.0375967200605707 -1.8000717703833 4.10025597531939 0.406084462029578 2.73158932758537 3.43591753152141 1.06858833812794 -5.67523938377952 4.32059819594597 -0.261285865459745 6.32810796396472 -0.786221856470344 1.74431584580084 5.34889462666024 2.01877030326875 -4.18784673330761 -1.86675658395633
1.39637813207576 -1.98069003013558 1.64349550507329 -4.87158379586637 7.31387102274213 0.703691186116971 -8.23598631446752 -0.642873781910055 1.09603056893779 1.29102867635201 4.7649963186557 0.808228986904581 0.929529920464676 5.3190845574844 0.455920776656662 1.07797031722481 0.1090118477525 -1.90842188117005 -0.538090957230464 0.625520703944455
2.708272227743 0.615046534024503 1.64730480204881 2.72650403447009 -4.20974567247401 2.08976108231075 4.47941585074657 -1.83271120918337 2.13276796199525 3.13686813531919 -2.17095637266104 5.85787424951398 -1.52949548411751 -1.02255847478788 4.51473151977035 -1.11738416229056 1.03144631380147 2.60121423002213 -2.17535344000619 5.92058405751872
4.11385169232988 6.07288666789619 2.56470880819565 3.18937705774146 -1.11202081201202 1.23363770155588 5.44161650893774 3.03267139995794 0.113415800552292 1.64966364943514 1.66966369106397 -0.534354902138106 -6.64455394959144 4.43269541192956 -0.222173701095688 5.81293302173889 -4.87645949886055 -1.59413842392269 -4.24804458672303 0.79475408350651
-5.05536888409706 -3.63252128659803 5.40426683434762 2.70533571463577 4.66115270664787 -3.07336209802233 -3.17401760169133 -1.99680786643028 5.08117008682081 1.95801749850585 -0.825821082747582 -3.495635468169 -5.03864040361503 2.1142859712584 -0.349525688241949 8.68095216927774 1.5788039890722 4.37197823562556 -3.36589909187756 -1.22221396948935
2.93241433032052 2.71051250041791 -2.42152702281564 0.558460719463248 2.04147030888042 3.80754376195039 -0.935619792851027 11.0749322095512 -5.89868650685081 1.1149022620787 2.91995853727365 1.95694918895904 0.453000366683014 -0.0102954327259188 2.47628721767977 -2.46827356991697 5.44728672410124 2.7977201795407 -5.37651639824695 3.46027081520508
-2.69814934486043 -3.27154524644465 1.71842423363738 -1.48588780377937 2.02537338047072 2.46656763014774 -0.401797002264465 -3.07733807793101 1.41234925279884 3.81492966221287 -0.00574504190941427 -0.782538764842496 -1.93897258579095 3.90986157058798 0.499582534785233 2.36031546830204 -3.29521121441777 0.85529834182821 -3.51996462141017 -1.31761113346948
7.30789263105803 1.73223873499752 1.55288644612253 0.123717471480485 -0.474539144641158 0.395846159850102 2.03616572045511 -1.24760359388887 -2.34258092041385 -4.03634276291212 -1.26719251418605 1.7295645017248 2.45478046347289 2.14956486947562 1.7111911760091 1.10968293944755 1.93551466969739 -2.73415081919965 2.36699859221262 -8.94791216555243
0.476476383931562 -0.0974407529277421 1.57728178499239 4.88053541987507 -1.52098207495682 6.07301120852181 -6.15290139253172 2.56720217344201 2.34595155148087 0.199135510222003 -1.89061510512344 -2.08532193946934 -2.23337318013305 2.0752764891762 2.76598278523111 -5.61776383511383 -6.49894349291176 1.03336432782361 -0.037999368042344 5.8555418390392
-1.54711066811658 4.63354882743404 13.7138942867467 -0.0868684172092677 0.782649048269209 -0.136251736703368 -6.56810915036253 -0.944462400743563 -5.02648319880693 -0.768250869130374 -2.36323813931754 0.0564437073003949 1.10388677255949 8.5305688999928 -0.464283657575022 -6.31109991540003 0.145082043215035 -2.66163846847575 -0.886656492566656 0.577284817740738
-2.26829934323405 5.74783116896421 2.29323787958931 -1.54884879917504 -0.338659208616747 -0.393008919402621 5.03197392041836 -6.19597515911102 4.53521853619606 0.445136961116708 -1.45690426241899 3.09097635987129 0.893916059228978 -1.49462613960824 -1.72971206392219 -0.171949271136817 -1.95935711105235 0.489058766260223 1.74705031050072 -4.23678744192346
5.98370031878365 4.27009154918368 3.63264897069733 2.2897450162074 1.45767511577995 -1.03582722332956 3.67834448325884 4.23309758073773 -0.903711882876522 -5.32969904225237 1.40168045677947 1.99289481852242 0.786593738609512 2.59703061625021 1.07881599605011 3.57243146023246 4.74443824370026 -3.61161775759365 -1.03041983529947 -2.47929122603101
-1.0985534386002 -2.38429508970513 -1.19092674084242 3.61250704510135 0.953811883173212 2.92191926862382 -7.54178021440173 -1.60256922448511 7.63271842952411 -2.55213765825182 -2.75134289665193 8.11680162901926 -2.53278380385498 2.86620571057976 5.48427645550251 -1.6360962446615 3.17101292049455 1.61296210794825 3.50824368828889 -2.93790872760624
0.991738523460537 2.59229483773206 0.239657440712358 5.55093655063338 -2.01159393557092 -6.35134818095003 -1.14878158465672 3.88797397985496 5.42855875380989 -2.38992508155513 -0.122696617587645 -0.226743314080809 0.930880030660272 8.26930766375919 -0.534190606052456 -0.342453280424346 -0.408796296043487 -10.9427509572965 -1.57521609182685 1.97739357079649
-0.633166414011164 2.83553205766236 1.5145280495929 -0.951531301403604 0.77556737536014 3.43520181213251 -0.394828756667979 0.814925898146077 3.48842756643506 2.79528043399119 8.49081682894486 -1.82341262576239 -3.9397207792959 6.43597961007147 5.97826779109351 8.32527133858521 1.764811059443 0.4729667639021 1.72023993039865 4.56032172525811
-0.202330980404616 3.08626252208738 0.112491167341625 -0.643907894716767 -5.53593224782555 3.78010080364158 0.0957707606573301 2.76701241519876 -4.01286090380122 -1.39137448503686 3.25714665255521 1.94394302092543 -1.39565401018672 2.76633815218526 5.17370855636315 5.16104274147313 -0.968169328066822 -10.6572326936316 -1.00669826551662 0.639840957783506
2.81650944830524 1.16410063804402 6.63180337420996 -1.53857817594877 -1.39467221073286 6.71855843467044 -0.012335078144897 0.875993700663619 2.09315673445348 3.93037610440646 4.48113103971263 -3.24872435712088 1.2299223136722 -7.29847414128934 -0.434540967068388 0.791434982657554 -1.50456465596119 -9.55873329159701 2.27694567877818 -0.836816636454951
0.968921910105051 4.35579081783551 4.85588832154083 -0.0540381677712101 -2.29847967914435 4.17470960957252 -2.44796033195201 -2.16213696250406 3.31119759991683 -0.176135353472858 -2.72959228173767 9.30604072149307 2.7559753736553 7.86836718019142 -0.252314489390973 -6.36529192498293 -4.11399162964851 -0.806606796197755 -0.740669494989697 0.730811617482544
4.29664306491297 -2.88497080101345 9.12995008916816 3.8100237265659 1.23679787813981 -1.17366923427002 1.96498624873599 -3.63616067834622 0.951269277392179 -2.41188575262371 -2.33468909859256 -3.44533724879035 1.26616142203948 2.40476542268522 2.97979396499172 4.66240018938644 1.51718025383527 0.73198226527442 4.7861567718763 -10.1082607664797
-4.35278235605459 5.5764846314393 3.55025019696903 -2.35532026523768 4.45181892630797 1.78087706989091 -3.85798258954938 -0.867106942694172 4.28818775678715 2.55793640359113 0.891940723928111 1.41600275867857 1.42605708907318 -2.42474726418188 -2.87556843026797 -1.86259489597923 -0.905941445479364 -9.48511879820389 -6.25981181969948 -2.58838893817543
3.86841439833582 5.30699998309112 2.82039720970149 -0.993794339062624 5.17966861970047 2.02458364753046 1.86150266588977 -1.22174807062333 2.47684962497173 3.28611257714524 1.02807023255026 5.63457495784665 -1.359197670387 4.80259975885617 -2.70754601882903 2.71990827205872 -4.81598083511603 -9.00847845352494 -0.536510087455234 1.87468467859156
-0.515420942856533 6.51302542119624 1.70018263531923 0.137137137254973 2.60426212965101 1.90713365939419 -2.59502629641904 -3.56927038382263 0.401588120212294 1.62335838602426 -1.32235263708221 -0.422648170823386 0.301532965093382 3.77586598381294 -1.57635220364909 6.84756774785634 -0.916564626283718 2.9437375023852 -1.37647355323942 0.650320723956509
0.794136838286424 1.27338233502689 7.76293960675412 -1.89984916299444 0.804489057552995 4.01109608538929 2.21656722404811 3.6856080708326 -4.88245719439533 3.22115885404993 2.7832939093286 -1.6319042971409 -0.817897861784778 -0.265261692835479 6.68584373631525 3.19094304504859 5.68036723154352 -0.323703746274973 -11.2688222359943 -1.74203287554303
0.384703348992705 3.29559848939371 11.3461682570177 -3.02839004105468 1.34589105589669 0.757765090382436 0.287005318860584 1.19463266830689 -2.40606978045574 -2.39517049933263 1.37709598677989 7.82926326317816 -3.75675427199899 1.43080694029486 3.18280217680268 0.563122687065887 0.45289093533171 -4.77882412007158 -11.0970480982191 -1.61349111616416
4.12234377410669 7.65419385569421 -1.63913636094377 4.0962314402366 1.60702448658233 3.14900740382585 -7.543832497788 -1.03714109799252 2.51094073794999 -3.07458732380196 -1.79265782547343 0.76315130006451 4.50739184867113 1.68343331923333 0.226965123213021 -3.55333924016269 -5.95498114685878 -0.775582881646673 4.10604230184359 -0.855897758644228
1.69287210589442 8.45551533427272 1.62471993559143 -1.35820230818151 5.17912935520448 2.85054082260912 1.82830905534001 7.52011486836824 -5.92686186416557 -6.07137483835364 4.23850246646015 4.58419026354908 0.104140229429094 1.53835618872356 2.32370342171394 1.25993731916879 3.34499202298886 0.549656022951317 1.78788335965138 -3.34100094110474
0.802925666132603 5.3673942821333 -2.91492366679788 -0.837921360144781 -0.53419687995882 2.90880291244324 0.0831335784192174 3.98100914138448 3.80856193978803 -0.739654547491283 2.24608882395402 1.65591373523891 1.54206489083309 7.61777035721326 6.69969257175219 1.81116801751161 0.194984609585259 -1.21843552857745 -11.1143525006189 -1.05478710134453
1.6157875787721 4.3640430205702 7.71424932300155 -0.634815908079665 3.76944337552586 0.759997273989786 -8.04454096621232 -1.57120496814411 -1.43781492422367 -6.05214651997545 0.806749164188396 -1.13364782586794 -0.986227532080947 5.12534358984697 1.91398067390655 0.585184161975969 0.493023586456441 -0.364852345227284 -1.52002011832099 -2.1156210538416
0.369646873076982 0.947812437008754 7.41709495504491 1.42182374614765 -1.07183823790189 0.743725189557839 1.27246572250529 3.16057533666668 8.21949794245693 0.766212731744001 0.404788058784862 9.13161589529214 6.05814030796108 2.0870838414274 -5.80174630696794 -8.33171585916813 -2.35145549421172 1.8267485017718 -3.51313254909489 -1.53194508870323
4.22898085343274 2.30762847651489 5.92723910186111 -4.63802776810817 2.43243625607015 0.405609431781207 2.73167952846906 -2.845984815313 -2.42062911364169 0.507901409350092 0.877007268179494 2.69950688994818 -0.542181477399966 3.82929219134136 4.12936794653232 1.1752865226505 0.00351814391713434 -4.84789896845426 -3.40664967408164 -0.375220701876837
4.34747754722976 4.95601965776047 3.22650907312769 1.67854484428728 -0.672769951794134 2.16599772957682 1.63304163289377 4.33242691410861 11.8739178878142 0.0280455421978973 1.61960836586305 3.98081409714483 2.98408331744652 -3.04505262872443 4.52261240994749 -0.521428968447941 -0.403078721326378 -2.96682404539594 1.70770355339539 -5.55181652932679
-1.56141677915934 -3.81551273117558 3.19006149264468 1.98259408330519 -1.64073206168889 0.834536707065953 -0.0455940898023717 -4.6742399181842 7.92698022373541 2.83712528059681 3.87413016253551 6.4537979139965 4.70374875837492 -0.11900773826503 5.0045328907044 4.18039704564696 0.81186804015054 -1.00786766913291 -2.69852228859246 -10.2587528554974
-0.392833603354207 -1.81527859090146 3.74452793485272 0.570271645915191 0.540169976099961 2.337256418694 -0.608146568383654 -1.36843847553323 6.08652603520222 3.20578025654832 2.658785569562 -3.23499366663811 2.37853150652275 8.75576381264813 3.40205131839707 1.90122473258079 0.966377687036367 3.32608649972049 -2.74320488824627 -0.56300088149525
-2.06344414662792 -2.12571356215217 1.99484097597381 -3.98375369651701 1.00464749649739 -2.04363486441067 -1.32154866384739 5.93818081339814 5.3164162847318 4.54848391264255 2.33584224915919 1.16873728813684 0.56598190692776 10.6028326630233 -1.78815660278556 -0.895556856227917 -0.283736725851433 -10.3181623719543 1.2413522866982 2.72630264446003
-0.504814990316152 2.00890231943951 4.05090875981648 5.14234300224666 2.01346754907682 -2.17575463563024 -8.12644740671735 3.96531198364419 6.22774518379172 -0.958785407678322 -4.72747552057355 2.71307742528632 4.34421193475617 1.14764321532539 5.56149866153738 -2.00011767136321 -0.65662652947909 -1.24145567130557 0.515042216982959 -1.13118287535458
5.2713226192064 -0.519082521116755 0.290589066687291 -0.373709808289719 0.868464042435612 0.807309527015588 -1.50922419605656 -0.937283140214884 3.81067098233628 0.103260971943438 6.17606678454085 4.63304040551704 -0.181310232052784 -1.73568351648297 -2.13161243553953 -2.67005980386623 0.761383740305444 -1.13764573864944 -0.599321870388412 5.01105618230451
2.63342134516992 3.57999817052936 9.2967287768445 -2.80995969306348 0.886453754881633 -3.18665542695917 0.851954736082143 1.40534899099409 3.0014199743725 2.74558734667719 1.42042747212932 -2.51443833415863 2.92563944340811 3.51133900363954 -1.20144847334613 1.46840922670977 1.20748841071427 -10.3312096611946 -0.186235563340056 -0.198394334111257
-2.6348206227768 -0.742949462420736 -0.104044922417926 -1.91460657308022 -0.572308685054425 2.35458534499589 1.66071186162065 -1.97288185215941 4.43600802935074 2.39911562854383 -0.97749720944102 2.84285877123025 -4.62346061924739 3.64318654095935 2.92739372615062 -1.05015824395134 -7.2650158861588 -1.12516953334303 0.543587607865429 -0.358783444820499
6.69061145570238 3.6148033970201 -3.42503123988322 2.11949406916175 -1.09113944849916 -0.104697733739759 4.54209758537552 -0.492541190506224 1.50193270310445 -2.15372894521681 1.87794178596369 6.46982212629001 0.453236037019063 5.09039664383965 6.33009866008225 2.153939945007 1.13685709628754 -2.24712154087614 3.39236690973785 -6.64805018662023
3.09194764793739 -0.673140855300065 8.23119914120206 -0.550527488243306 0.227488032462933 0.53306892930478 2.25702420827721 -0.863677025689049 -6.29494563900949 2.64839580452634 1.76874321425992 -5.57694701128041 -1.33851247682489 -0.743752769421767 5.50287754408507 -0.431234514130175 4.60377999828913 -0.9955649537054 3.08754000338411 -6.42597940874116
0.63631964087226 0.289625470823323 -0.569441227005415 -1.53338669614751 -4.06145070702375 -0.164626316585103 -1.41959105127241 -2.48153819121537 3.66533241663419 0.99894710563251 5.91983810058775 -1.24232430894781 0.719013878947184 0.552379568187695 0.139730545133085 1.60244389184114 1.01631472566568 0.403217112889118 2.88552949599023 5.35176373466954
2.79004660447903 2.38778948040384 -3.05985241636598 -0.54770901008478 -2.51819508503412 -0.342983332687012 -0.462481805175363 0.545496431090967 4.26647642421625 2.77348786398874 1.73586378051382 1.57438593668015 -2.85621963543155 2.46101125777814 0.352677045569017 1.48491766412961 2.75439437124283 -3.85921196641534 -10.0037556628354 -2.03894267664794
3.26912415074374 4.87187958582497 2.35062095689374 2.27864322382307 0.598997921140821 -2.08803199173868 0.515454201461749 -4.5290305262487 -2.55164730778979 -1.37968140714446 -0.46038333487727 -3.99320013459411 -0.118960717451895 -0.402339024374925 1.00198903243621 -0.0642871336013462 1.29022201673482 1.33555662329814 -7.94871024656374 -3.40232639304662
-1.26097953999278 3.17389326418263 3.32735860727868 -3.41638518671479 -2.49666744076196 -0.368377797826943 2.4709267157603 1.22048487807446 5.62070806345923 -0.312156914789116 0.520281112210399 -2.06298609303498 1.99191808085281 -3.24053390861875 -0.9482362501688 1.95196978164754 3.01057476662873 -12.2964529146199 0.860803217142798 2.12547788430099
-1.23797166026088 4.24361474057624 0.895031165560383 1.22600864390611 2.4844260606785 -0.699522376927999 -1.62527122492109 1.04679180625901 1.73324888113487 -2.53707266401122 1.34075330941524 -0.656893914230163 2.51160160834229 5.45134330304823 -1.70344953769008 -1.52770838542656 0.951226793484174 -10.9735271954479 -2.05955214581066 -0.559146430115894
4.21234879529056 2.32948694522787 5.67752560782906 0.747233579225887 -0.353837944706589 0.773351186754934 1.45299903279948 4.76181674461205 0.235108446102167 1.15700809345692 -0.737536927690011 1.55515401541002 -0.73273417075481 5.30473720475698 -2.25497991578738 1.590130418654 0.161396457950557 -4.19691667476785 -11.2555354997887 -3.98008851438295
-0.221939930876813 -0.757667687316987 1.65283758949435 3.66173322991516 -4.18291609622668 0.230243949667164 0.136062601862031 3.48204792153119 -0.584088035046817 -3.35515247799454 -1.70533651468631 4.32885321793487 -0.969677548620351 -2.65143325541421 -0.213599729227823 -3.76558917673368 -2.91459038830118 -0.20676222356455 -1.60089872665822 0.171497819014911
-2.42792273314906 3.8805049393553 -2.46598156654335 -3.28917372792911 -2.78869616901335 1.43692946053155 -4.85057328135854 3.67119448045422 -0.38817667637606 -1.65652954264781 -4.77923419172121 -2.93307061642336 -4.29284976462724 -1.60123757916803 4.4267340911748 -5.08598074538526 -4.37237127861558 2.95980776847836 -1.11871247940293 -0.359175701980507
2.1089301063726 9.58727204401361 0.49267204742561 0.173958400823087 -0.509423888301797 -1.62173302492825 -0.821932666620498 -1.00008702410573 2.48406591197705 4.38813295629958 2.54108442812692 6.00814893019997 -5.32241467165997 3.17219185647718 5.4852729641952 1.73792804434674 -0.848868772427463 -9.45389930915427 0.556950232960577 4.49275199163623
-0.139371715828565 2.61225035964884 6.36626911003901 0.312581080799838 0.175515481157342 -2.59232106707298 1.11179385954135 0.878938541053708 -4.57002293225773 0.4588933727759 -3.61421562035572 1.46828331570235 2.92938474101888 5.57868133767045 -1.6845778663662 -4.81250265560528 -2.83849453605837 -1.88726131473554 -3.69958829279554 -8.51375805238015
-0.863235834890802 2.96139136796265 -7.65065299818964 0.098947636312859 2.31026969574986 1.74843155645843 -0.815328812320238 -1.81846440759161 6.16679737008534 1.24072080872915 -4.05336129053258 0.434418655714847 -4.40345256770166 9.34890198891977 1.09438008150922 0.4433761591553 -0.60959774075167 -4.98715063477635 1.60540403403774 -8.54807983511365
1.46657829652398 7.8982760296238 3.47143408718763 1.42757837977689 -2.517159201903 0.534219312010667 1.31448558076604 1.09818649746419 5.42776153232684 -3.47797438154557 -1.44828428749523 -1.84232739794912 0.11762652115984 2.14893106346534 2.79482769013908 -4.83405239861402 2.80118024789019 -4.09050469281106 1.78843101102982 0.106317023719239
-8.65725450359077 9.05734794783876 2.17186335212982 4.70044629436757 -5.92487949349665 4.38416276082109 -1.07323070680533 -0.14066716321323 -0.917436433243394 1.34103996402003 2.11170377219468 -5.89359560807052 1.80576879370177 0.803348959526079 7.96600670410199 11.095504932445 2.46180437429923 1.08421260377621 -0.609421353234276 -0.178899288655156
2.41803815378594 0.595970283510522 3.11823414336697 -4.64324336288971 1.10318414490337 5.71720166678442 -0.687417131702269 -2.70787447210341 2.37146664885239 2.53111593306009 -1.44261681381743 2.41276770641322 11.59884436729 8.14472440914959 -1.45612094966237 4.24136686329172 0.8073713604564 2.72001937809951 -0.622103435847974 -6.23853995644371
2.62523407497632 4.99878288709659 1.37979057694484 1.0674144662806 -1.99155678169583 2.21747866545863 0.638885035894504 0.850599828708222 2.01434558927404 4.18634976799726 2.23788417498688 -3.0575089961999 1.07544432463064 4.10720921329142 6.02445857238849 -0.00894957656098416 2.07463275283647 1.80769740373651 -9.47070170480772 2.45511094755535
0.916416269446746 7.4275064587495 6.85971680700644 1.1649783561323 3.02852715333816 6.6288234056813 1.86681114272125 -1.60263920498023 0.918528359047935 3.09800061087073 2.62388662779529 -2.31729382907791 -1.59626358306924 -3.65611966900341 5.33563557429855 4.04442696109094 0.918470128777923 -2.87812153877866 3.38674390176074 -9.54590594314504
5.26749438486284 6.98060532645514 -4.13215488093548 0.315414902523433 -0.793337426319641 2.0452966298234 3.12965252966997 -0.504088092297017 6.68924010444286 -0.249967965092553 3.13066144326592 3.01796540319919 1.0179516575322 5.46350959776597 4.77308162257776 2.88795881115684 3.5919745736708 -5.07278586816384 -0.530723587548548 -9.00648490585448
5.96080144099753 1.76343129878709 5.95906192195029 -1.1620654834619 2.66637721533472 -3.63052803087998 -1.76505506609093 -0.566734223539691 0.517252980278712 2.7142095641178 3.02364095784746 3.42928406738267 0.394353381449716 4.68557677281016 -2.82861781923127 0.93221283180503 3.1106607978372 -2.5142160793865 0.788096960058719 -9.31506705812589
0.913208232530183 9.74883392492301 11.4280976365449 4.79574926767933 0.572782115633742 1.90751558255134 0.134442947784153 -0.400382108035141 -3.15265245750323 1.01984591680949 2.0907211573166 -0.790759686565351 -6.30711460539989 -0.607451066762495 -0.380484137140727 8.15449242540309 0.111009494940308 0.0814626124372144 -2.19726183375569 -3.88962073637801
3.64512666838236 -1.5744107269511 2.29699692257581 -0.0814901762965081 3.10635040729011 -0.826728121766086 4.50204655074956 4.00064878032196 7.18235379685938 0.832396620495564 1.50826636013713 -0.89177353700072 -1.17087634450019 4.26815857302924 3.15437737175009 3.03637842294252 2.98377926093976 2.12749276141392 6.00989211396565 -5.98076377316475
-0.491504937263488 2.85515883348706 6.2501575058253 -0.112753382032099 3.6214981710407 -0.747545230492591 -2.61509552505402 2.0820549115707 6.05985039869351 -2.8740255923509 -1.60098303664636 0.999467680595604 -3.87351140106133 5.14478634563613 3.46279502991035 -0.0400849817167082 -0.574060888900148 -5.1548385117467 1.27169398402367 0.802426943748284
-1.80929840618362 5.60053867105849 1.97464219943773 -0.503213178071345 1.93142623942539 8.08858073721849 1.28416544316082 -0.167368855885475 0.8989743335533 -1.84788385072322 0.890252291585002 0.275767499188536 4.00272835954409 -1.81119185584504 0.0102158614389178 -0.556665418494838 0.521428264559384 -3.4768043026244 -0.635056366075375 -3.69194536023984
-1.70400169522545 -2.17808481571731 -0.19915561223198 7.05026940008687 2.47842694204983 2.54746470854442 0.883232696807303 0.341831024309953 2.90659270783128 -0.673205959359757 1.56810338886312 0.829217974610047 2.8148650428856 2.4647814940077 6.58231205833936 -1.36821799614493 6.00341133051721 -10.4240604981536 -3.65795892830311 -0.768641757333565
1.67275171337243 4.99815992151094 3.45948122463951 6.95919896050167 3.45487057922974 2.07827693887974 -0.379835647288264 3.38522595967533 0.30086895780926 -2.20833887819565 1.02390983457338 0.509300888506742 -1.23810204689383 2.54297609356915 0.162673727807136 1.07895252690903 1.52777371550946 -2.48249192578828 0.47672011184919 -3.36425846865709
-0.55514759263169 -3.55496877729637 4.35345342350573 0.977649738273973 -4.33541408099602 5.31364870205811 -0.0440308462231583 -0.204214067703535 5.56555937346255 -1.01357383100847 1.68426095965968 -0.606513769345127 -0.595011811367318 4.14301758207197 -3.82483914641535 1.66044217330347 2.35191602261249 1.58767434817752 -11.9778329430163 -0.82294305205778
1.99637219185593 0.298189842945402 -3.78504086851558 2.91219419620303 6.50201433595608 6.47211242607931 -3.97418656350714 -5.28354618475171 8.85896340946273 1.73453666782775 -4.40862790201058 -1.73967398624338 3.27469911159488 -0.553212589242764 -0.540972411281156 5.73711935676876 6.44668939741619 4.05675506731288 1.14390928612374 3.92831710235001
1.28579388816303 1.09787841826841 6.87552132869339 -0.770356893092139 -0.560548723432576 -3.00986520151007 -0.870962363961233 0.842039581548004 9.92080568748468 4.24643498325131 2.8822335137542 7.91546914378055 8.02565362498313 -2.29450955687787 0.984799806703077 2.07844378961998 1.08142472306011 -12.7258802540051 1.23192418879208 0.189667834717301
0.945160963068801 -2.23276823916908 5.86154814358787 2.04980006258861 -0.36873601068945 4.80714111336712 0.940246591774509 5.08584821955202 1.14120434231049 -3.76850666521202 -3.41871890590474 -1.6335151466461 -6.31813442969065 6.492154093752 -2.5042024503452 2.28356769297832 -0.199518383593069 -3.63852394681986 -9.01949303243636 -0.0125350069338346
7.09535606126032 4.90459128639286 -7.20362728808758 2.16039306676157 1.0263489768156 4.13133946273785 5.05685610850803 5.32993333691083 1.37193312858452 -1.06261920370471 2.85266973111061 3.69537246816261 4.38939681909136 3.50219434521507 1.4764438435721 2.65779010564695 2.2482122752006 -8.75526696030515 -1.19388844140515 -9.05957872875542
2.42526845448858 1.47564888924516 1.9666568716464 -3.06567437365625 0.24074497130826 1.87071236545873 0.814059322242512 -3.12479059050724 5.00504406542203 0.434529137175814 0.636391544104709 3.40559800861216 -2.37391454160597 4.17597109947025 6.62123230708213 3.23641359152936 -3.42887615966492 -5.51152643258059 -11.4778081776715 -4.86616237862648
2.99901077044862 1.5521003800559 0.301658782816178 3.38510580916782 1.65240367527837 0.951687399792771 2.06074566243178 2.37190341704658 1.95477308905084 -1.96406510883984 -1.16359024752976 2.54769183493347 3.73688437950587 2.40500001761517 0.653226387529388 2.31462953549631 -0.663682882754296 -4.91027746154588 -10.6187668415577 -2.41615642353029
-0.520560381447705 0.266775537119996 5.25343652775593 1.27626975913969 -1.31078849202225 -3.79548074618503 0.999154219343197 3.14716124730397 2.02129478410407 2.5912739550372 -1.49721222402005 0.693731784951165 0.0691938196697781 3.49111844307374 3.16666644851191 -1.09004386731263 4.20676821036035 -2.47426240650503 -6.16290325083534 -2.81168059283615
3.47669397592189 7.81528622605698 0.485059873214279 3.44038064710912 -0.141918975555215 4.74242670239158 4.85274440977038 8.03343500011053 4.94206689490757 3.2574410577281 1.58305804700503 5.78962679558547 -3.89968140208298 9.39277141329172 -0.979588947371289 0.738984087215081 -0.784584968243061 -5.29784308216728 -4.17260645885265 0.827700830076618
-0.966358280502473 5.32130091151587 -1.05618909789488 -2.85206648202623 -2.64863882784097 1.28304065170807 0.157512724706758 -0.27884455943761 2.26568442748168 3.29719980774715 1.32093005378007 7.46837538472863 2.46368182119713 5.22136638187996 4.44813520677364 5.63582880135218 -3.32601084549161 6.39355418319632 -0.740635081371055 -4.94558115761649
4.16450544765322 4.75675198841197 6.12190879125975 0.416937203343629 6.61301588178805 1.60362814620704 -0.638344480093583 -0.35942491530397 2.13086155285212 -3.11486699071241 -0.00966316246383081 2.19657757931822 -1.73908358824819 -2.31293478222855 2.43481799789987 2.25835792249514 3.23670854003097 -0.780668062387344 -4.20495607547812 -8.61001711168495
5.31330821502361 1.65395988193871 1.65020536075262 -0.598465229974402 -0.65854322001995 3.15984820605811 1.24490781662762 -2.87749238681652 -1.81449979869147 -4.30724095540342 2.22157254840855 1.302566505302 2.01794327320292 1.13660896479759 -1.50378638174878 -0.318164009699631 -1.26125640782071 -8.08825691479394 -2.39795038481235 -1.31675969483056
-1.70427356549847 2.20707796161889 -0.356480365958661 -2.98786905770939 3.91243480146916 1.32818043654336 0.547147264479479 0.0436124743972768 13.0216633630669 -4.56623311281804 3.53048269219373 4.7067186050908 10.0557799886482 1.48488113209962 1.89989256280571 -1.28902545832063 2.51653661314416 -9.13671023015693 5.68644071935204 4.06561964127298
-5.8811378691972 -0.610466782485904 2.05526143130716 -1.3926272494829 -6.14554261397114 -3.02199361377811 5.38091280470809 3.01009742624809 0.852347716110899 -4.62548430299076 6.0647833397695 -2.25641003435949 1.06320544712762 -0.856046777641646 0.765904908155162 5.46778681902712 5.47572423360186 9.16408640156679 -0.749027713689602 4.65405427352403
-0.0612181200876956 5.80123744860883 2.19099701021001 1.16471157874702 -0.397030677892117 7.29932778075046 2.80513061010294 -0.228516801226491 3.16504751129348 -2.25319860104233 5.24306868332835 5.63120017750033 -4.56049051324806 6.62937023944535 0.56325306342532 7.56716735458263 4.62953310833088 4.06841720661423 -4.8190236754541 0.0381636195504509
2.24142759583106 1.45162665034445 3.45417025573035 0.902186206059114 2.52831467195979 0.373674324963558 0.994573458435919 7.49709255579419 -5.16148767237481 0.149351643593171 0.815367710407586 4.47572320131227 1.4686365324272 3.12961039700239 8.93936409109301 -0.871670336223194 -4.022444397845 -12.1145134808339 -5.37242792278571 0.961532923616636
3.2658422700048 5.96084104568526 0.243744992237275 3.45675028207452 4.61408994924859 2.30716293284755 3.92352078193278 2.51705156670311 3.81522186623833 -0.737982978305226 5.69000797773664 -1.45515075412666 -3.69113121992039 3.06649719111903 1.16731366988708 1.66081942949374 2.09664951884416 -2.81555034789118 1.31790991954441 -5.63381119667367
0.528336946430793 -0.229485827261024 0.404462113711423 5.39366012178904 1.7162654469106 0.528869873234856 -1.22130642924122 3.1519249176461 0.105476702842104 -3.68025349682665 0.491663312060214 -1.10613140693052 3.41892447220259 5.73696572727115 2.8919876204854 0.741113870191717 -8.14659296614368 -3.74426364452433 -10.8621292931729 1.12493672353544
-5.3072701059631 3.35114409583468 2.01479210618855 0.533407546260853 5.35975603178696 0.959564942562968 4.60077888891292 2.27612878926438 -3.81971213702466 4.87396794605576 4.42696056111559 -6.78480396323685 1.12019378601319 2.06336521970738 2.07240788959101 11.1729539677883 0.76515258352573 -1.57936961646874 -0.674862170473762 0.18012577242751
-3.44534012339673 2.1222654728592 8.2684812434392 2.76504191221774 -3.51110012467828 1.63748192838636 -0.699435562472779 3.84873808718907 -0.244909646798672 0.160299598939441 -4.38710788067548 4.19828388802714 -0.335106555736541 1.59262600404723 4.13504139826595 -0.11078931943921 -6.21258175212695 -4.80323606951433 0.590381853632855 0.399427222805794
3.09819925965284 1.88695542415949 8.50913469776811 4.9860846746062 -0.697019075904582 -0.488752686254781 0.388532474678155 -2.46001701572065 1.21721262837252 4.32645482121899 1.10228015224328 -4.55132416751243 0.141506735602665 5.04147372907305 4.59762101221743 -0.388286584242666 -2.58339328572856 -6.50060678514354 -0.827074741896399 0.775162817975534
4.81957072284449 -0.194648691532183 7.89017791252518 5.96373946520372 -3.72988781678311 -2.39435416693393 1.05576284207505 -2.23681003362117 10.3049438817985 4.88275727679238 -0.33753064272535 -9.87977240231396 -0.059397295919845 4.54590214047136 5.66103714184512 1.68521119204075 2.04549856904789 -5.22820417158228 -1.76375073864862 -10.4035133512984
2.18538551253073 6.56712004668142 -3.22198386680834 -3.83594943149978 4.04105956384259 2.90270866950506 0.254008467872753 4.30178553336669 5.48165208050977 -0.011714016259704 -1.7796307525994 -4.81894776576159 -2.08267285621349 -4.52398722390272 2.81100544657156 1.23380947383122 -2.3878839058591 -8.97240757771578 3.41312641251874 -0.937087222823823
3.92511475034643 -0.65130332265701 5.30337347163808 0.486460993731406 1.38747356246145 0.498142207871233 1.47761514612763 1.00526070579676 2.51982146511638 -1.68921636500862 0.357521138841014 -3.34112674932103 0.281374068538537 5.15336891961361 2.17243803173278 3.84732100392999 -1.446132485008 -12.042016752163 6.08695156273478 2.05044887054056
1.51499326742924 -2.83746070937822 -0.562610684316013 -0.672034444174544 -4.02960701264894 5.73720953310591 3.86403354171987 1.21929742785694 2.52554382529004 1.26059204737522 2.4641900216062 -0.906772718493516 -2.57089082528982 3.10484117362619 1.73318496716709 2.84934673397801 5.5437397043623 4.0270392065115 1.78996681873521 2.89248136766014
4.35018691793652 2.57458296720142 6.31104258479214 0.734744222366394 -2.80378452515969 1.91498934616751 3.09345783963374 1.36350054515634 1.15798152865255 0.561182627752659 -1.75832855608793 -1.43908676551691 -0.43583705715413 -1.16789789842515 4.23303227159645 0.454316662891957 -1.38980660293508 -5.3590595382734 2.16807178086004 -7.38185318627146
-3.03471910596257 4.42934898127801 -1.23252294391816 4.61227348034047 2.20256457176635 -0.286021945519086 -5.03058681255899 2.4888609473937 -4.74380646825661 -1.05626451967827 -2.56136590716202 -3.0577153480666 -5.88461561767334 -0.387739783334179 1.59979062873421 -0.952052918934196 2.65412448832474 0.560338474383636 0.549678171134432 -6.06889367112551
-0.278143933413012 7.48231712173582 4.50866257169208 1.93336821180095 1.55476534144322 -7.00256051927695 -9.34876646960284 -0.028861726504585 7.9939381395784 2.48461907071377 -0.677680592151296 -2.61234610689859 -2.7670248286654 8.01743446323437 -0.40557260229172 -1.64864809350295 -2.01984791410045 3.66967704169438 -4.04519015208735 -3.47592553057397
1.2176001851797 -2.26161472813064 1.6670413956304 4.22256103854985 3.05441238484236 1.59171488047464 0.736267612278491 -0.162245798430796 1.83903398408001 -0.566551888676689 -0.249069108151658 2.50233315253879 5.18306908658328 7.70390860629844 4.50119144613108 -1.81430735596059 5.06141692861028 -7.45278074571195 -4.27840317439788 2.45104727381214
3.07652617066781 7.27987814946242 -4.52903538581643 0.144359119921354 -1.67880765595153 1.18060092001762 0.22085566542235 8.19087233676999 0.159325107789166 -1.02849495373225 1.74701355556175 -3.22645342285064 5.62960104814083 2.78974170287629 6.71967954686891 0.126477987654174 1.7489795165369 -7.82647758223744 -2.55964861765166 -1.69478966015318
3.29259755036214 4.06115336943925 1.72848651800137 2.53117537542242 -1.79224674432231 3.41986746491136 2.09900975549298 5.66280871936791 -2.64463009807033 -9.07095448609774 -2.13166793746805 2.10204795784706 -6.66429131881158 0.9512074830819 6.29829170474967 -6.84069583962394 -2.63142111904625 -0.665614718295113 -0.790368834505313 -0.237755533099633
11.7646992445752 6.44964401853326 4.91579538252389 2.45555222959907 0.72237329374745 2.76938644199993 6.68092382609589 3.30989173884479 5.00648595814382 6.60597475989616 -12.501171597982 3.51462568069505 -6.23131419358005 5.08124070449799 1.73871713973534 -0.692327241243708 -3.19907818901796 2.66008977322905 1.04687124542154 5.8912459311363
2.8699967440331 0.13219069447598 -1.79089593162625 0.0447656526126647 2.2044749153139 1.87559238919752 0.428664801277131 2.78401420919912 0.89881305145837 3.34579244882829 -0.903967617805294 1.55988444653786 -0.689216009185259 4.89133881084421 6.99330171732087 0.719890300946794 0.37187800522664 -11.5224142238598 0.574955401344474 0.0226677940072181
3.6282437852638 -5.17553470899995 3.88349590004932 1.69844009960972 -1.58134891201547 0.865669802349974 1.23403240515691 -4.02096334505897 3.43680342434613 3.77028735118295 0.975830277506011 1.50927722540345 1.6149637341359 -1.92011275223139 7.64889806847724 3.02600954164702 -3.7949027515544 0.955531635280642 -10.3836782475192 -3.0227794256239
5.07434505420511 3.82458224630082 11.4788136687465 1.81360402817009 -3.52067938986662 2.88420346644236 3.31692581840034 0.820902833226553 -1.01579742603495 0.238737622154979 0.310528440104276 -0.437314688775989 -1.29464386731771 6.2068547558275 0.765175805843911 1.51882319522303 0.784327228248721 -5.66286799751693 2.13337518135455 -4.67316094227113
-0.981322109857428 5.56358553121325 2.06561719872483 1.45290658200039 1.3369712092338 3.15248840626024 0.028825207703473 1.32014368807103 6.85041149279063 1.8876120502891 7.60134306387468 -6.62939723100325 0.545656043250128 0.403630308623692 3.18720278906281 3.28268692481947 -3.17435678763863 7.37862651069444 -3.04098680665465 2.83177490152115
2.51580483567568 3.85685735041354 2.31036048675428 3.42800577889164 3.5231873691471 5.08284969505746 0.717782716174634 -0.0369208720051668 2.23093130542147 1.23643861160049 0.348867130604727 5.84102546609326 -0.329745182998811 15.5084170928227 -3.94384575143956 -1.50984495744623 -1.19188006959487 -13.2896537254749 -4.88108675596933 -0.691296846358888
-0.731138523736377 2.96870392828937 -0.411608676931488 -1.95895894788474 4.14549198005383 3.54623966597023 -1.19755035142982 0.447460489351314 -0.272411465705927 -2.8894110984688 -3.69830583536465 4.90477667196361 -1.00177914713491 7.60880045723659 3.81546708302492 -1.39236612491185 -2.02905511922653 -1.81429347092489 2.05005819068043 -3.58683155951205
-0.687235284874639 3.3833818749718 2.60000181318018 4.21321950754974 -1.03318457904203 3.1808310661409 7.71088795207756 -5.32718097849166 1.41598606689202 -2.43154720284616 5.15297574822358 1.03844069090569 6.42617882717565 2.38361315077054 5.41179483683469 0.576696385346181 5.66963693727377 4.45087820538189 -0.141854327846695 8.90285277480324
5.04591316130032 1.96468463609099 0.185875238621809 -0.206090715888004 -1.28487675263116 6.14088634599462 0.384807627988063 -1.09457157639819 -2.695696815601 -0.42776026021322 0.576440122946526 0.686896721946766 5.52614356865338 -0.563259102182299 -3.77619615685871 2.22802524906868 1.92263097118843 -9.75780003557638 -1.2514909064459 1.49590023893833
2.40614983399154 5.98425781843161 8.14279610591432 -1.89288744306205 1.7102036877001 -1.59295666708467 -1.35776110379716 1.40243880085349 -0.178437503691371 1.62732626684274 1.41074919336643 0.148577326656914 -1.76547919345268 2.8859725624861 -5.60929412989932 2.93112804637129 -0.0253707252245006 -3.05436226246311 3.21328224381719 -8.1991284779728
0.091728999772102 3.4501741654491 0.0917190131729204 7.50258538542095 3.72483918233957 -0.462131275773083 2.97797434789844 1.26790822565006 3.62888910288613 -0.61684609100028 -0.457494362713988 -1.06315905463643 0.754600185559793 3.9971864246132 -2.25533709930664 1.86097250641638 2.14319757964058 1.770890149404 -11.2539124068272 -1.45218183446691
-2.02071052991173 0.0800492497893566 -2.2026846830382 3.81746623526375 4.18521634490776 -0.561300566331903 -2.78048846158739 2.42278820174835 6.93861062352795 -1.87439265403637 -2.43327631505209 3.40949476367406 -6.77993266721413 1.43992483600765 2.24060398298975 -0.90071321605752 -2.87767828718816 -1.81376607063536 -0.787339665830676 -4.11076401474225
4.06045180867308 2.32509430995103 7.40687195995253 3.89350083316404 1.40661631455952 1.22988408246196 0.864826891242226 -5.58696478822234 1.15034388301423 -0.924250549816118 0.124196127254761 -0.845146364195752 -0.632289572633251 0.0837523551122312 -0.963519148980459 -0.477993774027335 -1.54549682115112 -0.539056559780612 -13.0341541428002 -0.101552758009311
2.00390781643283 3.43988544563938 6.62968196583724 1.36630516057666 -0.155944981326145 0.795543354170944 -1.21781970410576 -2.20103339393405 0.576898857195784 2.40698249804862 3.31446681890129 -1.93159522038579 -1.82577381443427 2.63524641144163 4.91042574322669 1.79405781506518 2.26064198057793 0.284152744715215 0.583997561427212 -7.71085633894392
6.60740196877819 0.901131676348136 8.59939394034893 3.51103637887079 1.11150222576617 1.39111453572147 1.37793413344994 -3.50350644938973 -0.318179217501771 -3.92047516698522 -1.7955832337809 5.96787818411246 -0.121748192116031 3.56015650703475 -1.49064265479266 -1.27731954792476 -0.6823287643049 -3.15717328016972 -7.09283514826136 0.598942094721277
-0.727026957142384 0.985188170479146 0.81330270948931 0.419180839361927 1.80990517496096 4.37696045815801 0.814240382608868 -3.3165263387642 -1.83928062668975 -2.91372078620911 2.54126586527654 -3.29583876797483 1.21345332410147 7.64102237539516 5.02043091753126 5.11743869735359 1.30775887699215 -1.09365088555185 0.867777941956826 5.09358014782578
2.27994688732257 3.39434002973236 -0.0728884224752093 1.28261040966998 0.269197862495545 4.44123742033661 5.63841252373433 -4.32540926337861 1.58501207930909 3.69070673399228 -0.0612432759456911 1.52126858872596 -1.09176598231933 -7.42424975950946 5.32888031755612 0.745625612232858 3.03024498473558 -1.04795534875158 1.48527980772499 -8.25096558270367
-0.428780796700393 0.585828190916417 9.03545574815013 -1.01445598208149 -2.25079576415917 3.43899170262634 2.97649466095955 -4.99093157475901 1.76494872405689 -0.322819881273713 -3.67041131390144 -6.01580341268787 2.79733763045916 2.21505070220146 6.16381675917452 5.22102181681683 2.668506719276 7.81564673337377 -1.24830996686478 4.61528437007138
2.54949130607051 -0.79891946594571 -0.449378130572396 2.0073864380011 0.522333057578365 0.471771881254497 -1.95617033904121 3.33837288292561 0.673180720596239 0.155032590660746 -2.90260774708631 -4.31524536955641 0.175831963559823 4.70886614119524 9.83326053852077 -8.0781573296525 2.59730080624492 -3.55406091234183 0.355590845092996 -4.08266546463492
0.59924371424436 3.08024020567367 -0.195088118571483 8.06335795713348 1.67854101271077 4.33514503406656 -0.196000565265582 -0.399567659612942 1.3855532073715 2.08541024952651 -0.797214046848668 2.86494715200095 2.35877765037778 2.38803950830926 3.05707145037225 0.754771565144494 -0.295616765211455 -3.73777554031467 -10.5730096547277 -4.69760359132739
1.56123981501336 2.09209326599771 0.042421632690044 -1.52530296596422 2.7055562637844 6.31872895305192 -1.21952772894473 -2.01197412660181 6.35111361800762 -3.39506529456602 -1.87183807691304 8.43882985463925 2.21283266285464 6.80085438004897 -1.35687844144381 -3.17895906167068 4.5333083432014 0.41104561989195 -1.3476165329445 -3.97370426270901
0.00262105940603141 4.78647226360583 -0.562213558259612 3.06107534744996 -2.39455257793509 3.54017762398837 -1.17549801547474 3.13633599086248 -5.4704380928756 4.05432627036555 0.264143986369858 -3.86420469398596 0.342219865423504 5.68776482550138 3.89694898755688 -0.664908674033087 -4.99259813924047 -10.0589192194812 -5.41404959191107 -2.84743617172181
5.58483872651157 2.69902120431257 4.81033846718707 0.022675167440859 1.31105700362415 -3.62354427374939 4.29178014289084 -2.12947622282094 1.73139122143435 1.55300675443841 3.38808506920231 5.70637711957057 -3.25915193624219 0.502767695328949 4.18852911374509 5.42017280770077 1.72856824581274 -5.53954127359365 -2.75638435413448 -13.1204740003124
3.80950432991968 4.4548159729758 4.8662241579118 0.669090590951904 3.09490172891739 0.576036504607497 4.49542375358423 -0.639438337601473 3.03281065443219 1.90519219544241 5.03346672329583 8.49047552688168 -3.77620400545017 -1.37629255124916 1.67329315175717 -0.308265941517226 0.809473621385387 -0.573007593600048 0.752868504175472 6.00246038244366
0.606868795234549 4.1018718806836 8.48752422871416 -0.652617714949306 0.382273019172929 0.940894126421678 1.49852934623174 3.27181754872478 -0.393460617665311 -0.305769325848764 -0.531337228384854 -1.17610567352561 -2.62875242097369 1.28283971584982 -0.890432804377874 3.23547030005912 0.456295827619319 0.770599379913172 -4.35911452446043 -9.36275013936106
-0.877457509351269 3.20539369918917 5.13094799787616 1.84055943544258 2.50348187262503 1.25289247112329 -1.52307189732359 -2.74435432058774 -1.72833223518171 3.33619608764117 1.5710441754638 -0.2292807103458 -1.7192095144991 2.46950574208049 2.15357605522319 0.909157758211876 -1.20988159016238 -9.87655183493642 -1.1573580749907 -1.67771038076906
3.56222207326265 0.103395455449478 5.26963140160208 2.98606392868735 0.466249156462677 -0.624749977605023 0.983857555791296 7.39818471103218 -2.19564152138961 3.23412118966783 -0.645909781113388 0.042808053323229 2.95380718480039 1.6935154033385 5.7769649755778 -1.83448729420672 -0.581254836810832 -7.35671193558502 -8.34910984456063 1.20360590423356
2.81050900291827 1.06767483309432 -5.07958651377434 -5.35892151859975 0.0453393860186166 6.58000832969973 2.71052379368968 -0.579403146019072 -0.790001131326154 0.594917707249736 6.35081693687927 5.32209437413626 2.22845494360675 -3.65716067345529 3.97997070494331 -6.66893452291796 -2.89499848769919 -6.35789855404919 -3.43077846632497 -7.25464619636756
-1.17513269370232 3.74457924430263 -0.461251106893321 3.57472780846541 4.85780814002889 -2.12323372530563 -2.18092233701513 0.236289772432766 1.05835920899631 1.76570677386075 -6.20685434384098 11.0085907885452 1.59958732280251 4.93312932233904 0.671386309183431 -2.85318721671122 4.764570003005 -6.58680455764383 4.41839888088908 4.05920852803323
-1.76957361118473 6.18781371416238 2.80503825137645 4.22470623697875 -1.17614408605446 1.38800459604721 -4.95398958205386 0.515683666732567 2.23935255585142 -1.32322232690476 -0.686591751803347 -1.12511223799463 2.78443010786952 4.117358839943 1.71227917923166 -4.87453814282283 -0.458432320840786 -2.61816055767251 -2.06086402501382 -2.24786129876482
6.13456836003925 -3.41989471036213 6.25466202972669 0.355333881918525 0.294804125032827 1.03314198263379 5.92854313987736 -1.03032938667894 9.70804924628582 3.01935924587618 -0.167279756704411 3.25219074347939 -0.502092086131325 3.34946826534845 8.46066241568178 6.32041680150937 2.66508270721777 -0.38541216054076 0.634810942514658 -3.48957954874008
1.28300195752294 4.47513717312424 -2.66150376135541 0.721080991123737 0.572044962786829 7.73386799322819 0.372539811098811 -2.70451675535589 7.24139592200398 -0.488038375982232 -2.42095644990781 1.72101084354926 2.38223718349234 2.97854463597377 3.61449329694405 -1.60419559094267 4.3225044108702 -9.50081467214357 -4.17647815692474 -0.802745853372543
0.613485424512592 0.95828318205792 2.3590513514095 2.69406696019162 3.89974151240608 3.49129403768838 -1.60953766741172 1.04078808702847 2.06446455334856 2.45109143606101 -1.8202017186256 6.80523427791724 -1.64358730314291 3.29738129377133 2.81914797102701 3.98980457208088 -0.252402225340293 -2.35343911351307 -1.50319879838496 -7.01677799915628
-1.75572350894677 4.7479328625034 -0.15985591015994 -2.606772413151 0.036982473213729 4.53700353024766 0.414311799069521 3.88763206983473 -1.38246839306513 -6.32656612335165 -5.56085550195663 0.449775849103448 2.55363560576423 -0.209836030716716 2.910948113214 0.544188741980678 -8.45462347195052 -2.83170118284439 -0.843826749844389 -1.89770046182895
-3.86882540134378 1.44356031460475 -1.42363759708875 2.07746154843272 -0.838113744982846 2.6376306084277 -4.41042105144237 -0.254163242183664 -2.34239171125163 3.04316498327789 -0.481405140798748 4.75865917447916 -0.309503815146679 2.88616583062479 5.4713935530822 1.46745779180853 0.00310458836178507 -2.51948338887993 -9.52236193646777 -0.794593470725227
2.25419994432497 0.723475912378269 4.78275676046384 0.0332282580598877 4.11263910998395 2.70545707029541 -3.27927189616869 5.55863287093126 1.03839058859164 -4.25771134604707 0.797485724476382 2.01110484409176 -5.04147094542307 -1.49757276070023 4.19164353916338 -4.19988069257937 -1.58408376705327 0.195579889529445 -2.218671280221 -6.01466843772472
7.80774358102281 6.61163651635312 8.02994718259404 2.11231157424654 0.160494751673494 -2.00911219267864 3.75424464076716 1.01667788086232 -6.4595056447135 1.58055950467994 0.201694813609768 3.16823518124139 -2.19107011038327 4.65929269590438 0.603906908193941 -0.700427510949945 2.92403452155325 -3.83278674845842 -2.44616643931768 -7.11844275669608
1.24531481056246 -0.154543962245847 2.35050112785443 -1.27288980035293 1.28543574567297 -0.724047497000296 -4.19136531990103 0.0584186948074891 0.737275279083694 -1.78531334386259 -4.74144168029885 -3.3782906968649 1.5074465650434 5.28201897650797 -2.02210007047659 0.937883275466675 0.17951834994936 4.48266084569206 -1.62662516756132 0.106618097466021
7.99428985684917 4.64897468198176 2.08680699068905 0.964139206573685 -0.695644589921315 5.07125336508759 1.36054919266787 3.08193815279891 -0.76152825996222 -1.79856491035512 3.64556653779208 1.15297875830626 3.03810469048689 6.57437840410506 4.34223454990157 0.112873609014877 3.10024667416115 -1.18146808448233 -10.6360317994148 0.257037001966603
0.511891365824309 1.87545921401517 10.3079248678749 5.5633740247653 2.11200266224572 1.147211348164 4.65852793275225 0.981009336907783 2.39274826313727 0.883788044369255 -3.22143281295421 -0.890228177714753 1.64580649841463 -3.12392037861376 1.93704511496777 -0.198032747065862 -6.95294369921078 1.49128006502526 1.47925914749097 -2.42599125265245
-0.253939796060293 1.03742247446466 6.02766265865569 6.22642645326691 -2.24453431435667 2.24955234665314 -1.63440638048392 3.76104546232667 -3.80414189806273 0.75629915513238 -2.9204265608666 -0.240895023705915 0.786557105307165 7.06527273931024 0.50036531945997 -0.0759660483604544 4.8355335568622 -11.0041699451345 -9.28646050840092 3.1991163264363
4.66465085129864 1.7722019414391 5.54626193545748 0.794224105482081 -3.67433731308257 2.38200476158735 1.30753150107263 3.5640944211992 1.20188905484731 -4.60127393715 3.5216344325793 -0.995036588983484 -3.66796730845335 2.75019694740736 6.59831073380773 3.56707464983919 -4.87200109945357 -8.02905063337631 -0.0972339101854467 3.93480943439173
-1.84057216187584 2.99144488150045 4.46092033581735 5.89628504723727 0.233343964098042 2.18647368358502 -2.23908526162063 -2.976841430844 -3.42492693883265 4.86424848742733 -0.846596477078789 2.72870402519992 1.20252515103261 3.48355511962812 0.363875553038518 1.20747132216576 1.3237431752465 -5.27519839602308 4.37452224923708 -4.86567608843863
-0.702960858490227 6.72568030157733 12.1666555299452 -0.915868895754917 0.251982850802702 -3.59463995732531 -1.92087125808313 -4.53083755131043 3.61564848564834 -1.43683279802499 -3.67995829620285 1.3500270364138 3.32149550353414 0.0987837688819853 0.396283608235138 -2.13980745851165 -0.472524833685982 0.0358956107690125 1.95400266604052 -3.7976962943656
-0.561901109335596 3.06887448159625 4.90722120342885 1.9753205884953 -2.70948621699943 -1.83364776753747 -0.895101884343637 -2.52602882160443 5.74992388861883 -0.672365439063434 2.88687468017227 7.4416982938175 2.34189054461093 2.16453169938472 0.734778254996704 -5.22792910153804 -4.22914575284602 -2.54694317905369 -0.935176969020326 -3.24562069165512
5.17574658099526 4.36291377186715 2.55031301506952 2.47768148530431 0.927818585139911 -0.857278815453576 6.79197219854072 3.99528351965083 0.571247829398047 1.37264595519003 5.90478166522774 -5.12432259615734 3.75811855125658 -5.64911678051264 2.33881978601905 -5.19337368822506 1.23852620682948 0.526492735040288 0.501265116189319 5.34983539149744
2.30614646078469 -1.54676990967747 4.17802659167163 2.81181739110153 1.16715373326092 -4.10613416421752 0.871925774196697 6.69909692224793 5.95497642270887 -0.911286504202489 6.91816585899526 2.56110068639787 1.76783945345148 3.89202325694267 4.08074310787984 1.93526720059205 -0.2131267029465 2.75206740924874 -0.782710483065109 1.50295087709114
3.36020824993083 1.71394745768443 10.3734214267416 -0.84761082296986 -5.01457858509999 2.12259630197702 0.688147442168205 -2.15232081067499 -0.699810035255479 0.268650310898193 1.43524599592462 -3.39743924380636 -5.24582623986157 9.92707779165801 5.22585206352418 6.05338620417507 0.851470899589416 -5.0274867895208 -4.10227331227721 -5.88616223571257
3.34545848172726 -4.65869004971933 3.74896002202115 -1.62763594336188 1.61961278764621 2.1654991598492 -0.349362341537428 -1.17601168072939 -4.53327310176944 -2.4676515056403 1.47931229419621 1.26048050148837 3.16152859400513 7.79105633847073 0.467693032236832 -0.365118471701868 -3.344537740495 1.74693095111475 -10.6157072542067 2.45530322642061
-1.47301066287584 2.00846094410243 9.09825589136211 -0.0303208928948999 5.57372600139996 1.43319212844252 -1.02207561995549 -7.45937849274946 3.71822477673825 -1.11932560563873 -0.506500810078776 -3.97358771599761 -2.89265215360866 -1.01142953829721 4.17645081459635 -0.426161957123082 -4.06126634747413 -0.784895762984058 -2.39773231231461 3.17946960501309
-0.176441204852728 0.85287927596754 2.00993952455322 4.92209710706097 -0.629648878870703 4.46233910764157 -1.10170411391965 -0.414927217104563 8.4060079110929 1.89745812941675 -0.320298726711297 0.566431882772687 -3.11569651713825 6.29290295257049 -0.659149115721277 -2.02704405121232 -1.84782736228594 -3.4425675224074 -10.3064593141616 -4.33256264952054
1.33347600372588 4.34338144674915 -0.577145417905567 -0.0089471831106398 -5.06903033901686 2.91503983791227 4.27121929515073 -0.698709633713624 -1.80553844236713 -0.0218950868987641 3.79509411227681 -3.99060820569214 0.864646537748889 5.60697033580717 3.15377791713622 4.12283830953638 -1.33063757544159 -0.45959171732101 2.8724639299073 2.04225451257796
-3.39743936707848 6.15696282974815 -1.88454651484808 2.52032676154811 -5.92292005642992 2.20574661224438 0.171262470753342 2.85027020361457 5.52635345841768 -0.958744127754946 -2.97075865646044 1.60221166240253 -4.02645622108718 7.51273740681724 -0.934551930436172 0.825522845717539 -2.22729476220942 -0.482054954366518 0.946710003124802 -4.06174147170762
-0.719826984979427 2.89133311019673 -4.14237231395995 3.76965102125259 2.64689243540972 8.67545583567875 1.19497344699512 5.29252276857143 6.69751298686478 -1.94072926235842 2.78338347925373 9.29840460656432 -2.0895883178648 7.27791988831363 3.61767776922723 1.30312125527444 1.56294248650514 -7.39285548613147 -0.109230818366982 0.768243081447244
2.63260443907564 3.86863023185007 8.05541679617192 0.734068850168393 -1.56738328097709 -0.617653344201204 1.79438294533675 1.82462261507549 3.09725440413807 -1.01557253853528 -0.910492477165842 3.27163015815474 -0.316113467539924 -0.0578436373921782 -1.04416846951372 0.832734681430474 -1.12464773016571 -5.31218217875149 -0.197265106447445 -4.62977651786428
2.38352882563425 2.77535090388617 4.31244395371189 1.85847516557956 1.24219805663822 1.95332667994314 -0.823020804325032 1.1763520673095 0.763037015125339 -2.85330824638042 -0.648048736226309 0.761987936750589 -1.08552029518255 7.34815482652971 -1.78485374031551 -1.1004054989884 -3.10823382658096 0.77318309304456 -2.95227280323807 1.9409767614479
-2.25587041501796 -1.40358883080969 4.75386921103708 -4.08777834617133 -2.2392706496972 -0.0965351865128585 -1.74957259951305 -0.636498533041101 -2.92980500223995 -1.47468736315366 -0.263234149080054 3.50055858835 -3.13051113890677 8.41380067601284 -0.106348450248182 3.45177252005427 1.57347703410383 0.473700954213688 -8.29908009832743 -0.563500159741699
5.79685003849754 -1.17938487058658 3.54778731920899 4.9218114393164 2.15873542521792 -3.34011110506502 4.47289392771203 -1.40468266456035 5.56459346851519 -1.31553356432366 2.65268031415418 2.98830833065742 -3.98001795561446 6.96793202931751 1.95244290722203 -3.13687083438361 3.97517816214305 -3.08004782573159 -1.74462256613012 -3.92612104305784
-0.589843172676485 0.818279401912507 5.04843373747554 -3.18152319686786 1.59384314080977 6.02419263883737 -1.14134731646967 0.929255733312092 0.775082652878606 -2.00911833080785 3.81424594703792 0.356165702431191 -3.5434427298718 5.21507805789397 7.81999954911452 -0.23215531742186 -2.41598319329785 -6.38901681589969 -4.37231634903953 -3.65076852464464
3.78275152651708 5.58614506023369 3.52427089435155 1.24705594149658 1.48612035650518 -0.475660631221126 0.308559775059577 2.85010191523735 -4.05058644592606 0.959773150594356 2.17546713919939 -0.308747282651105 5.49059516606171 10.1482783359431 3.32919608289886 2.11767467804558 1.01191812391101 -5.03166590098673 2.34237828299806 -4.66421363395805
8.46622649991106 4.50131064922904 4.7937858336057 0.335165158445605 1.18443592187556 -1.74325235637707 5.29933774717509 -4.90871897507337 1.35041079636193 -3.6138091319935 2.60679571989577 0.94304300754282 -1.86202890781887 9.6568919513447 -1.54121112248154 3.65280126911972 1.1178069372325 -3.04523184933614 -1.06838087902684 -8.43997532214683
3.18841940627942 -0.694113618067016 2.28078142174649 1.7983991325827 -3.44292390117616 -1.48404797103633 2.51926414722313 2.27812886369641 2.62882673885753 -1.48949165013585 1.01210366018136 -2.94189912867342 0.19778884514752 1.12943503230134 0.854666820784613 2.28144145298148 1.95468064360808 -11.9865358395968 2.43004258845746 3.83360802009039
-1.21615701458678 0.101541145701265 4.69532281486956 2.98275540727407 0.98213067973621 6.8802599583883 2.36288148352049 -3.41608698018503 6.1233463198227 2.06757351154828 2.94776460517972 0.552665407344784 -1.60674681244041 3.55745676562059 1.10125654288771 5.74546721148406 0.324837434612829 1.2725039305704 -1.71221578255802 -1.75725457663841
2.53755124627378 6.34128949793995 -0.461615792833431 0.9934483517214 3.6461089430873 0.930583257995786 -3.05283813231577 -2.54909635561953 5.9264977197752 -1.45352142585508 1.52908743573002 -4.06689293720843 -2.65041002177833 5.90736545350777 -5.5893519385276 2.43459863206169 2.15804722585283 1.85638839416173 0.00244284418591573 5.56991140210033
4.05801975061294 4.02660546695536 0.0619807569284747 1.03931424942718 -1.47226824273795 4.12836123992297 -0.126102613539092 -0.461453541995075 4.34472358480335 -1.39708421602239 0.988259655951655 -0.145866980927035 -3.56529303596135 -1.36730323266642 5.1953285135958 0.603834064644142 -1.40471974331267 -10.6683165843115 -2.54331675201534 -2.46267649402366
3.16495869684012 1.14583323800519 6.79971767128765 1.0648070426231 -1.04284244281711 -0.0765472392515423 2.6403410937418 -7.94263951450046 2.04017300157696 2.54319017465073 4.18334729176945 -1.3709815801457 -3.4844771879216 -1.58416242237337 1.73971803675867 1.43016853365512 1.66716383280927 -5.06516360769947 -1.77550566195529 -6.5949220203958
3.08625953177968 3.54214907537055 -3.16407524782865 2.1412381896142 0.489456034651166 2.54990116810849 3.78382564471065 4.76656957951555 2.79612617332515 2.71681481101427 0.531468602240559 5.53241052817339 -3.81923885514181 2.85890537252114 4.40488278683793 0.228393724953454 3.14542262082872 -3.1904258098486 -3.4133631379244 -8.87430659115989
0.84192178572545 3.90055382449378 2.14429326671597 5.32556881034586 -4.83673963402641 2.83869951131672 4.57263347256796 -3.32210168675896 5.95428153587523 2.66986411983936 -4.17170342631538 1.35842930582124 7.44363514193844 -1.67811742434866 2.90377635635136 0.160912841361958 3.11653159476603 0.999435627739944 0.769369241280685 6.14872439945517
7.84593846994144 1.24153831180143 -2.03821932418604 -0.476360778390908 1.78844402817923 6.46406962643549 1.33622917021095 0.898087786949573 2.78745164287754 1.48877032401187 2.38924631163452 -0.982101213720492 -3.19057636108251 -3.20675086316297 2.38918017155201 4.75035560644106 1.08024971096492 -3.28372753219454 4.84598552044034 -8.79107727188012
-1.59552540454822 -0.537704118123072 1.83660973564054 -2.68981840590445 1.44288741744567 -0.0447363997878598 0.232629692184698 -1.52502697424802 5.90405823423411 0.826744546769119 -2.23823321658867 -0.196609561332957 -0.947074057429829 -2.37490339759826 1.04578637120296 0.384541848841801 -8.11968078415991 -3.40227802229262 -0.857953744327784 -4.001334784675
-1.30024897370789 -0.737435858309501 3.89220807830945 1.12020960859472 -1.92802000041243 8.25724101873572 -3.46598666401116 -2.38203522064379 1.87585973427406 2.47471225310615 0.192245524421473 0.183072731277594 1.59442233715566 3.47444915925913 1.73347702312578 -1.3185207780339 4.58841383861617 -2.63467660729437 -8.89822215547086 -2.64319668608887
2.42487316118671 -1.5272443403737 4.09179399377088 3.56420879184495 2.45353777568182 -2.04473141339119 -1.08429837374634 5.43592257130454 3.35502779507304 -2.6933464171529 1.67359620956382 0.858923172153357 -2.32272953210111 1.58143821735228 1.83575459521485 -1.24948638576018 -6.09158763416536 -10.018064559853 -5.96377668954185 -2.49033882002933
1.1590124648579 -2.72423542455589 9.02050863179379 5.06848782940681 4.18552078826416 4.84269625098083 -0.894712208558129 3.36142783403422 5.99234320275847 -0.811244333003339 1.725267283552 2.04377328709112 -2.13764204766751 5.37457228688836 0.823134542272933 4.11191123814037 1.48313406862635 -2.98048619711856 -3.04095637892924 -3.93612243843131
-1.83989472373013 1.84461178587173 6.91951533238116 -0.930890038008531 -0.4466465642666 4.74413765616369 -3.69381665838612 4.12750106625427 -1.24868103835015 -3.35730681313318 -0.731759546469394 -0.5433684403389 1.2123287207076 0.344182623368255 -4.08720119484705 -4.22863311253685 -0.0245993478982012 2.92850758966471 0.823679065648073 -1.16583848653922
-1.21898807884551 3.36839202501559 -2.62371774818048 1.72361816904969 2.14035305433771 0.66213147549238 4.08582930210692 -1.08279425399883 1.19311632039617 1.83293047618163 3.00975990601395 2.08276183283796 2.03400838836553 2.16801544410868 -0.526477893016222 5.61217108481246 -1.43572078130114 3.30517011559692 0.793263018659409 2.64939761807356
6.23344671894784 -0.243896475864688 4.14573389187268 8.62643075653826 -1.33177710760162 6.12802492369078 3.88786818004928 0.700953958760297 -2.70614604993674 -0.0590698904666282 -0.644546669664964 2.7025192969384 7.11069185576777 3.03106238976382 6.74566359985198 1.50427040703452 2.38470900962143 2.35219314299028 -6.31263569265267 -1.18304804779009
8.34989637355248 2.77459791308848 6.56956570281136 0.986046689350407 -0.571916238175734 -6.75762662430786 2.48254380176329 0.751107029076831 -3.60292852549452 -1.75193583029882 1.90476147268 4.12951368098069 4.02409879749685 4.10031240752616 1.87971000105825 1.96503811865625 6.03889301588463 -2.4846230487211 2.32277033114319 -2.2988620400053
-0.987644445153543 2.58885942985355 -0.0741493412160961 0.404740397664181 -4.27116300111652 -3.51577189776174 0.125412116302632 -0.0406879869379417 7.67221754823034 3.91795456998024 0.00137681893603592 5.07171675920737 -4.81173637363886 3.99590197621178 3.03791988774108 -0.717183401441224 2.25202362311507 -11.1753491144835 2.36715183272641 2.52128556521012
5.05882614261255 0.556517153246005 2.88712873236539 -1.11406901276021 0.766044163499464 -1.35780137678014 3.92248178779472 2.18186553840634 1.28569499534343 1.0805229849318 0.236756027328296 -4.8349563905649 -0.755234359789992 6.73105807481399 1.57741590044715 2.6333864495293 1.02997799902811 -5.88831611737573 -9.29355914732827 -1.35825060685482
-2.13000242278446 1.61188780464008 4.77117906666 2.45191946016395 4.98367625896482 -0.736497963302383 -1.61903408515648 3.65542188523752 2.6557636274857 -1.52851797567847 -1.02282607436328 -2.76819611373978 4.08447167050003 5.31444028547052 4.02575977804684 -0.584052440376555 0.518389095184058 0.812415868071776 -9.34283475961049 -4.49502111148008
8.2183151417069 0.20250137711705 7.571966427519 2.29960203244115 -3.30170143175621 -0.892101316029426 0.00353581897656952 -3.7923535492014 -5.78024643083435 3.76209534436024 -2.87855492159378 -1.32459848711064 -1.74284209078927 3.5901248165158 0.227813683493119 2.69924621970959 2.2439708430872 -0.714571360795086 1.16521634809651 3.37428026167642
4.89208174269805 1.86703313092636 10.0977376304002 -2.93868020001261 -1.29174795121505 1.77729344101217 0.850267552304768 2.9882530224396 5.8203928540641 0.705215556668693 -1.25308602740806 -5.90577914952461 -3.4671361844899 -1.14929569974076 0.0835849529633776 0.679838625018035 5.64009999971392 -5.12344550166359 -7.35399380601582 -2.50158601640235
3.35442657061869 2.74413895468053 0.714652266581644 6.20010690763321 -1.19287990777108 5.95484480812377 2.29877404713679 2.17594291145284 4.42860282401411 -0.665369268947278 2.08268565838729 1.60835797831918 -1.12971400146774 -3.54126815432765 2.44288882221855 0.957673029409231 -1.0019670619146 -3.3110232402005 -9.77878803342346 0.786532439562066
-3.65725897781866 1.38427984734474 -0.562722469877742 4.40705696228712 -1.75846095810307 3.68026835630591 -5.64476159663983 0.708372254216306 4.13723300657375 0.435858000019954 -1.8441885551631 2.61011266065399 -6.15313888746793 3.13587586415485 1.22336051760631 0.313924449778578 -3.45746502770452 -3.57291000563708 0.862925248883066 -1.9919946820812
0.935098500273884 6.17309180486196 -1.04553573661862 1.78522414178505 2.10635795683436 -1.60374509760161 1.6215154925401 4.46459144262715 0.556511492369032 3.28216771855491 -1.65120586158306 3.99879763810852 0.465949987328308 -1.09595427597873 4.97255087125627 0.329665000881836 0.874062910725044 -4.57408240370144 -3.68081046607894 -0.336917864119415
0.57307497824453 3.38087882318733 -3.43101348816458 3.510127365931 2.14541550941704 6.65746017380101 -3.29512988626618 3.65886981930151 -2.12368830981033 -3.07741930066213 1.63124216344467 -3.43071080155597 3.80833938391524 4.42952844122449 4.80199747553782 -0.701250443915328 1.4564438614159 -11.5116679534234 -3.83639236514281 -0.136184455630671
4.70411018318615 -5.01602570462473 2.32195919303257 -4.36695709796605 -1.0216979385643 -3.31231823143554 1.0269908036496 -2.29563756347375 0.0811943800724546 -2.30894801176346 1.85940536696361 -0.269671434277201 -0.378736714208427 1.56216044729031 -1.21925341252216 -0.389840315723103 3.40353917130747 -7.38302101204814 -2.19048474863781 1.77158948031357
0.73735879880709 5.65752267341612 3.61230850098843 -3.25561691162944 0.827125487287464 -1.1152201619867 2.65771973795647 0.948738815634446 1.76144989041324 1.68676863774837 0.930621251255409 -2.27934876791418 5.7368340614538 5.36476717525048 -2.13938463578315 2.67932492624071 2.62343472778185 -3.41583200249534 -3.96999480413277 -1.73769001035558
-2.19775830004501 2.64712580169982 5.7522284567218 -0.20719527224349 -0.572564423482741 2.65711207780892 0.997500366365373 -2.68950272399868 3.22208019074288 1.92547559697264 2.86065786411625 2.03510107382659 -0.474091732146634 -3.42800270318015 1.52290501108045 1.56782496115061 0.297172687652285 -8.02447340566779 2.25377076740802 -1.57553287293439
-3.68728919705175 4.38954323110334 -4.0963928156337 -0.732485987424585 2.92410411181899 4.23265247132032 2.21920639586019 -0.585147305810786 5.164008340301 -2.43890770462428 3.95052282737849 1.98826247720957 -2.04186404838119 6.68702745468052 0.214599662435897 2.15007763849116 -1.00705901416207 -2.70803069228362 3.61945966030931 -1.6998765585899
1.9455621922823 1.80875756152374 6.17441261919704 -0.242204999508582 -0.214013511814662 1.45545411012297 -0.130727553324741 -0.74062002391704 6.41567442001132 -1.4070900497487 3.59231891983636 0.414659323592764 -1.48492531279548 7.18036418131253 2.02979853117142 1.26574429105959 1.91434107823842 -8.05827124565274 4.33815869669277 -0.445810474066734
0.12859042698866 2.83088971866085 -0.526248513982023 7.65652719504025 4.46550200511393 1.38075506999177 -0.490021529673082 1.06519123133264 1.69815631295186 0.965337536445438 -0.993609362689295 -0.315765185423535 -1.72479200409573 3.22755985108908 3.16792576017628 -0.430520390821838 -4.54201245107594 -3.77398590429445 0.65821409980897 -1.05713719519779
2.43769677191762 8.16674063320301 4.89735335736604 2.09613232861947 -1.78819910211221 1.81351707174871 1.03407943640277 1.04211804256685 -0.224004031171604 2.99847063592648 -6.3826465765474 -2.09325363402165 1.19074244468592 -2.95964080281979 6.07542606667997 0.55865157491298 -0.768496636926428 -7.39452355028121 -3.94996845700618 1.36273033389539
2.98530662116007 2.24734662223978 7.26470935627521 1.8000191731835 0.817958072401058 0.698166695423478 -3.02674730632671 -3.26134197570679 4.30844650110224 -3.78256011275385 -3.82609905880587 -0.642698218428997 -0.652913964967181 -0.293973167702879 2.35660496873391 -5.8072974175232 -2.19761785357515 -2.93300230945032 -3.17450751500588 -4.28894670647638
6.6629724967148 -2.93633029856941 3.09995123696647 -3.08256149459992 -1.78943143794933 1.19138667835606 1.19540260138386 -0.261733443360416 5.14439015218928 3.07064235578676 0.168186052225719 -1.58789095435023 1.9561484175344 4.94366504012037 6.66376016125961 4.89334095075803 1.74062041259239 -2.35078730514105 1.22903460494517 -10.7280116548391
-2.09935464415385 -0.999859404037196 7.56953022668454 3.22204884597373 -1.31368877303349 -1.18853294122533 0.327438766372905 -1.54183245359929 4.42921918341548 0.985869294829694 -0.453078131998483 3.99196041939015 5.56976466692818 2.16449078431258 3.07501054989706 0.947720829015147 0.999216736787458 0.75084558533746 -9.82003514743279 0.819583312962475
-0.413812580974384 1.02244233217887 2.47481036085636 -0.747541047387987 0.88279798858738 -0.444141952586016 -9.19168487811332 0.51972490345814 4.027842818678 1.09447697916553 -4.34229051853947 -3.64179356611064 5.65572579907797 3.63745267055862 -0.0139242440289589 -3.76280823414829 -1.7729819172704 0.0772126590403032 -3.50240521272743 -3.1195282507997
1.72429696590418 -1.11538580585263 3.55929492460845 4.52260371372997 1.84569830429194 4.20104119712135 -1.24641513844998 3.6732060525865 -4.69468879742239 2.56204356526078 -1.00969241999039 1.30781239928696 -0.670544406463253 -0.343387879737594 4.95099120281947 2.54255067282695 0.182590922809299 -2.63975633149576 -9.52803072503264 1.72804950644333
0.0909480890110774 0.5428954216005 4.48172791936072 -4.64379563103136 -2.9771804275607 1.81169596939181 0.711057852322963 1.52700302076754 -0.943519816176634 4.66077881045951 0.714202191154347 -0.891963372631691 3.54646718892665 2.20564474016893 -0.274233801702791 1.70271428631128 0.872640875609798 -1.93172007693891 -9.41245528104198 -2.62108180840716
-0.736737631921541 0.611375011155944 6.29802306694553 1.31560448236038 1.86242738659601 0.733063372735744 -1.36962763962401 -6.42920468041127 -4.09913618191058 -0.807366370027998 -1.90928742342172 1.90065878562749 -6.20482136836807 0.613064674462684 4.85607912858588 -1.47618002821434 3.97893752780937 -1.03448756332562 -8.01569458997815 1.20244233843648
-0.435125273113803 5.92858986105518 2.54092279253648 5.65419071719058 -1.18212453223047 0.757006657539278 -2.26467004824876 2.01946386876411 -2.59917865642493 -3.66136513018528 -1.52626156336615 -1.60985475271459 -0.144807760018437 6.25024037394084 -7.14065539828559 0.646880464151106 1.23445095690379 -0.786465727146615 1.07550177502888 1.26727405133717
3.61648029328365 6.30654902943055 5.20444357553263 2.3622507215475 0.391856492678519 8.55420281015196 0.463222975658322 6.45141138204737 4.12199485812905 0.139426043586186 0.935556338987641 2.24139263709246 -2.68178287393059 6.7872485878273 4.27360231251198 1.5634007790322 -1.3777188967895 -3.0522156264053 -3.47768732688364 -0.319178902679759
4.09032937882362 6.1408926928507 2.48047944059252 1.26857539195827 0.634649993033463 1.43425364146473 3.7754437058704 -6.2312809913577 0.109100300846256 -0.99506341311698 2.80904550808073 3.812347551847 -1.21307369073442 -2.12582761574308 0.345442376979369 3.77825930652228 1.71058905316535 -4.59822696554566 -2.11598919035751 -11.7549632821793
7.51281022686741 1.39908549085352 3.73130780721358 0.0661426143286117 -3.89073235107576 6.51500237429311 2.47290996574167 1.52519357463884 3.41549283507114 -2.15871596094369 -4.41521573665293 4.56021951598484 -4.03429694724198 0.527123656787251 9.16478564724428 -3.74443258679446 -0.647982527571528 -3.5256991522895 -3.52935194560223 -4.05964959618851
2.05908471266402 1.01837728288962 -0.522477647992932 1.59669708812179 -1.88342468467139 -0.68650395679934 2.3182623421339 3.31299057680698 10.3657423325869 -2.41310126589808 6.30540193700904 2.63723352646272 -4.43160191441481 3.27845044204726 1.72328193301687 3.19390334623028 -0.713441610595196 4.08995604537884 3.73920785515674 4.48027686572886
-4.87483334690781 7.32706881762478 2.76296394299888 -1.50898730483356 3.21509070416601 -4.05398082133776 -1.86608709987719 -0.013379476430644 4.61982399754712 -0.389079124742124 -4.18910213765846 -2.49334825158737 1.44343400738701 -6.10440558862589 2.95258803163873 -7.06636007164961 -1.40238499746946 -0.0461233949456783 0.163775670498191 -2.59769931935345
1.71911978625188 0.613243329285871 -2.17076163412204 -1.79017835660567 4.20728087722197 2.35352608933404 5.48415068185724 0.836902045073439 4.6313594627745 3.88878837302999 7.61237385851289 3.90295900500818 5.10535387610729 5.06376632474455 2.06219573387199 -5.87469910488875 -0.0530421462729658 3.90281102502796 -4.01817894557885 9.45551487724475
1.00359298401706 3.93641100649169 12.8719604163635 -4.48187748376374 3.41545847403883 0.102466680762318 1.99340687261142 -3.82862276784364 2.96086105103169 1.13633227954794 5.0069932368048 3.30162252809823 -2.75030640780436 -1.14899238758929 -0.559582351088402 -0.434261249828325 0.593350740251597 -2.98919875517308 -0.722458175204764 -4.04300527306381
5.38374520785477 -0.0730998834755017 8.29589781516061 3.23768655694801 0.250104534074415 -0.235256422763908 0.693621928392414 2.31188134084267 -3.43615574481715 1.63662425031481 -0.758110212440843 -1.7025852153589 8.11118831619246 2.10923630705714 2.54192358372898 3.43805000125123 -0.886406466927764 -2.59680302716724 -0.154236119909453 -6.81479188851968
3.49342818046394 1.9744828190584 10.279219807317 -2.27431419179081 4.97868458986636 2.84743518743603 -1.78583449859617 5.3618350480484 4.07266139176161 0.335247870127055 -0.624377586701385 6.65248247525011 -0.217648133929326 -4.47306356240087 0.8172451784327 -0.990014475629143 -1.35977449073672 -0.830862051001944 -8.13778628792288 -2.61763442468113
2.37896217520566 3.7683156619381 3.98478658490771 -2.33372457109171 -0.376187496345034 2.29691966511319 -2.63731096909575 2.97555426546292 8.65157295247222 4.2394057851546 -0.523878409600788 2.83460952354447 -5.08721988192636 2.82751920766321 4.83599861116917 0.605992500467147 0.121529115240149 -4.29748606319971 -9.7385238062725 -3.50556069269211
6.39880212221259 6.80989269804525 2.57321571649912 -2.27670457313419 4.55577817733367 -1.27757563278345 2.12757654980061 -2.55812496929972 4.44082653089895 2.4957684484319 -1.25689971688622 -3.25454650239532 7.72458042040244 2.75250430598363 -0.330081876280399 -0.978252528973219 0.846917690027715 0.42368313398554 -2.88779300292386 -6.97466159866559
1.61794777635459 5.01444673904546 10.5349688141299 -0.824511322462845 0.577843970760712 1.89736678420785 0.321271927583946 -1.42414137004363 -6.96226607880521 2.98239590934511 -4.3086266398283 0.0195140244682108 0.866497919946119 7.52531567016408 1.61741386743334 -1.74970930140802 -1.08962704162941 -11.1069332915808 -0.866378130049246 0.325358729509448
2.56066059244674 -1.40214395720764 7.76798651463788 -1.41790171387831 -0.201648338050167 8.65261397087706 0.361848592939146 -1.3455290365647 -0.372315398953063 -4.35348684148851 2.17848611634302 -2.7071769264099 -6.21441956633283 7.90949075964928 3.52860520467991 0.908068410810171 -0.591743505459626 -0.280080231706054 -6.77676261164585 -0.531529090415653
2.22514428986277 3.73218050215215 0.426855729783153 2.0381536036854 -2.63298706221269 2.28114541684917 -0.0999109225440595 -0.332322817082699 -0.403717771385654 -3.02364344077627 0.942248272917939 1.61736093566849 5.92460880170912 -0.635508436765706 -2.82857774017004 -2.12278743911114 3.906691499408 -5.44003890168247 -7.03125397107471 2.06657340280885
-2.46551934416227 2.98648312653706 9.22959370041949 0.322907109400037 0.828005717167811 -0.708532450154227 -0.515933482686299 -1.96228650185183 3.05572142592847 -3.235339684412 -2.60568178438747 -0.689370268223584 5.23941646758705 1.8510666192792 4.35246989469119 -3.66928416936929 -1.44765954733862 -3.16477084950498 -0.210789125001146 0.529863491597642
7.45750876319725 6.63331753774999 -3.55772818334206 2.04733645706743 2.78671551656402 -0.105215368409704 0.661005075728746 -0.0679599008994148 -1.21694807179227 1.5404176402839 0.934667519177442 -2.18579427760647 -7.76045021082731 4.72676502529259 6.64664770914278 0.916155612532302 2.93669475051645 -4.5928956863564 -6.84120214199273 0.936350675464421
1.99402134613844 6.09189008480269 -0.137301625792867 2.47937243435329 3.32708142726348 1.77822475731809 -0.16875327007795 0.365941624787371 3.4261931681053 -0.378943083458631 0.303446150950596 4.97908211455071 -1.02758467756019 -3.51718820016785 0.667225520059528 1.25746228718564 -0.504335463553223 -8.29259830900391 -1.31906282776909 1.25985435484134
-5.95394076901228 0.797324403787357 2.8577116556945 2.81052045351157 -2.39153174667051 6.44911271350348 3.35607795275542 5.77202480846192 3.04139098968486 -1.60268174404932 9.71855550294091 -2.24761925066841 -1.49238917770745 8.63323972894078 2.81322098728806 -1.30220266691737 0.438077967219329 2.55714233638012 0.807664964150496 -0.668086562865797
-2.79217119032744 4.7148344939733 8.93466887595001 3.91462045227809 2.49727643410344 7.4533940799412 -2.11972727763678 4.55953982944142 -0.32691284645808 3.41453088603017 -0.197628596783973 1.86085692355616 -10.3823214309678 1.325091883828 2.95691867484426 -1.70762417484844 -2.71501125437378 -12.3062962817149 1.28258135723803 -1.47360052099456
3.63650990507535 1.25703974141862 -4.66747026851556 2.54145873562829 -1.59659391077148 -4.81408071829105 -1.086579970306 0.0902793158901701 8.47920047063889 -0.782450592715097 4.48252991089932 1.2566489529617 -2.12737884148365 0.522269213163917 -3.05928337424347 4.52232601405759 -0.00845511575955249 -4.40351798634937 -0.68896608088679 -3.1977885446861
4.65691066945675 3.28223850474466 0.553782309175773 -0.478015561395778 -0.28859271237649 9.10117821979424 1.73724319436121 -2.99298994768934 -0.0457774643296993 0.0145712426078973 0.0292646701646265 -1.11933354557757 -3.38724876064206 1.68665439708235 9.61516074544352 0.0900490885541564 5.09795917349586 0.986751642237735 -12.7670646800299 -4.80324564206302
2.54088994724245 10.7480812382989 -3.50701150835588 0.435593308484722 3.20094349610562 -4.49271317478772 2.473721670118 0.700275147072206 0.0421747896340816 0.253311203000353 -0.13481468809937 8.59397747185507 -0.578739441596575 -0.0620616188081988 5.82726437731132 9.42265308713317 0.213743548517451 0.0624129683524558 2.72969177583088 -0.521727968770349
-2.17892814563388 2.01085966956384 0.181028828930618 -0.662254146086261 -0.385916579377905 -0.2698200665666 -0.605708079303163 4.85099159705536 2.02854767446768 -2.77949992987669 1.50205523126853 -3.75787164722241 -4.37830732042389 5.05896149315313 5.18742539077843 -4.13779456460788 -4.96112580635575 -3.08111849330502 -3.89229504778346 -2.29164535857102
