x1 x2 x3 x4 x5 x6 x7 x8 x9 x10 x11
-1.70820106027336 -0.407870196520319 -2.26744334762293 -5.75268357613032 -2.1112585907996 1.30825357543673 -1.67804591494134 -2.98955739046323 4.31040412266497 -1.74429160998604 4.06758107180499
-0.671818812214108 -0.450448981355947 2.62687582931491 4.96017937306303 -0.017701342372365 -10.5323558772536 0.39310617320899 -2.68879352111268 -0.428278789842883 2.76119236143273 -1.76567730614497
-0.0902068861672055 -3.22567255800543 -2.99885540425238 -4.29014175380881 -1.36301504379465 0.960058005095955 -2.12844971785443 -5.38544605808815 -1.4259581529976 -1.99576714838612 4.39290140377622
0.536152648536979 4.54857131329963 2.11951837077433 -0.0401910664234142 5.1823903933957 0.102422767264613 10.2238994652628 1.18845521528328 3.10043359941513 1.45040161782499 4.77091124760676
-0.413622377331731 -4.09076691380661 -2.15566093738416 0.30253091251001 -4.02766691562887 1.9544057984066 -2.40560029832048 -0.703221926212731 -5.35199490579942 -1.61402479999646 5.33726295639799
2.11371607599718 2.44256657052315 0.115761289945804 5.03796646441501 -3.06341028842754 -2.59182270225185 2.84590107021351 1.8600721618014 -10.4031183367588 0.151283160976984 5.72337884951181
3.74619242966789 2.48852080100044 0.155008668448044 0.284715545003155 3.5881213433204 0.0372455998090651 3.53954762336573 -8.12853799015153 -5.14422844963843 -3.38726550177363 0.881583342425931
0.00533284604381756 3.15464153847154 -0.134937988271488 0.975685620532102 5.22230624497076 -2.18497584662185 1.81242093227962 0.935000786464558 5.92598203746294 0.083416357054279 -0.526516805190008
5.70098432425917 2.65424584887697 -2.03242804531781 2.12434963395723 -0.637226507943395 -1.16312553053752 0.338381521887418 -5.76448338576748 1.98861976612 -0.0826781789869502 2.68899004497852
-0.607163185329297 -0.866180182581667 -0.91588600516792 0.35173527642371 -1.91383460148385 -2.31737478511819 4.14481142286768 -0.690288172594412 3.06333448014298 4.81026741464829 7.72390064417647
-0.148831421732306 1.70461331851161 1.37446326087151 1.93400922501471 3.06487158204098 -2.38602486428631 3.61061282136679 4.53424906032667 0.217218070798354 -3.37573399360325 -1.0030817701016
0.102043099106403 1.82183616803002 1.43228260843555 4.85514216732663 -3.72004807453359 -9.01454504193332 -1.25030142123501 -1.39896391656176 -3.47133818472246 1.38460764482668 7.72461504573794
-3.11646919506786 1.71598755252714 0.730490411320939 4.4889626961425 2.44571047762578 -0.0740873994847477 -0.327032172034683 -4.81202082556877 0.742923133331878 -1.98633449464209 3.70779206852995
2.09903545158709 -2.91438276926579 1.81068531436521 -2.97361775574601 3.38108712872476 -0.667151159150501 4.01063765509736 -10.1598556636465 -5.79994717975329 -1.5091332520257 -4.48544440954495
0.333312763028067 5.32875802020004 -2.02389876547321 -0.449407013251436 -3.88522404648856 -5.99504364687878 -0.934800603438534 -6.53457459541821 0.860744547909851 1.15624164405176 4.95541423975766
0.234786612288093 -3.01471033197986 -2.84850826562506 -0.412747902645667 0.343452629280913 2.4109542896282 -1.08878927133951 6.47067949574694 1.5165388122797 2.96120767583248 3.72189863331318
-0.0302522433516059 7.61302436855868 3.69281131331719 2.99821889627498 3.66332309393191 3.08423746217759 0.290412080098504 7.15724220769056 1.50106296354413 0.420040925921638 4.71487019002611
-2.1422641670363 0.365213530093516 -3.18132210066303 -1.89317919858628 -0.652462081633781 -9.39112057643248 -1.1401322439884 -0.052950166961387 -2.74832723369621 -1.9166800567747 4.65188644086028
-5.4308211097154 3.91835328439168 1.19086720659512 1.22215432683964 3.99835877906853 -3.22342216977954 -1.905620690522 -6.71720280529568 -1.52913381023771 7.57848504648438 3.45724564908656
-1.27077320277503 -0.707754425638144 -1.25185950539594 0.559666815364042 2.9520352667726 -9.70962590259646 7.23132251795093 2.07195138090991 -2.73973778028557 0.00317243772774373 0.87360015824828
-0.105456531846468 -3.46315066695066 -0.348885847386758 -5.32674974451769 -1.60587595603575 3.61761549424453 -0.18932792546558 2.50733097791983 -0.747273235971916 0.324452994281957 3.46649100915586
2.98098323471399 4.89759193883042 3.69620918808363 -2.22364129456813 -1.46205697195239 -10.3510942426196 1.83116402237637 1.81538958309664 -6.49272551712342 0.780049111169775 1.17089748153182
-0.593683270253879 0.964839977045935 -2.53509272565611 -1.10106271545382 -0.487536139953252 0.482737989912187 -7.78084222679354 -0.478165365311611 3.7570476391321 -1.68208565852312 2.39371199635346
-0.835257675659762 0.406105659668922 -0.217816185167649 0.64850819851937 -2.90024733366532 -5.00272365790802 1.26587377226508 -2.46360263377377 -0.944210293140188 -3.1848165222775 0.759995853292364
0.483449057871234 0.00452306352092746 -4.57029063702099 1.08811988727335 2.63261523371292 -11.2085814367397 1.58791492886691 -0.27507297102859 -5.08320876834862 -0.722387713238611 2.16750273386039
-0.458877754075713 -3.52934538170342 -5.95064312103799 -2.88115206097199 -3.3289184690593 -2.54693380376964 -2.66469852333027 -1.54310632578106 -1.08874609961096 -2.00330530775862 7.09183324695016
-1.90036038055898 4.70283753846237 2.09821066067179 2.33841562299041 4.35172922191207 1.86244944760617 1.38746352960596 1.09106993818114 -1.61649322683922 -2.30337681286033 -2.30073486503989
-3.56246642241937 -1.60386279606846 -2.71516050906515 -2.34255999242631 -1.06304808399996 -4.11068526471091 -1.39625197248654 0.759408804818343 -3.86182451387034 -4.81751967525896 0.382099193591464
2.17634096516832 2.72233177416312 -0.686891755912691 2.45659179029202 1.94414281377741 -1.58236158438625 -4.09033469894641 -3.36284708241051 3.29966050972327 0.431965680513422 0.247464102294462
-1.64457799286634 2.71318990881743 2.05810365624858 -0.846279547389965 3.14030962337019 3.80057413135359 2.42979189615552 1.49193853737437 -7.35547233861252 2.77135219725352 7.57444629659944
3.52252155165283 2.30198773676154 1.74294400475544 4.18698616146747 -4.65073480724667 0.395959311452259 -1.89320666492094 -7.15485103161175 2.90533587325996 2.53771197680575 4.89723066255522
-2.95439069216353 2.44219569150251 0.332930343211179 -0.01693090822635 -3.08759637596133 -3.04469496575059 -0.417688271737412 0.331994085240538 0.899141638969067 0.831219349690648 3.08837666873455
2.66891642101749 5.22771746272938 1.11174489230274 2.40110737086456 2.74355579167671 -4.52798520518716 0.2810051191193 -0.0805952247621415 -6.29293152495932 0.948723186531204 -3.19095054723429
-0.161811981211867 -1.34106037668557 -2.76451839466671 -1.77763476966285 -2.73471308477826 1.99850090882673 -0.304264999523159 0.318534615128993 -0.836005578175548 0.311952195242704 3.53957231688161
0.944234974080271 -0.434610210456007 1.51208591375262 3.09366838044122 2.64021623836581 2.12958618443772 -0.219759002379108 2.84467888043722 0.908379184591986 2.82037546929934 -3.57805760528789
1.11882205942161 -4.98272230405746 -2.12707866744821 -3.29571388434506 0.773192611639674 1.76357277841996 1.47547581228482 -1.64732787967831 -7.45959012641274 -1.64238974501716 8.82207731051259
-1.27378493572148 -1.52667308620032 0.207229518843631 2.01078241614474 -0.014189486088795 -0.407935109476669 -0.0924040289333632 -0.158698938859286 0.668165795744941 1.80222183584462 -1.55533097113045
0.235780232606723 5.39389403727603 0.315984570397446 -1.2181169921639 4.46169767886567 3.71872484149311 0.0451291441211358 1.34693366574522 -8.62325833653098 -0.668320968873907 3.57827745425318
4.2388291024152 2.0265270681467 0.0584697813629736 -2.45528818622183 -5.29425114872463 -2.78766288116553 0.9200164037374 -1.07613058063708 -0.771236436101365 2.35345847982635 -1.52650039628898
-3.55840579848109 1.58280600912463 1.32921128631396 2.46039127490216 3.61502473437132 1.9079688062017 0.0990329547126804 -9.47290244347439 -2.82077285317255 -0.322780491306492 -1.48665229870293
0.959938527264 1.64006407862143 -2.68791153283635 0.825906034923311 3.68132210760954 -3.97456071331045 5.01947314448275 -8.17681474770925 -4.74520837807066 2.35148925150766 -1.18327219987513
0.142851824806713 4.20103545683967 1.42440159861045 2.85280695601716 2.69179505808015 -1.13989368539694 -1.21049465936191 -4.32680760098886 -1.33649727908561 -1.39179677351029 1.73205058659899
-0.183714872670331 4.20515283590944 0.657905828014616 0.570287917008966 1.74281502554431 -12.7175966965513 4.0925230551101 1.41616458144935 -3.67445624798468 0.0723653771368055 -3.66109254629321
5.75821948280064 3.24481011463676 -0.913411808252479 -0.837937746080789 1.07882913266442 -3.62136309914227 0.342037854411404 3.36624167163389 2.04410673354796 3.99088299789894 1.68490734654519
-2.55428558316389 2.83452628134154 -3.32826467449235 1.9749173751461 0.132082847272393 -2.03737451626394 0.110041236817885 -3.29244384365421 -4.35053387544917 3.70825080827815 0.561920932926067
0.59694668056055 4.69037730760522 1.32779931714952 3.81020857097506 3.44378771478389 0.791021526785525 4.72467085842433 3.0326084825551 -0.0295100775044617 2.06595673876441 0.389832161136369
-3.91287931763622 4.09320868118516 6.72202518130511 1.9475705485533 4.79509693366217 -1.8184534661698 1.7462713330952 -8.25603651775348 -4.46441298196775 2.5842051848366 -3.66445941286861
4.50999390045939 4.68540358513696 0.221170080378285 1.79381503416845 0.907356059217399 -10.9772349175416 -1.60649074632253 1.68101745975496 -2.49837211454858 0.0365591309919625 -0.0870587521676462
2.67959755047652 1.10442020322927 3.51533583716876 -1.14340142488093 1.34535212923577 -2.72500551105271 2.38576219514243 0.623227262509288 -0.614568429290981 0.882651853742839 4.07821975162147
-1.27959105639985 0.17712359038164 6.62805143041727 2.57836022822846 -0.941035477020184 -9.0740209468398 -0.751356726388061 -1.37479676164102 -1.02424905195613 -1.59651407640761 -1.66009513749533
-1.40918746778946 0.973868449582232 1.79737754093972 -2.90569687655499 4.52524364341634 2.84867082593608 -3.5242280713238 1.16081971021909 -3.97557747651343 -1.37659935348784 1.95730839724579
4.17813797397975 3.26734647595561 3.91972173772454 0.333866047045067 4.31368842881218 -3.00752013672405 0.765339868821019 -8.23859632686999 0.78744459107502 -2.18867686842389 2.08672259529452
-0.733225788551702 -2.80177526255788 0.490625563836012 3.76667150150653 -4.0110846215296 0.680441567933053 0.375626893345373 -2.93766729501991 0.787840635017596 -2.92114859533029 1.39241555219751
-0.665655934779255 -4.85094328678594 -0.886525846164073 -7.23539831983441 -1.28363341017385 -5.64847694090068 -0.749407496976646 4.4744199811772 1.78656614210228 -4.70826932149756 0.695015973160299
-3.38203222313992 -1.27237384378478 0.460107161184562 -3.7210753995334 3.48081437350436 -0.672208293606686 2.40254605866232 -6.60065674959008 -1.09470041467632 -0.332560814972252 3.8476618305433
-0.710442968286041 -0.297992991741773 -0.729933357221764 -2.41015972476408 -3.20308285802427 -0.181854986701237 5.07514206534939 -9.36300748620911 -4.28402362414372 4.78522309811978 6.31968791010264
5.90016769133005 5.55984102350772 1.07916224192574 0.188319110060903 1.61027972710279 -5.24200161103288 2.12376370849952 1.08588836526181 -2.14773401747441 -0.526720938432101 -2.87822985013238
-0.54155781322355 -5.19662206024869 -3.02623033315293 -0.0715058177551575 -1.15694422763873 -1.20504602000727 -1.63488469670112 -0.115663119727912 -2.00102700525115 -2.37966885105111 4.35721925902249
-0.193416639084862 -1.48751694356371 -0.801986829557346 2.40836334789826 -2.07983385258324 2.47869916224335 1.21919792504004 -3.29609223924415 -6.86582480733953 2.56867025811294 1.35246695590606
0.754218559516863 2.56347285602006 2.35313142010005 -0.486225264308686 1.97293685743026 -0.413458741636354 7.6788176685685 3.35189883249285 1.67635363554597 -1.54849576133515 5.29898759959229
-0.317652920258443 -5.33001956881809 -3.60674166640962 -2.74592465544242 -3.11386040587076 4.66342258459229 -0.888884356883382 2.19211123709282 -3.1110413425858 0.628024413019611 9.24625943309276
-1.39874338640459 2.24882697500433 0.977021867068933 4.68630302059796 -0.17887763047585 -5.82607138155318 -1.53102868091224 -1.97850147454808 -1.3582898458967 0.512637925028655 6.41059517844056
-0.936370959831913 -4.99698055501712 -3.03340565605025 -5.23548516227326 0.475480437518152 5.59211068872685 -0.780103217316572 -2.0437333530151 0.323259939392112 -7.39330600617965 2.14174247714868
5.14741666863766 5.27579930868014 2.47342722523765 3.5671842534311 5.9535544180355 -1.20142594153743 -0.900976702085128 -2.85170974828714 3.29733338178035 -1.20298826570064 1.92200246343378
1.9755065437496 -3.16456223288116 0.287696248386529 0.597180416496795 -1.35122869381575 1.00510593648851 -1.59538453987265 -0.658274472227976 -0.62320951989899 2.79536399019011 -1.15720505923213
-3.51615189634458 2.2425349072822 2.79067925760624 -1.03329986192501 1.91942771048568 6.20770726872367 3.36254668747817 -0.279336876023678 -11.194820189086 -1.45858568217488 2.3531166353351
-0.695374414908769 2.03902456626504 1.8563149965747 1.14604686159856 1.21283914840529 -11.9211482022173 1.52011236705761 -1.41980064548228 -1.41391650762164 0.466124057576054 0.170801033795252
3.08039604717936 1.34464939041602 1.42606440847389 1.10587185946849 3.44763655628882 -1.52780692609809 -2.87927058679643 -0.560648349668304 -4.81489681614183 2.37243265104965 0.512322196336713
-4.91768532074826 2.19097261980421 4.18604623513618 0.78889198992959 5.14102581982838 1.04519506139358 -0.209948545677436 -8.47725662294187 -4.8822824057848 0.4500463467572 5.79097886884825
0.152076479450456 1.94164458316572 1.78948830187537 2.08155886137411 5.44567710771377 1.84905351356853 -1.46296332879701 -1.28113385673224 4.6218616959657 2.88955674637662 5.64915582550642
3.58924848349471 1.7039270401402 2.16771282757335 -1.97643009461646 4.03873677256051 -9.38357698497016 5.19073673928897 -1.17876028571736 -2.92554062046331 -2.8951410543574 5.85763523979288
0.923894096103862 5.21292036376735 1.64876669890678 3.95425996607531 2.34491592959309 4.70749021278624 3.56667105828424 0.583456124448123 -9.89077381004299 0.779076472262776 1.22507574808232
-1.79099208499882 2.6624479370589 -0.523011997733515 -0.240961075732627 -0.833027810419366 2.68228492515317 0.489094437192078 1.56587810866807 -2.86688160184116 -1.20692289975442 3.7064168148532
-1.583309697408 2.1398932313467 0.728946263226025 2.73712983821557 -0.0506035220492826 3.72416297135002 4.22478249803011 0.872699237544496 -2.25082670599131 -3.02834722435227 -2.19027044020717
5.93810845358548 4.06357184816497 1.19586587851665 4.25563521066655 -0.898477118754543 -3.01538273805306 4.65966476704933 -0.157360130495252 -10.8913793505324 2.41374256622486 2.00077874111144
-0.0341964199704365 -2.7027435738674 -0.803928627735952 0.9450606199092 -2.3833788583288 -2.22093665548546 -1.56476832997912 -3.08105479629556 0.977963427175499 0.487172877420859 -1.03351407515479
-2.24161290755265 3.64216496017103 1.74327932623207 5.29853883172834 2.24142975981867 -11.7403132394272 1.13485261427893 -0.317658965872732 -0.082914625419058 -2.53443243046143 -3.95089245198968
2.40982238372374 3.30130649315942 1.97403373668508 1.11047050455437 2.69470642453209 0.721178076045429 -1.85755333795376 1.79841663326235 -7.86769622428896 1.02157251429902 0.414986336109122
-0.873500524513567 3.1373577422282 5.41127620703699 -1.20072198619808 1.49395104123513 -2.53755050053428 3.24875214872654 9.80264091264839 3.2040219729686 0.0555426050701227 0.56503529256305
3.12470715978899 3.14642022653919 3.64443693847915 -1.30290380188128 2.93234258931338 -3.21974987902462 -2.62618426614314 -5.05173531693834 -2.64540598774331 0.110328675239607 8.54053925466473
2.20834762243381 2.91149620598088 3.35346009915982 0.938687866978411 4.10752683579533 -3.44835909666977 -2.19425044188836 -7.52993958891069 0.90908037164082 0.365806052066447 4.03821895972248
3.25785662355688 0.0134199889537459 -4.34808800131712 1.67529821397849 2.64742997467085 -0.842217691819133 2.5086007338775 -7.11457350448263 -2.894080320175 1.17426941782974 0.126293777209849
-0.27568102937025 3.21793996380596 4.33633924572395 1.79084910856348 1.29512150686914 -8.8719737012801 1.19356961186752 5.60663826934426 -3.40113750182583 -0.902540283692289 5.31094914911685
3.37888123567648 1.7519659031422 -4.57077638126974 0.688353732961239 1.40499753100718 -10.2901359937481 -0.165324689440612 -0.823443212497548 -1.55485618768188 -3.67460796340624 2.50428377734576
-1.05313593842927 0.565489955990827 -1.70885557173849 -0.561088578502774 -5.0519016821118 4.80845987412387 -4.3350933668024 -2.54945627219869 -4.26351693928751 -8.066782922245 6.86042553493412
-1.45784957062046 -5.02275688477241 -3.12098429813558 -1.69774288905616 -4.23599869954934 1.16121028774251 0.371974794665976 2.32801621748477 0.37507227193499 1.27036646051828 3.2043558567035
-0.0614158873665697 -4.43522754701436 -2.88016901828434 2.97290013569796 -5.23650557974577 2.723704230168 -3.02664155002839 -1.27858873015125 0.235486538994311 -3.61509311031131 3.99156110653431
-0.0798387036895984 3.46574233406399 1.29332062448387 1.65788713350407 -1.42885121659588 2.23658896658743 0.713637954881748 1.03715663014362 -6.17238124948778 -0.234551276145105 -1.5780181519217
4.23384784264714 3.97060005129794 5.51725088588864 0.153097098432116 1.75616206855965 0.23976342704679 4.98280550206563 -2.35034965784816 1.5071815765871 2.8236637875253 5.58544548961081
-3.05076510913333 1.69259303660827 0.740354100200436 2.08339084367974 -2.08951481718532 -10.9281545390588 -0.123074873310134 1.25549759552492 1.74411829394609 2.35339708779513 3.78888814016683
3.49395027449585 3.91944738255652 4.01476596608643 1.89419521498672 -0.705185925453715 -6.76948327522039 5.82340526325192 0.399283923693552 -2.09187075945208 0.80594146183343 1.71427153164797
-1.06993275706979 4.81927329188849 0.995936477094916 1.159858044566 8.00534976123144 2.13522255716829 -1.96092077241619 2.69230215351182 1.74301860382834 3.17069950840172 8.00423011427561
-0.671509893601308 1.16336039954416 -0.66413991532565 -0.27940514793463 5.45374333365988 4.63957277755666 0.581867353099325 1.70549196988975 -9.81281246395409 2.00240260424857 -1.65650401915483
-1.38852693419318 6.4349598861394 0.870262898769813 3.32665239127279 -2.45681584719816 -0.704970814472382 1.47826948420198 0.664646868240153 -2.69172879421474 1.53338553384682 6.88231650290327
0.622691032111745 -4.040614035883 -1.57258112937775 -1.48920434930847 -3.37445932431347 2.69695368107616 0.450872491508525 -2.34078610594177 -4.63948376905035 -4.58336190223712 1.82223551520938
0.0140348141874153 -0.691180091919497 -2.73843384724974 -2.96441882935732 -3.43770667923278 3.57188990270958 -3.36477976592983 -2.47910733547168 -7.03269034926668 -2.4904808711312 -2.59158013004652
3.01058209157922 1.38599788963521 -3.16210835360462 2.29493118041645 1.15037549252658 -1.17742495873903 2.89200350753255 -9.13585070693797 -12.5421259908681 0.720910276082643 5.29374451384957
0.159612163592204 6.37788790998088 0.0647242949721571 3.26555995690008 6.9629406952224 -0.0280359830545444 3.89141570386794 -0.790896809651795 -9.01667763199873 -1.79521402795407 7.04689898259134
2.51821270911312 2.28670398748469 2.50007448823253 0.513043548360226 2.39167241487453 -1.98971097888401 8.05037784838419 -3.47823907286526 -0.597180511576769 0.768629323825703 0.72349708569431
-1.30662743611322 -1.7401643187107 -1.93775931801782 0.560350810757966 -0.505592449876473 0.601213227270306 -2.15988988178902 -3.81476820373506 -1.46357949421517 -2.17391726292316 5.66294527163053
4.30748348313611 3.07266082496729 -1.23152685585406 -1.65887706901098 -2.59021737257144 -6.04771969940509 5.65560633313346 1.79808440181475 -2.1096049805867 1.44087731832299 -5.08337739809949
2.43363392018313 8.29687267271681 2.90280225052727 0.156176241600223 -2.01749322534685 -1.95335909363227 0.251149593209745 -8.9339878775395 -3.07585450914792 -2.26281267745974 7.37653178764664
1.55926398639115 0.716454510933807 -0.79884271267794 2.73979128348165 1.00746359297563 -6.81757038783163 -4.66086505395313 -4.16376292078087 -0.601777196553054 4.03710305965856 -3.16333890962829
2.15114778932643 3.59387773198823 1.58242927384004 2.1289540714042 0.595955568879907 5.27430443481108 -0.125085190468069 1.28182058406593 -7.43112021525918 0.291806978641507 4.3639546901815
1.93502212094767 3.57888521604484 1.6155222655358 -0.375256360127339 5.22293137367251 3.64654086713333 2.59299735756331 0.424922436242365 2.5690190349632 1.96400414295276 5.70268353765352
4.34684695840065 2.01910125624857 2.02673711169449 2.52994751663331 6.09924220249744 3.46882141319009 -2.45584318473152 1.3210110088373 0.45570258836266 -2.63137336337856 0.699342776314294
-7.86961119189667 4.85410140120058 -11.6904426459611 1.8701617006125 1.14204039142972 -3.83084192710774 0.805658732442756 -6.81920934516003 -3.57976057910196 9.30693276114917 6.40066109550991
-6.15385264104256 13.1284015614347 0.701230983416773 1.55764515225511 2.34007610632996 -4.92319732151606 -1.01562630264611 -7.94562278405679 -3.73572410774257 -1.98381586481238 3.54165556780221
-1.24712374459491 2.54253701158046 0.938091771134951 4.40000039431631 1.14665404829818 -7.18831066545672 -1.18454141921526 -2.33720037950912 -3.40893414217641 2.55853020255698 3.00115509419918
-1.52829566294409 4.80479226559833 0.8584514939861 2.35612989054559 1.88968396718469 -2.3364267542533 2.35411632498897 -7.15571827043355 -4.54053178920936 8.74399466850691 5.87473427774818
2.99000120184189 1.15500315267424 1.9192893663752 2.54513363284775 4.49790829972804 3.43498696869473 -1.51795721297835 5.32811992285456 4.53654770910235 -2.02501257098012 3.23254441639205
4.12992515746019 0.592271568397227 3.65168167858192 2.07396701538876 -1.97745812850833 2.68209009769535 -0.520085492971976 -7.89774160767954 2.93714045240823 2.19828876961433 13.3283205061157
1.3790121490406 -0.543039412870532 3.18930791815426 -1.35672836205185 -0.742130623088521 -12.8943666516064 1.29021455869003 -2.97781120063174 -2.04829842312792 -2.52934807829617 -1.00586099721769
-1.14039199001771 2.97433168792869 -0.895451953915509 -0.311740427847785 -2.34234288901103 0.302667656696053 5.06306472323937 0.958588029553598 -5.95076756575258 -4.34787950476749 3.02207464193566
-0.0349750145072746 1.10349463383967 1.1984083071648 -2.14091856767861 -3.89613745015129 0.977792875241728 0.561948393974254 -0.858821662904252 -0.839435138600876 2.26611295960889 3.53453769319175
0.766889309836356 3.98198859688549 -0.114313458987233 2.61952798338058 0.604641925882241 -1.93008662232611 -0.909288844909781 -0.71593188548363 -9.80668868161679 0.585945727247546 3.00234481684609
-0.0170829521847892 2.17382810295421 1.89444083954683 -0.904257049648397 -0.204504677427944 0.799865433197907 4.16969523891846 0.594582007639174 -13.3156524007412 -6.45277127607838 0.813648806228388
-1.47471482532564 -1.71863097229844 -1.52319652524181 -0.642713105398652 3.80449565138197 -4.56969937922466 -0.367803263697896 -8.2802434280656 0.525287531495138 0.399228195230038 3.11444381442007
-0.943422470831901 4.58345830501369 1.95388441124617 1.4918613632799 0.108554871600664 2.55179290879323 4.23326549698377 1.0652261179998 -8.54495420245714 3.97595198524459 4.898027167469
-0.00865482535977885 2.36995378705172 2.66553735257766 -2.20069832848379 4.871042652747 -4.66135825853075 3.21460181862109 0.832159354448221 -8.660546642394 -1.16491383764755 3.92185547745403
0.0512238631445494 2.64246300416279 1.81910337132839 -0.11957529171277 0.837627793562492 -7.12284782229863 0.466056205383025 0.237921296945122 -2.66934887861543 0.436381758378405 6.74432657815103
-6.11209135266873 0.349331944723712 -0.311050577365481 -1.75577057159921 -7.71388248037632 -11.4290933131587 0.286996269041247 -2.72101505246827 -4.88261952227283 2.04906543476409 2.84906786058187
0.267693150618272 1.98545712901064 -0.411926293586912 3.76301987554578 -0.336854146133814 -6.25689543407434 2.7766866979364 -3.03140231286993 -2.31541002798006 2.14840699946873 3.35970776798891
-1.29450761363994 2.59804646732663 -0.268276485423745 1.99702961004173 0.766467511182616 -2.97704451138327 -1.28695488705833 2.97309224864239 -12.227853726742 3.5584793925463 4.2139160934571
-1.40480479275241 0.42058007304014 3.68564225072423 4.28827032295154 0.129643520129254 1.44494110525609 -2.37607769466348 -2.53720853988115 2.68721863213024 2.48349459985003 -3.61982665256125
1.66017861467886 -0.403937163114687 1.76697180136215 2.56378665884006 5.28519899095829 -2.41515794595524 6.0598036552374 1.64753915450024 -9.80237032235538 -2.23685058859153 5.17843605879341
4.07830854797131 4.88137010186046 6.23342800433652 1.18904915214926 0.674871000029119 -2.28770475222775 -1.67585558477325 -4.35740799989402 -0.523950337735384 2.91432638037182 2.48661585987344
0.784598981014325 2.2856784192142 -1.3134019147334 -0.385283956433144 0.735825889473039 -1.21529477615628 2.90388718880828 -7.7862071012514 -7.0409695763125 -0.850938599831537 0.474598678964718
1.41089470504827 0.844959155632554 2.37797339790114 1.03265637793737 5.25601716427936 3.18147602575763 0.965145951100488 -0.00785759938252972 -7.23525402533774 0.707499487820178 8.34971056142307
-0.0655864459679703 -1.56959062150088 -1.41402115759326 -5.35204134114571 -1.67353884861795 -2.91955014284481 0.269540839853717 -0.0392258915832442 -4.48207096064323 -7.10989344527931 3.4786373338212
-0.908392657864487 -0.61580295315202 -0.897022862945445 -3.14090690601488 -0.821368563173253 1.20248461205575 -0.97467574267018 2.18524696549857 -0.986691400329399 -4.08955524422842 5.32742717429906
2.86004329299951 2.89216517433477 3.83658275495807 0.298758309823809 2.41537861192764 0.218164995103752 1.74582553999402 -0.0674255855474752 3.30702683351545 1.76501435065036 -0.0956312319075212
0.222332132460721 -2.36074539720318 -4.12429841585922 -1.08893859785994 -1.02345680593745 -4.99962959069695 -0.291482612422144 0.624131814769287 -5.7248767192024 -6.02213150222704 -4.63358406577377
3.79569286573934 0.394389546235194 1.3778060397576 -1.29416973754786 -0.267968610675982 -4.84691521941317 0.193182361219516 0.465752442734908 -4.03904126310855 2.13171186617302 -0.0774801334569117
0.389618963518662 2.68591647479656 0.722392646646414 3.07074893246778 1.02556990629413 -1.55714015380556 0.237375892144565 1.30295294814625 -7.91879337081135 -1.98419382367989 -0.595082539715372
0.361122233927956 -3.02587383886446 -3.03352977730086 -4.30682467214239 -2.27319170193801 0.0438675276149806 -1.20241568244645 -1.52282610978308 -1.82453629773048 -1.09324710803066 5.59649076477982
3.93075696192518 0.380493076381266 3.00932720622777 -2.02830506602198 6.3359782708517 -0.381342187753965 -1.76001157474495 2.03723495794724 -2.30783680870086 0.945307355143027 4.26875742189036
-0.573018456162549 -4.25203363366714 -3.00137941245008 -3.38293698564913 -4.79847612256109 -2.65000608583696 -4.66774605109416 2.26107876394857 2.64527352051491 -3.12340505742524 8.03484369743868
2.87639788347029 -0.575739430184594 -0.181578129847837 3.36817982063525 5.52586773506895 2.57756073021594 4.32154132041379 1.45664886333891 0.890147575252666 -0.357426031477363 10.0388250635795
1.77120123151447 7.66265749489822 1.42617005373193 0.783367288528046 0.225344957879836 1.46297330576401 2.37347946767876 1.11968478972714 -8.20546159687308 1.61080958208833 5.71935728053257
-3.23776736935479 1.64560605923521 0.541298909745131 3.05113570026578 6.79790792029691 -4.94641052534046 -1.99676869852892 -0.849627963864576 -6.22255176417591 0.0745432832300017 2.63792002159339
-0.893515697097695 1.92996252757174 1.02563148529214 2.21867220970483 0.320760410244958 -11.2167666372378 0.579832098377273 1.08971451921407 -5.16919587562794 2.01852351148482 1.9083483059139
4.29476771676985 4.14981756571544 2.48266685839586 -0.159468547996073 2.29518384014142 -2.66441346932861 2.05385520012199 -5.87094215102138 -4.12200945816727 -0.723326162479638 2.79823058211027
-1.98631403721535 3.64485407103076 2.69210478281023 -2.23450138476815 -0.0773833047433401 -0.155033007261701 -2.01301355727596 -3.04266810832663 2.0471093167713 1.36056453013774 -2.40751227332314
0.124472992719643 1.47516881232595 0.863283694319293 -2.19897875955046 -4.24617067980431 0.0984862439261258 2.5456354058021 -1.54975891491887 3.2076889167865 2.29497513770291 4.15229370765408
1.95135985991897 1.3876161754344 2.63915472958848 -1.24826955980161 -2.35995230216408 -2.29050220034083 -0.197517538320819 1.8769777277361 2.20478080140724 0.909696097446231 0.872633504695715
-2.53528828803464 2.81896114052944 4.85242259881425 3.71052654601591 5.84839060830609 0.988773334164197 2.04289322172406 3.57837079893962 3.44819007435428 -0.467504970167827 1.27692392156557
-2.65651124174918 2.80983844836741 -1.9010454090362 -1.13675809125952 2.21529250095327 -8.02707879416885 2.76828039654893 3.95211110007591 -1.39851978242341 -0.510261582528514 3.75593678639244
4.02443359665482 3.25701419964939 4.76484991177178 0.22943382170877 -0.251089492788953 -5.33019702422539 -2.7802138435988 -0.969541056510651 -6.07773443167489 -0.150631340310312 1.55247448379991
-1.40617280200088 -2.98395022435059 0.043805820240516 -1.27727418811832 -6.84054045821578 -0.586077400388526 -1.66253792453391 -2.32877016557217 -7.00992463031632 0.079086313494676 -2.14957189403965
-0.254458472311174 -0.193708645265781 -0.715901115638792 0.206463944839438 2.23129744019237 -6.45428796749787 -2.57725562987735 1.24589105024644 -3.48463981047003 1.86623911693361 3.99837223382848
-1.26767855240016 0.290633818628991 1.49916570148702 1.50083562420434 0.994767396895479 2.04523580830986 3.0917773931914 0.833408951558484 -5.8657809394741 6.77342061475792 2.24800420802995
5.73322715712664 6.50493924528686 2.35186506017681 1.72326261269081 1.14526767776826 0.985588896204336 -0.907179454649558 -1.45291459218628 5.86306590860999 0.303961794342601 1.46226781222956
0.361460542823992 6.49049447382254 1.20483591366434 3.95455818386528 -2.26176314665578 0.668024174476839 2.58804302550763 0.380421009380868 -4.31902615473314 -3.74047768842214 2.96383896344199
-3.03577553766645 -1.75358979293101 1.6442473803214 -2.87713219231701 2.61324270368637 2.54356226362416 1.72731303989342 2.85528317393686 -0.804299600771372 2.72051807359861 3.4791510452136
2.74698574282333 1.56346558070393 2.19266451655204 -1.16883270223008 1.18622013130662 2.99115972338284 -0.244305894435219 -0.659240268530623 -0.827223737875923 3.21663128072398 2.7743454560023
0.598399381052368 1.75621480912277 1.80655684337615 3.55223671645425 2.56970927574503 -2.94777351409112 1.72542845096444 -3.41419448102113 4.13056497724041 -0.382085338372478 -2.41495550828602
-1.41934748615709 -4.1816783703437 -1.694269981112 0.537581659735843 1.2496890499514 -1.1564552986351 -3.62540037870313 -2.62245856515495 0.19954684945739 -3.71201594339742 3.99247088508652
-0.57104743503719 2.51604244244929 -2.18499407693864 -1.05417653736911 2.25139659399629 -5.59263461273377 0.375852675382542 -6.24437739911519 -5.05778053745429 -0.350434797668791 3.14458549595362
-0.341503796095004 -3.31466423332187 -3.97416248145192 -7.07719295470406 -2.70111619650542 1.13623451550684 3.91359698961533 -1.66182788727612 3.63201222251192 1.29866954026033 -2.56316990355807
-1.46832756125595 -3.35300923796624 -3.76221518069699 -8.61230562556362 -3.186388231247 -0.193547131758503 -0.397274305117708 0.75516432346605 -5.64169922767512 -5.66188023378122 -0.602853436368703
-0.852789129517487 5.8698550356993 -0.166263157178737 0.779965416572562 -1.79417095489378 -1.90957282851629 0.948723171522309 -4.82851251979535 -7.18866521930384 -5.99287993589168 4.64576091129797
-1.59949215325837 6.32141387217911 2.20646133034042 -1.58857273337271 5.87067623868587 1.54363743320391 -0.751634627237647 0.783670548945952 2.50868452914827 3.96214640247919 2.63090163762423
3.92880545766604 4.1663265906475 4.33343743084015 1.61386202119088 -1.06412103955141 -5.08791997793731 2.61865598971839 -9.09211343268163 -0.746495144113509 4.87691261859105 0.741332963012039
-1.83396542397926 1.94903326267025 3.43713618514654 2.64042071628072 4.16809960848246 -3.07319218668715 0.103850607081646 3.16387398893154 1.7726598310631 -1.67906396463506 2.24005128929244
1.32117391496281 0.965579990724941 0.537204253165688 -0.150011995262364 1.47879378989382 5.34941319524204 0.47621351105261 3.39654849018198 3.47520817931532 0.48685831672063 -3.19649875929659
2.29655246002722 0.695046938764725 0.149201148652971 -0.694341258993127 2.35005521089123 -2.57339483191626 -1.66824121278147 -0.0945429472753233 -6.42146193092189 2.98794181930481 4.59854654026848
3.53002631848473 3.97019675496242 3.15419818978371 1.361945054377 2.36054329128032 3.2667328900533 -3.12640508305319 0.0986377309908059 -7.84640643117494 -0.419784857056294 4.96762361009303
-0.356494159248963 9.65372091861578 4.17223300061401 1.18804703299166 3.92235040013908 1.27244541113443 8.21774119820323 -0.271915554420495 2.62797183465154 0.492350348539366 2.72502193716964
0.662370114117983 0.52106639849003 -0.392418591023869 2.23656967851646 3.28322285780979 -11.4652392555522 -5.41755557510022 -3.12751403168716 -3.70695517261565 2.13399156540049 -2.301114151312
1.14106763735202 -2.89299056217787 -0.439933693755937 0.843988979211468 -0.741256519080338 -0.297980599834281 -0.416331849078347 -3.83818427468652 -4.6069612614076 -2.15840028370036 0.436872681388888
3.93683623318434 -0.817658448879217 1.00832558332838 7.18747287204091 9.34709756998887 -0.283804387943001 1.13011733661217 5.63023171556598 2.90165262396226 1.64490683071761 12.9485605479697
-0.340152633088988 -0.496209742619443 -0.416609276784556 -2.24012207203076 2.56020906422214 1.89849187912231 1.41564848593662 -4.98491844667033 -2.01518651272473 -0.201283569258513 3.45729757390486
-0.31050019756191 3.52672908769308 -0.999418424866463 -0.292604815553643 -2.4189165947971 2.02939858124358 2.51824833051588 -0.0033276061178501 -7.87104766154608 0.58080895466348 0.683942290956788
2.9836906823273 3.36319994471939 1.8419830214171 -0.13753579197089 -1.48158092624805 -9.21304364720942 0.964032330863544 4.4548922189281 -0.0392274550807645 0.45228276332829 9.37871202319241
0.688906050855167 -4.25452732052912 -3.43304353635132 -2.62932251912209 -4.78526977935418 -0.897177088707476 -3.53457670858297 -5.51578394872134 -3.64004463107636 -3.29575424691619 4.04612270642038
-4.55902887913495 0.723538897343491 3.81185608992904 1.46501252153415 4.96011098378116 1.46260817388511 1.01539029684989 6.35731093294958 -0.720499250490142 2.38911909665296 0.593369139436131
0.426771938305169 3.99589580137892 2.54418926363341 -1.44084268279813 3.95044558363186 -2.72834380712031 -1.743994100815 -0.0521637623425083 -14.4166702592355 3.53794794999005 -1.48807332711
-2.01325343824334 -1.44994542227436 3.29531882230846 -0.854189633585878 0.624855902954916 -8.27354067625457 -0.850534575281007 0.351529576401905 1.05208868920155 -1.51300326729017 5.99535115109426
-1.1222170600107 -2.94252515375141 -2.9358518540881 1.60443952391149 -3.81652223626471 1.7321090882549 -5.56870280357993 -3.28012612719618 -2.74572978113825 -1.35964130359131 3.90534096678287
0.0309415324575005 0.306756957246249 0.594950792221574 1.86894783085385 1.62853772387848 1.26007222429878 3.12066045929018 2.4156794978765 -6.28232940792914 2.29397384420985 2.1171413035776
0.383746809311432 0.0078753511478884 2.54550336284709 4.98416046644995 -0.659801195786119 7.75965221071793 2.92074490647807 2.15226728255543 -2.75319951958426 0.321203509830074 2.97372829236608
2.72997018696791 4.63666805109874 1.46419312144799 1.42674894827172 3.55306683126483 -2.92115809747446 -2.26010776114936 0.526953211622933 -8.93316584154539 -0.93405169795003 5.84353830416301
-2.51560073511508 5.20846960869466 2.56202656327013 1.56698680083446 -1.36623365513755 -2.90275948091916 -0.289826674919109 -7.54894633500044 -0.131192535542022 0.344804461498299 3.18935502062174
-0.720330682526769 1.4434704638234 -1.13479918078763 0.00669145651850717 -1.79011279354584 -5.52896605000752 -2.95580261033991 -0.451283938475363 0.970619826971396 -3.23697500988207 3.45091814695166
-0.344341664099966 -1.07111356470738 -1.8959740374811 1.26773375191403 0.312636769166604 -0.401294169355128 2.7234087044269 -1.2995564509331 -0.0537086551868897 -7.82575164154821 5.05910312926455
1.44939056142512 0.917319922074263 1.06918539191679 -0.180601162601103 5.36061370512343 -1.79617703477224 5.42538543690014 1.21994724683059 -7.04685102281842 0.517002679226624 2.04092657545146
0.137246215990467 2.37368025729123 0.228828528367085 2.95036301816218 -0.473299744200007 -2.58820623763613 3.68763348997159 -9.59514711399924 -7.5016438883256 -4.21760602664413 6.95487524185965
0.909702174968354 2.37070858126325 1.29779697525187 -2.16056603080296 -0.678200049099067 1.04322513749213 2.00478811597107 1.92244887240783 -8.82423831866457 0.989003351182406 -0.103465185950436
-1.05680140739431 -0.571525520524292 0.220642021231245 2.18617185606425 -1.82843091162981 -0.249149126744792 4.31745498678779 -0.675026425725444 0.0903263497808022 -1.22954680055526 2.64488477728733
1.25401510794818 3.06366368739468 5.33681366874854 0.470424090469824 0.130946510831706 4.68958497712773 0.782064853500734 5.12844885212687 3.70856249540574 4.52472074468134 2.94875276834284
0.558902382890669 2.62238924016269 -3.83837901926975 -0.375894872868507 0.175993981377871 -5.42521843876141 1.41842881438558 -3.54430405617065 -0.114043109302807 0.633678809375173 8.92715046533036
-1.49269028192805 -1.10795909629879 0.512363082185914 -1.75405609464261 -1.44690601965524 -0.336108912461961 -1.7585802097941 -3.0120432601351 1.4698453331083 -3.92723844688459 8.34379787374732
-0.743431890900259 0.641566491078635 -1.67023104480449 -0.197288567371723 2.32830659848617 -1.13976737145145 -0.313858991324984 -11.4142097218877 2.70094205721825 -2.59164364172928 -1.74328449038908
-2.29401436328909 -1.47527159069692 -1.88964108093831 -4.24231086969286 -4.17035989764068 -3.77039294822141 -2.3811392077194 -5.47106062829447 -1.63239829526403 -0.486359478278239 -0.598150353125032
-2.7394766492106 2.11606748803165 -0.553920281919462 1.71992133027243 -1.49752408068458 2.93408487877399 2.45211706077527 0.519715628229431 -0.935076637696618 2.17372399877325 -0.682460877398961
0.994466789897985 5.2194898180925 1.69604517559541 0.0278790310359227 4.09950517459278 1.27980463699082 -1.36818547510093 -0.592351546038447 3.5802006764174 2.31366256941367 8.90075911609549
-1.70700160793357 -1.63213110984845 1.76085241014524 -0.19864762803034 6.01612342901821 -1.30365554968175 -4.4717367248031 1.27102647565337 -8.32938284853377 0.735107456788657 -0.189220282452013
-1.24201369025642 -2.24739999516992 -3.31375750182131 -1.20670887643779 -2.32870476870309 4.13376575722678 -2.73362104655522 2.20102279054748 -3.81111977734414 -0.713638807624074 6.85106169050221
-1.32508799375609 5.52844092267948 4.823726742257 2.32418082630341 5.87960260775828 -0.788656682632375 -2.60653443857527 -6.08920490717227 -1.82212309212377 3.82505580230739 -1.40290578021863
-0.76967296302458 7.89168606462632 -1.21236089147769 2.02658614015242 3.17199298485719 -3.65551140831411 0.385863420455454 -4.5501453517156 -3.99458175226166 -2.61194568690552 3.67860321180765
0.617857807976552 3.61599896956113 2.19812768012614 -0.481521036735327 -7.65372232659648 -0.165175257511901 1.04345691879967 -5.84221419993107 -1.92723118820222 -1.17314753879514 5.00589999002266
-2.13969830569484 -4.99043443010138 -2.93926260004533 -0.584707700340178 -4.31846625500894 1.00592395184076 -4.10322148365214 -3.56704786315067 -8.04191294662156 -3.2808840236796 1.11339518952444
0.0117703925679002 0.57112877405146 -2.79861518028727 1.28182005554575 -3.27022867383232 -1.02619760075845 1.00446339206895 -6.43613057843929 -5.94921168501175 4.17209124888374 1.87890692844823
-2.71273324585709 -0.130453671959262 -3.69843229953519 -2.04209896603329 -0.754457785022689 -0.749590682546229 -4.71777787110951 0.199805212142894 -5.07189367841435 -2.25716864617124 -0.0601918838263735
2.65416725136445 1.6878793191389 -1.58628363811885 4.80509582203011 2.71725284192217 -11.5713581336908 2.0056074247829 0.501871261084321 -0.704615142401297 0.040896625483467 0.262740345274097
-1.71399774384071 -3.05862007115624 -3.11013032153482 -0.993707391180705 -3.34837074561059 -7.00462093846595 -5.20052193764379 0.666244980252515 -3.37182906061203 -1.07227419975547 0.387161442864819
1.79112403019065 1.17342261610032 -7.25947943899536 1.00044632751765 6.82948371472466 -1.14981675968275 3.55583300788419 -6.34362652469305 -6.58898006103874 2.51004180659872 6.25372157375843
3.04581200089591 5.65471945720196 3.85999285926436 -0.683778217251445 -0.684278956050099 -4.61068890462523 0.842668130074518 -9.79476879579023 4.60538945808163 -4.35717573753802 4.0596097554492
4.26434541770962 2.80234638013563 1.23239840742822 2.67620033344828 1.16402117246874 3.50057816388621 -1.8109976906743 2.23688649933418 3.01749389900784 -0.433736582898445 3.07047216120014
1.96945884638401 1.56836377868497 2.97780352254393 3.43158428220033 1.71631212929708 -4.43946214128237 -0.609080413170127 2.4748718095408 -6.46346380376738 -0.393359299389128 -3.29138576866189
9.74821523796211 0.841650255682074 3.60245628260594 3.56755435976496 -0.529797681575021 -2.89701997478556 1.73017925074877 -6.83999029640828 1.86249834355318 3.70460777935053 2.77928095001692
-3.2249091279258 -1.45504835178945 0.758965155067267 -4.4913918513367 -4.3165989492568 -5.2087588101828 0.995613370076162 -2.2052325975834 -4.1371984825378 2.70101240751639 5.02971963890587
-2.09809662460167 4.60758752833201 1.41707232922874 1.10300248925691 -1.80073407566761 -2.00494756381996 -0.612138173333117 -1.69661279228514 -6.54812479651713 2.85242918087469 11.8893383351924
1.5980245049438 1.55013909127189 2.26349066368916 -1.3463579420231 -0.425779420322525 -4.57540984295016 0.654830600294545 -1.73591919055003 -3.43557428981999 0.576917513791045 -0.346401090772617
2.94242253605544 5.64147399801914 2.72492645548684 0.871901650555934 2.03564674364917 -1.89915056401353 -1.045870112215 -6.17676847241825 -8.26973438503876 2.82405454829775 5.40077320894801
-2.09639650321042 -0.110531903586551 -1.08665329674157 -0.936247745097792 2.58873413592529 1.68951736374398 1.55633278745465 -11.0853840391214 -2.60457465539856 0.268842826255347 7.19306519408354
4.98145186785867 0.548581591908689 1.86934628456162 6.01012051264168 -0.200203573736608 5.33215420479128 -7.56037503692963 -1.26590289193798 2.4647478848683 1.81049174867431 0.0499239752245586
1.4728465794138 -2.52394201741104 -0.548501439554513 -1.78977351853374 4.33522798117382 -3.0184605139097 -0.155681740962448 1.53693392650206 -0.0691918589187692 0.334317152586684 2.94791335297528
2.41520206941084 5.29321537885148 1.23691589445186 -0.407560427830577 1.13771582222036 -3.63666660341899 -7.61396771094441 -1.78494410887067 -8.25069748284525 -1.05304434175281 4.87335311516686
-3.07675586283677 4.79720613163495 1.79083366389036 1.7111478280498 1.99930556881605 -2.750289799655 -0.98818805178161 0.283765861206796 -7.58468000251977 1.67241818548363 1.65148298825704
-0.449064860791116 3.8986026365842 1.81696173954733 5.96756625734805 4.30477907397421 -0.85178788212004 -2.17983128582238 0.327323012373895 -8.41445969437797 0.951001776743792 6.51011159897702
-1.30998782222337 1.2559538875589 -0.329602941814981 3.05804377660577 2.73155648600732 -0.61021333531894 -2.53148314040777 0.654950402028969 -7.23009170133737 4.66049747862008 5.56575799719703
4.3452338686794 1.58597521598494 1.39579686079702 -1.36287029587231 4.03329934912636 -0.736768433996523 4.76769350236851 1.45001375597801 -12.376505695462 0.30856701171507 9.37845780278823
-2.13459057419885 1.94141154210394 -4.94487150057211 -1.26713858104747 1.26220920521488 -10.5304819086106 0.26204010274715 0.691260708187065 -2.13908421656102 2.9706349471884 9.53411152936059
-5.23791288508309 7.25601334559151 4.63390188878169 -0.338629523415029 3.76817958195521 2.13605393459553 -0.896371199806926 -7.29668820691265 -3.94096801871388 -0.96882317541702 2.93564182572951
-0.323693103410382 0.727010506633492 1.90572230677678 2.82968786556673 -1.6761016985846 -8.97880720791263 2.26067579878598 0.305812628370229 -2.48815648576691 1.01731568654689 -0.277643445520091
3.89428091922565 -0.615069072423152 1.60984834615156 0.207000495282231 0.574664757311747 -0.116706155295816 0.163966870413269 -6.77777151911369 -4.27918482528412 8.46080528704675 3.49216393640987
-0.898227683850005 4.96143315253654 5.23929661969367 -1.85092852323688 -1.28145395502171 -4.24630842047035 -1.26574238658154 -8.93542197241454 -4.04838933656674 11.6161148292216 -2.14485300682531
-0.200354093203577 2.94762795880763 -1.52662320674328 -0.550713315386689 1.00126775955373 -4.6385216150026 3.92739100206291 1.07396300921952 -2.17821760504421 0.670129109039725 1.92274230377398
-1.28930710263263 4.43335966815694 2.85288098814558 1.20645676817844 3.81234853056066 -1.58213243324987 6.76050685438183 0.748057512193433 -6.11962863759714 0.6384909783916 1.48850446555467
2.41156277066843 2.44460773885045 -1.80496038561577 3.64702688717519 2.88609343592641 -12.0984343236857 0.77642399871263 -1.92825837784777 -1.47839579119794 -2.1162271854353 1.67845338091947
1.01054424724467 2.32655310008875 5.22433625466365 0.642007234949079 -1.0643337009232 -11.2457134400226 -0.519020534537822 0.225864127532062 -2.85963795712662 1.88011303006336 1.68130151694667
-1.25543980094705 -0.164427641622212 -1.30155266499438 2.49041471403327 1.50123926319988 2.91604024958162 5.29774392263819 0.682320566929271 0.214737115550402 0.0798887470200536 3.83012588545569
4.29178344029826 -2.13498261071842 1.65155749981937 3.57318563017407 0.0529073021755897 3.94235703804864 5.59167569883994 4.70416250578704 6.22128531908527 -0.494650173467513 -0.636931593159022
2.19313809874691 5.79624308773811 0.285367760981177 0.658023431726401 4.41723873345001 -3.14820434466333 4.34138607628189 -6.49570301544993 -4.81771582659888 -3.3135366682379 0.60328011540763
3.37659495150358 2.73336584233992 0.390596709287576 -3.1905258727335 6.67430709344842 -5.21011524121895 -0.640869226159178 -0.889740651383257 -2.65636407083322 0.770957499231279 -0.493668321513706
-1.65785667921614 1.01387888009007 0.067390337494325 -4.80505263686416 0.848716507391476 -5.8265643725005 0.211732750972693 2.69324016896575 -5.16239916938383 3.97569759062631 4.87703030792868
0.722594114852867 6.08238748982973 4.40657850831693 -0.563371303731373 3.68908614335675 1.02503461216693 -0.889167247837773 -9.53753289222181 4.52121042013625 -2.62470462908622 2.89824839795826
-1.93392961080377 0.987937829796031 1.8950260496265 3.07949028434391 6.74150694492165 -3.17601784103151 -0.0468414017573371 8.1819591015695 2.45542331076635 1.83777161936117 4.56653548411144
2.4635819473823 1.34174367866083 0.0986506775667081 -5.87314845402669 5.1899877108931 -8.44716499108308 1.91988769193423 1.63865260689221 -4.2391794288589 -0.0678625166578103 -0.158101275217263
1.07808229818158 0.770694241455301 -3.3265721979595 1.84670024052159 -1.38070099933211 -1.58445970580991 -1.6607474498158 -1.28984732671741 -3.06914302434877 -0.250185396346384 -0.0589820201779476
1.81506007714287 4.07457130229687 -1.77681416531114 1.10856259587412 -0.266187453193199 -2.99827535560267 5.61826482993674 -5.71678196661958 1.97774511645635 -0.338047973412612 7.43794225575067
1.68104995831644 3.34385853690739 3.66084959229435 0.519335782099131 -0.178672359079611 -2.71548333993416 -0.633429791170413 -6.07849536987023 -3.09039088097204 1.58367099784535 1.69714839772573
-1.53472630705692 6.86705017413088 -0.0974166890564723 0.20210689277847 -4.77619738220468 1.11545102044427 3.09617624808397 1.13743208559073 -7.10088853143615 2.76459357280546 1.39812011383586
-2.24104135743338 10.6635526708136 -0.338512857359859 0.877010901649826 2.93031886883296 -4.61065329219544 -1.86550115890946 -7.87792204325695 4.76163922068379 8.31935005474035 3.37216214781268
-4.55380949563156 3.76654609274717 -1.35883229292707 0.892290648874317 -3.92050800992536 -3.41375269948642 0.223831249298506 -6.6509769373221 -3.54207781570208 -2.11218639831922 9.36791474232271
-1.75197101529459 1.00036797591865 4.2295097848582 2.90855889235316 3.64086390001426 -4.66569914743712 -0.168424830241451 -6.30861515818633 -1.04738280893704 5.4880712495834 1.0796340999152
1.54806053741506 9.71467806694888 0.364648817997215 -2.30260975076738 -1.74607873645677 3.69138466068418 5.28038544075597 3.28953705896641 -10.2822992702232 0.252461982693983 3.46268156848083
0.32712055642823 1.89347345615861 -1.46453555278479 0.755862491957787 -6.1258362527591 -5.59028494649697 0.785275566552501 1.58674916313459 -1.14420970104481 3.82273840755035 5.0183550765652
