x1 x2 x3 x4 x5 x6 x7 x8 x9 x10 x11 x12 x13 x14 x15 x16 x17 x18 x19 x20 x21 x22 x23 x24 x25 x26
2.10166118317443 1.4521955855081 1.74887140268442 2.0613188521956 3.16824403160617 3.81709142631302 -0.681755887759397 3.06400843673128 1.4943167950096 4.05292537520366 5.88730641709595 1.9651528341737 1.79743750354024 3.46945210664168 -2.70819893521518 1.76644393875117 5.36868167940284 2.75946938324978 1.02673512534521 1.27776751717221 -1.17040285762999 4.40808250282392 -1.87936996974921 -0.163461800192236 -0.324701476308049 1.65306153513646
1.00326371707574 -4.83998467863031 -1.3460694838949 4.56840836301054 1.19958296570329 -1.24899107443796 3.18316045727619 5.77922568327572 0.591388907196568 2.85944063463075 -0.122186294019347 3.46782629888366 1.83315862994406 4.61971331803544 0.887986796378505 -0.0739352026642752 3.3767729601352 2.76541538471484 4.21854908924276 -0.0383342825010285 -0.909822680193872 -0.334585868161802 1.85174534179929 1.83511955277031 2.78408526378035 0.497783204751451
5.60277448216081 1.59211910637583 -1.72077131395943 -3.99777115521675 -3.81696556740582 0.585978533144199 1.04343147404424 2.55412071090244 -1.028674494329 -3.28785842839949 0.976565439612946 -3.41732821711823 -3.59555289158847 -5.20426899643505 -1.16546019913797 -4.09854948042712 -1.91541076864384 0.345964293903392 -6.14400607127188 2.22934816431874 0.882823089481607 -4.27014261792426 -0.390100738408139 -4.62985254794 -3.82111650139448 -2.07456854871532
-1.83576440370489 2.10141132555338 0.728705066510651 3.96389618407557 1.93725709674018 1.00699984263947 -0.0452083582293181 0.256822724999663 1.2582631992906 0.849600853199069 -0.300046123924794 2.00034708223888 -0.783097605012837 2.70747379697277 2.01602623625542 5.59748142174175 2.24850689303146 1.14309901014732 2.07732239190077 2.62588714508187 1.56374755817248 -2.11241182025272 1.39241070067061 -2.10709378603296 4.09910297923435 4.06649419152156
-1.57610939750224 1.52618612957104 -0.980367761259074 -4.73574901485603 -0.941250507038466 1.42895486846716 -1.49491470908965 -2.08832851485869 0.896678541596956 -4.0540073560407 -3.99429293460933 -3.84984786284311 -1.6477324460619 -2.84222584849861 -1.38400400332382 -0.472385555165262 -0.685385060825394 -1.00955687139231 -5.56594691231892 2.20775533942359 -3.38570460843654 0.165277128430281 -1.37446043952596 -1.28551301750912 -3.80795079953663 -1.62354855229133
4.18353419653833 -3.22811472652075 1.04571089133746 2.16537641473276 3.54585037039591 -0.731672578831705 1.44345311623161 0.217682981779703 0.796160094058739 -0.441501231356677 -3.90501976924002 1.03092941773673 2.76584457979944 3.42236261422383 -1.91989418149256 5.63753666251889 1.52876219112559 3.77001664985127 1.18573141136098 -1.35343593033695 -1.39699749099752 1.84930891182484 -2.15058213982087 2.75387807244606 3.49516964639028 2.07089683247141
-1.7395737220221 0.396899522400776 -0.823297749084999 4.91619265888709 2.48319258032155 -0.0233780965851872 4.48951671709963 0.888476453856914 0.401483826753731 2.24481353159674 3.06204951023964 2.93397214455129 6.39570452096952 1.25111767351352 7.32809584629123 3.24619263986163 -0.147468278836944 2.81409660204197 4.76052325266574 2.40783341598076 2.034006431357 0.507766330272491 -2.10900907787603 0.445101265940229 3.9286817928832 -1.11594588683359
0.773468608108102 -0.134952317331539 0.501039083352744 2.60343278241061 4.36800255259429 1.65603484587473 3.60431421998887 4.69616901763391 -1.9930156053502 3.56128837655786 -2.04334178303977 0.942734132828339 -3.08646348733393 3.05472949969188 2.17076497263162 3.50689860998052 3.15701330380361 1.38748751699102 1.68321949376437 -1.43469071376975 4.34221201742551 5.54817507335038 3.51194857791019 -0.834265466911638 -1.40685394693857 1.46416232299874
3.90998186974508 -0.63169192316075 -0.422503843909743 2.61788953264502 3.02099100700808 0.748788482483175 -0.627911470950662 2.43302980716432 -0.410279058943495 0.885872294836739 2.2628230581851 1.72444145139173 -1.94060681820316 1.8921536875701 0.0892619146781134 0.663405191766615 1.93806146030557 0.855277306312077 2.79249726778992 0.857635348031839 1.84125344659479 3.81404406103791 -1.854012600306 3.14498646532142 2.40594763204765 2.47302837702003
2.78496708691909 0.169706365430777 -2.66264575765795 -0.0894342976687281 1.89899764240236 -0.238980610578335 -2.74725047501922 1.73930276591231 0.109484840000701 3.84672730183661 -0.281414660477183 7.52101114662191 -2.430946338968 2.78696857135059 0.365765423043848 4.53857495042306 6.57179318577182 2.49566931105385 2.75872351623661 -0.420943130441064 1.98486126383318 2.614414049966 -0.139687107177205 -0.193231048307492 2.82729703504209 5.49137761827127
7.3441527950145 -0.0840704006059041 1.21517730646259 2.16060116950498 1.76051988721519 4.67193329566852 -1.46949525334719 3.38149360943122 2.96863459562717 1.49072411418565 3.25494074891021 1.99135674034097 0.798466895770752 0.868554350743924 3.98493347527054 5.21056378085285 1.7794768077523 2.34738209604403 5.25976573910446 -1.98078119873632 -0.763840534792973 0.380737637929491 -0.0639126176323102 -1.46733430312887 5.0519757121461 0.0170133122618332
7.27600449839672 -1.15534880542029 2.95237094154138 -0.563614694011464 2.46668318053112 1.21824807041767 1.32564582652188 2.44231664001324 1.28761273138714 3.12200119774775 1.83531360951013 2.78677903266367 4.85746421256528 2.85776454033971 2.72214552689157 -2.65322905546063 3.32294664680949 1.05216198673238 3.75493341045945 0.805132004605247 1.01121896408449 -2.92878708827716 2.67439801912181 5.29253872873557 -0.241466020425861 1.84018575062472
-3.39905514733674 1.16306117591289 2.04415558497499 -5.49134968384589 2.3464136532881 -0.838687437191953 1.11141544562662 -3.29523189444763 -0.901178625243681 -1.90690414237998 -4.41438583730099 -6.72938204707919 -5.25572776492058 -1.79238187643263 -1.45065626754052 -0.203909180888552 -0.562013674079957 -1.13600796065159 -5.58412628933081 -1.94682789392818 0.539858175707306 -2.22549299166535 -2.1169253276383 0.448667298659776 -3.20773020546448 -3.17268718329451
-6.62199645128893 0.131790782468427 0.206862822969607 -1.59693955370579 -1.15444286063952 -0.232557836665852 -0.110127737242009 -2.42799427663352 -0.922592355650143 -1.91840218331709 -0.757493519826971 0.892320746027082 -2.66189507679387 -3.73374766560937 0.537151063047552 -0.511499344975761 -1.33878862058592 -1.3978105206099 -4.74587202999501 -1.29010065818702 -0.998619948259558 -0.714850519872267 -0.923820598399195 -2.11380008242683 -2.02270158587599 -0.565364741034034
1.83741014556145 0.192733820618138 -0.656353935782334 0.0198653301737575 -1.45758722917062 -1.1364838402553 3.03212403490412 0.274794268301019 -2.86195282426306 -1.88726428251911 -5.18667169264772 -4.72434864555549 0.574078541201111 -6.11617930372171 -2.46957095794737 -3.58630700130099 -5.55799046454268 -4.85023801013879 -8.00997275954576 0.7303473676415 -3.94769791409748 2.0564438352004 -0.0880125557210678 2.20236337224498 -1.71852626806878 -3.77902379636726
-0.360790063890394 -3.14990104871355 0.513416017232657 1.73062720717042 2.74023052710478 0.407780110420302 2.41596566728051 1.83359444201056 -2.50254516604744 3.50951515252323 3.7664572810567 3.37966709336442 1.89794483984564 1.49097585631758 5.38202609826632 3.74317279113022 -0.240084940106077 -1.26100172281635 5.6097227446498 0.639618026170248 -0.323121821283102 2.47485162185776 2.24321657451417 -0.809458756220935 -2.02068582929096 2.24802558050078
-1.61172815193708 -0.330957674311355 -3.02597314679821 -4.89347109710275 -3.23982294294464 -2.23143795202082 -0.466590131629318 0.222977925111111 -1.320184430695 -1.76945967427726 -3.97582053261334 -2.43208527062626 -4.82250065434318 -0.00623398783830931 -3.81517709919069 -7.77387667502095 1.14299408036963 -3.4993597244821 -0.573401785929906 0.771741333662634 -1.15287904480193 -0.243303427668485 -2.11972917745675 4.72081613746284 -4.74963041068126 -3.39466929039226
0.761436177386956 0.00709947289453444 -0.369215994391731 4.51717622063337 1.17372166543649 0.128886665437075 2.96939050954624 2.49752420972596 2.52555102408629 2.51401174439857 2.36072402977095 -1.36270156612263 -0.557598274467378 2.71414654878865 -0.747368017598724 -3.30091449894534 1.67636873509682 1.27038986710511 2.59094835729508 0.993108933456803 -0.979812227295173 0.266789278494057 1.80243430587969 7.04797863455264 0.358627743023199 -0.578628528745856
-1.32432386270189 1.48932298474724 -2.47228949965215 -0.639036148969413 1.7242810110591 -0.810866167265108 -3.47088409824437 -0.213039017769349 -1.03787646441183 -3.09501120902317 -1.21055700653681 0.60388583939196 -0.152065522185695 -3.15422432189074 0.798065638480703 1.86889492639262 -3.67737366689521 0.882283260426793 1.22788957989934 1.66194383326016 -2.60117638086489 -1.62607278275529 -2.34464931465329 0.212475129840929 -0.687315158105676 -3.96163396480589
2.51583713444348 -3.3006701394834 1.11577341327613 1.4583739765043 1.27669935854491 0.202858480465435 -0.80844168301876 1.48563925785503 2.84835321495597 4.03165350947205 2.5123401772889 -1.36157679546296 1.79892480869454 2.63139995795509 2.76854528853618 7.67769960762635 5.94056515501279 -1.33897175132744 0.0194738534302399 5.86711119342699 -0.606461706642453 -0.183975302557229 2.03843478647822 3.25778535030683 6.22597018586713 5.45244501947537
-5.76115679431854 -0.889100420486956 -2.73292998956468 -5.03184633390605 -4.90639627887458 1.15427020940436 -1.01268838416416 -0.720892866936813 0.242802950792402 -0.292206015678266 -2.21575169825025 2.24369594073043 -5.76943851922322 -3.41889297124149 -1.6986578082339 -0.16771123596541 -6.34594805294228 -2.78875474871609 -2.18268320399453 -2.54501706262437 -5.59185665434277 -5.01094157473308 -2.04587607002091 1.75146734392651 2.32273724580919 -1.99428767939694
3.49062648079357 2.78655744669089 -1.03472187783096 1.10919720256802 3.94643255482081 1.01768962853673 -6.29353011625559 2.05769326638571 2.46453380772664 1.47118706112952 -2.06603563544069 3.23721414330098 -0.877548819302412 2.24083953302471 -5.36084493342202 1.48373100646076 2.4776435549055 0.0848933186957375 3.33483319787812 3.84864524961646 1.80756012525042 -0.514595555145303 1.50765965551404 1.71994906207291 2.1764037132847 0.516929083975349
6.97005005849576 1.99393492554189 2.17105960567376 2.50737965874937 1.90341491644607 1.85092667075925 4.99000460371139 1.54328147635007 -0.954093497851752 1.68398671236405 0.141546760902601 -1.37468559990716 -1.37894772758188 0.905436100456497 -4.47647351573417 -3.42860717549907 4.46114751046861 -0.792824369223951 0.68410213924077 -1.49795287094113 0.748208329526816 1.40825593981764 -1.79256979597351 0.250751306747175 0.069068443845556 1.74712601031656
1.77242490563053 -0.976291944120537 4.20600866601766 0.917570955336978 3.08681885119022 1.60904288198947 3.75608280022811 1.97560155168136 1.63588588474818 4.04527232855903 5.89538759227039 0.714056248058085 -0.0243780375048426 2.14515134099154 -2.96189536264106 4.64047789877855 5.22993527169356 2.88327211231416 6.25592904997424 -0.476722470400314 0.794969946456918 3.30490930452299 4.8061704803837 7.10852014244794 -1.79434443900005 0.616916216311193
-1.56899398138104 -1.73462350619764 -2.11625961326018 -0.898148548625497 -7.46712563099785 0.881645739027871 2.30446830204769 -1.06837499200201 0.472700330521413 -4.92119855754521 -3.47707083959911 -2.07385968196736 -4.64433060374972 -6.5654169863751 -1.65202979266732 -0.534462696151219 1.29875099427227 1.66060106468289 0.300810888293922 -1.90613067610162 -2.37719030138351 -1.11877222717704 1.01632497508138 0.622908992624207 -3.4584780389116 -4.05458649992869
1.17080704711871 0.663652109361499 -3.09573497660778 -5.40107585176518 -2.05243502998262 -0.0114415949681536 2.94817452520685 -0.232137250411964 1.70104210986456 -6.74755783843825 -6.24366391084987 -1.21086083538318 0.893196553411534 -1.24091567638447 -1.90814823325019 -4.48618767214225 -2.30835282658811 -4.51559636623043 -5.97270296819875 -0.0201477192257777 -2.08148164597007 -3.62350873725878 -2.86967744066897 -4.23055254879144 -3.6420098020431 -6.0890454068545
1.50168021773145 4.62295297112067 0.584029630007723 4.35137465268839 3.89933900219137 -0.584200549148101 0.389288248436015 1.86706663860212 1.14688835071607 1.39899967183249 4.24993151921226 1.63991055734163 2.6036382474384 1.40311883822146 -1.61896778207884 3.3590812679945 1.27161166075818 2.72458711094469 4.92587292462337 2.60758291607078 3.48957968110736 -0.589392639295862 -3.16339573031134 -0.533565711236251 -0.559474302889691 5.17692250467167
-1.59016810380498 1.54602748059429 -1.80334563791739 -0.378649870087118 -2.00522121259106 -1.15150729074008 -0.639858033066495 -3.08034461834287 -2.84247796656766 -2.15563688248118 0.542051590270277 -0.401004246226336 2.54003219837322 -2.91636628133155 -1.74630077941484 -6.31121211188346 -3.49306516012851 -0.433481863444862 -4.8623713759878 -0.662666288647993 1.00544824546537 -4.19507641833941 -2.39223050609702 7.27452426818711 -3.82170757839617 -3.70739476547178
1.68670516716538 0.948108542945149 -2.86503530889875 4.25568002762929 0.804623727933719 -1.72090846449499 -3.99102983423768 3.18582895376295 3.86748491513365 3.20840482593896 0.141555326768815 3.58702504850123 3.50755446741375 2.58683389788015 0.700477260640009 -0.449892938693614 0.0357865922986536 0.921462271787267 0.121259932505426 -1.07024678197141 -0.362532711524334 -0.242236819952558 3.30292180838963 -2.57173546660835 -1.31425630342537 5.28837312379644
-1.4253106707696 0.559150756622976 2.03328144841895 0.384424876642032 4.21699436077967 2.98504793614883 5.22134100683007 -0.530511937731909 1.15955905430754 1.7437233236583 0.805994764452833 5.24406803013018 3.60065245371741 2.94248561753173 -3.6044484478015 2.61301233351104 4.50203527764856 1.52705608124492 3.46677335932314 -0.501500544212052 0.587075105270333 0.922607241331109 -0.710193080354526 6.97554111090932 3.84631643564716 -2.82063876214828
-2.77849121074958 -3.97294050911622 3.09720555488266 0.833714189981527 3.03513005388978 1.49391455467251 0.486061676144882 1.14291702452752 1.98208725648652 3.29401776289004 3.11055605555367 5.70176302707836 2.32935204938251 2.58016726102097 -1.16246079682121 2.60458161052109 0.803587237613443 4.68709133929479 2.88718348075788 1.44130930029201 2.80280535493282 1.56151657579184 3.42603669579435 -0.208947032869632 -1.38465129632096 2.42868597092807
-6.72428372440249 -1.13213051572273 1.98936079935749 -3.20572447555774 -7.03981867250774 -0.449997217821481 -0.0992393920990217 -2.43431061204408 -0.955932755564936 -1.8340643905104 -1.06336971314894 -3.32674059013662 0.777802131535431 -3.04288784822604 -0.40920759984906 2.96570194624184 -2.82370853692674 -0.747284460493373 -2.93860557167676 0.389122074394928 -2.01755816529756 -0.336008131067712 3.06495833344494 -0.644096294371171 2.67484014560747 -0.717450784131401
-0.0699562972925925 0.987719076810208 4.33734804924196 6.64176827540871 2.94389186520277 2.20791598135159 5.66162058613726 2.65223415063586 2.51402144082659 2.48537931240234 2.81440312484012 5.14094816417358 0.10288993402019 1.51130546907418 6.39998691302743 0.286018570333978 -3.28011836340163 1.02831314697554 1.3312063945625 -0.171099004337345 0.56324495935135 0.279783085213052 5.63745256455177 1.14301989723497 5.57127338899859 2.48906054456409
-0.78666746193272 0.109571571141647 -4.86808321792122 -1.86631753633257 0.649279949013092 -0.937134244193784 1.11957074446237 -0.351467532983221 -0.222610511372403 -1.84269939384322 -2.82023176835826 3.33516882786522 -4.85982330575972 -3.41620558937695 0.0420251349335496 1.59200911095606 -1.5825061014245 -1.70955535709626 -8.79608600520594 0.296316058491315 0.380791724221716 -1.12063662573709 1.41815062359398 1.17990013094041 -5.22351551121251 -1.91277964569858
-0.883981377606367 -0.951097912771919 -0.143207978656001 -3.8729603468209 -3.25873542379475 -2.71644948876803 -0.439145982146128 -1.37827046093577 -2.85667537316484 1.03874515336638 -2.7784001481908 -4.9207096087058 1.61265446800338 -3.23215018291181 -1.10830680525565 -1.41176936269962 -4.38942511884243 -3.52270055314941 0.692266590031171 0.791741084216896 2.76914834602359 -3.33760825091204 0.905274105603441 -0.537981262626237 -3.46672165337111 -4.09361094541522
-1.66536337835428 -2.29954448662849 1.35298008350863 -0.673795256243607 4.40254976492684 1.32922579882504 6.4571547231516 2.65003941291371 1.01075791278342 3.36106639175285 4.41897187899345 1.47869097299029 0.0408204680960547 2.92720517387687 2.56273258503959 -3.36826798495417 1.97286323988916 1.72091282768014 2.06269026306344 2.6688032570775 -0.570477961888014 3.70009342683995 -3.59684842301387 2.18874575896475 0.806742381816453 3.12182075118935
-4.57341763220912 -0.0907612959711896 -0.0547021889468353 -7.55182767761595 -4.89015531639916 0.460314665648092 2.23378299852052 0.380851017917383 0.444483408507105 -5.48801949493626 -5.95209153293144 -5.51613436493244 -1.46910333103838 0.680109791067345 -0.692262037618393 -1.25127103031155 -0.505562608433546 -2.98684574757861 -3.24924185097552 4.17973638411797 -1.96576550092283 1.4277273161369 -4.13912031187006 -2.50703934143893 1.11868549004281 -1.43044475292221
-0.690680900358081 0.43515876329927 -0.797001308993286 -5.86183984107944 -7.31564952305339 -1.01324319561885 -3.2835761338844 -0.795070901484447 -3.2986395737344 -3.30142381595022 0.757676049922933 -1.85062276601859 -3.65617801542609 0.0848237965815657 -1.73339399642134 -2.88092914297649 -1.94672790280852 -3.86729931925436 -1.26621555325898 0.466627045259237 -0.0878061549652627 -4.34578719266987 -1.76379002054469 -0.0531981001856767 -2.65513428707472 -1.90394404852687
-5.77465138627404 -2.98025909012416 1.57017558407878 -3.0409983410975 -4.97066937737383 -2.3538339220217 -1.96395700906587 -1.77769384433169 -3.22265067616367 -2.13009653515278 -0.829537599056773 -3.26479715013912 -3.64483210397174 -2.39697481632362 -1.76087373144811 -1.76359701548999 -0.559849217714037 -2.38833674834948 -1.79275283259185 2.01185102375378 1.62942573607193 0.0987199331963271 -1.36065047192191 1.06229760917102 -1.47482717147004 -0.766594250692309
-3.71720936955412 1.20070984358793 -2.25469164430214 -4.37868484620358 -2.29602259776553 0.237921665977445 1.79441744017134 -3.70610792379319 -3.12599711380511 -2.22835559573101 -2.11605385535454 -7.00276084510756 0.395906272505154 0.161569714329632 1.78892059553187 -2.80866776922052 -1.24464710411866 0.528624231817332 -2.8574322892718 0.664918799849141 0.157037220466205 -3.24873107907646 -2.56726056795738 -6.76109599124203 -0.0103943124338088 -5.74692127230781
4.6010742460319 0.512258039290464 2.03474154007832 -3.39107274290761 1.77798791237923 1.30253978321876 4.6681175461647 1.08742269524182 1.68441918782168 3.32248834598118 0.549370183923981 1.70068821097249 3.56979986074745 1.18793295168194 1.94349769221491 3.90414917496061 4.35262816479911 2.339403956694 4.81172236471827 -4.14960863695425 3.06532869909395 2.52325590466513 -0.422751443111491 4.3565217716665 -2.77486488642419 2.60889721249313
-3.64648542350477 -0.390006515864177 -0.954708052958024 -1.6065771547711 -5.9227283270061 -0.84032155412266 -0.522210908681972 5.43758346033192 -0.435840415902557 -3.63375600499311 -3.07309512679184 -0.526734490535281 -6.79037598954408 -1.54476629428961 -2.61421992278892 1.12824044084755 -1.7437363650431 0.516927739408336 -1.42514306154902 0.612910157912745 -1.33612385359349 -1.20694823147751 -1.66014547447268 -3.63504830801201 -5.07749190983171 -3.36978731250636
9.28351350936305 -1.22226650574792 0.747766370007467 1.59681797395892 4.36254816417695 0.62248386174324 -0.335603345536894 -1.64019143778108 2.52885095615133 0.918074335399645 5.36138500215722 4.58762829715711 3.39824177654581 3.44232891612685 1.37644742292956 5.58075030117236 2.13680923747425 4.35381240253821 6.04866271217087 2.03061727353561 0.302875243892879 0.726558449246064 2.47801747905426 -2.81783499952205 -0.36697898987778 4.55003312968635
-0.0696547501754765 3.10775574919782 -1.73760068220057 7.049796191141 1.82698391804065 -0.891557165888836 -1.67116031049336 3.51379616987809 0.753696262965065 2.99016742627192 0.696963593491123 2.47117900173332 5.83189816910228 3.14526498336426 -5.30970898198818 1.01158207868123 3.40343114277931 -0.228567430536415 2.48182185779378 2.05600003534496 0.934786937000579 3.21291147926117 2.51220333432289 2.82452189877296 2.16700347509317 2.29059585330618
2.72579967515424 -0.357132941307799 1.95909171042896 0.688100027358809 3.99337620157725 1.42910024924708 1.12638243003113 0.738820824930567 -3.70144310063618 2.23057846950147 1.98967831648555 3.55825283332599 0.426637974735714 2.62682343589214 1.60991646759846 0.60035350788 -1.2504585265908 3.76820681521786 1.84462758641734 -1.26538649302655 3.12520636633681 -2.71986117996673 -1.27081328320511 5.86653181828856 3.04136497867054 6.4456271604794
3.36417259300095 -1.80710391420853 0.58789602234239 -0.286708786940282 0.905637381801739 -0.253366430723493 0.507544841027323 0.111162690275254 3.189797701498 1.9651073733955 0.565284928688353 3.57039022872958 0.949376150230588 4.08028627364236 -0.920919309151908 1.05663187172744 0.387112254555639 2.36793251579447 1.77182748093513 4.69772626972737 -0.695701814095878 3.73178520209028 0.664723012854724 2.22883061452804 7.56988721619795 -1.67363222876948
-2.63087703293062 0.224681442983248 -2.6935699363689 1.65929182893542 -3.68383959707037 -2.01447143094957 0.312930931072092 -3.60054511495266 -1.00584521696121 -2.34684637269557 -0.42425893732252 -0.827104286378275 -2.31495922491841 -6.50197202871509 0.769615156436487 2.24745783812251 0.170792462973407 -2.61855462444756 1.35896097539019 1.70829095344422 -4.38270761232289 1.28976018932415 -1.98884731940857 4.41624768496716 -3.12232851028672 -0.200453786997151
-1.41838276692409 -2.02507891837805 -3.31081419900614 -7.32139721319087 -6.05209865963331 -0.582214244468674 -0.714242475306822 -2.33455961324496 -2.45765912634841 -2.52880773951511 2.02152475071169 -1.17541732411071 -0.859391185089598 -1.23576708606556 -0.396036916537338 -5.84372679697857 -0.808387600754367 -1.08044516086138 -1.40545768298779 -0.323206800434039 -2.5425830119843 2.90939040071019 -1.47060688407382 -3.16147390751257 -3.50307778714714 -2.43490157054309
3.59971906429087 -0.284279158433366 -1.6398535030777 -4.46717521873922 -3.51785573931684 -0.030026319174644 -1.16305099949999 -2.34932088071496 0.155677998509113 -1.84771235757736 -4.0893192959736 -7.75839521208399 -0.862042676150423 -0.511089371019289 -0.0522564948863905 -6.90723300030952 -5.34447812469841 -1.54413279965708 -3.99095209280684 -0.591976827804015 -3.6527250972085 -2.45894304994693 -3.31087577495332 -3.00198256827353 -1.55146544182626 -0.0748297800277022
4.1902222036692 0.0345946798948595 0.106728140183342 5.64520843007019 2.28793927210812 0.871525028499867 2.06064588394209 -0.280273383552713 0.960551468322038 0.153192320069159 1.74096943000001 4.96881275058139 1.53337725293462 1.81157695218798 5.96307633387819 -0.762291783227164 2.07890291905053 2.40617209478782 3.74831544726822 -2.21254313032672 1.54979991436211 -1.11277150318367 4.96575223464408 5.12808190182963 1.44902599903212 2.10876192370982
1.74672521343628 -0.135294896315619 -3.58341416640439 -2.00155015211308 -7.83603521111265 -1.65075661216976 0.884324244099847 -3.23650085058163 -0.783327720867646 -6.2829959044725 3.34422659394563 -7.57348184264705 -1.69603974730943 -0.374838340423018 -0.679207469738322 -0.290605673842573 -0.598144098657301 -1.06888331754256 -3.0030643157972 -1.19718327380891 0.239234719304252 -4.66096059702465 0.253402126944663 -0.0895455079277283 -1.52597570250293 -3.09803097938937
-4.23888037429941 0.560646385680794 0.903085569524422 -1.31136197401701 -4.25544111966958 -1.27085978644801 2.01730949496858 0.40518678195322 -1.40943864730765 -2.01945541833802 1.91419969933347 0.0111588120777784 0.569891648913254 -3.16580105150655 -0.781705780167144 -4.78774086380059 -1.68694467582921 -0.995784752788009 -5.71503159242985 3.17372205702146 -0.331989571277682 -0.555452873486573 -2.90464643033104 -1.14610347851761 2.32662911146309 -3.62705932373091
3.56771038381569 1.77353041641961 0.912215177774883 2.06658698721477 5.83215438192954 0.731290620144106 -0.27923374161621 5.62115661414261 -0.115277935507074 5.43609708246375 0.744194851973108 6.80365191273187 4.13840662883886 2.06204344180244 1.64478397604377 0.606713209938532 2.87166293329613 1.56337586802813 1.47411912651057 1.25893582233466 0.656571991520183 1.40028178512627 1.22397587118198 -2.00089692728906 0.382030849424995 5.00141440417913
8.21739549204556 0.482806933817962 0.857075072224264 6.6000017606956 0.892302586580852 2.17102209171794 -2.2596414087386 0.587037406777303 -0.421824699094565 0.721260816322552 -2.03637860777076 5.66194092875452 4.74073046979116 1.00954260523799 -2.24299279268946 3.9291818208531 3.52559447219555 3.75899446257245 3.17054832078513 2.79892691824808 0.888556094124626 2.61208478968972 1.70435761971831 6.07887653881962 3.24157499014747 3.54918428172823
-3.40302162055661 0.790668982024738 1.05260135948793 -2.26268538666927 -3.66342906478653 -0.455403014211218 -0.00603051885444739 1.85941114249422 1.64744781815044 -1.35647006808767 -3.47102156077905 -3.87115360528424 -2.43879850773212 2.91183221734379 0.0207634210411023 1.17780867972359 -5.05012620689986 -3.00929528398408 -4.92121883337684 -0.149304666492207 -0.740065776305487 -0.840615238785173 0.621960649501337 -1.88221285293492 -0.214523167969358 -3.14151179026052
4.77951568070083 -1.2763957660119 -0.337987733478929 -0.179736040184594 2.45581121853782 2.59288672049531 -1.11272197788908 -0.292624473722511 1.56405409013713 1.76390005559571 3.71787314719606 2.93613681794303 2.02713126611213 3.66354774809562 1.2836887370132 0.497320660913033 -0.626197133975091 3.00862253379252 1.58021581859306 0.835649895098655 0.213765503291846 -0.404928529626918 0.268934993932667 -2.95933886392254 4.14643230445489 0.540629616632132
5.71603726305617 3.16459826651362 1.29902911987928 0.891740407130565 3.44161289492654 1.44590826406535 6.69807896712863 -1.61469617382934 1.88380606810352 3.12364154074128 1.53668437332149 2.1345502335311 2.46483396330588 2.62860662724876 1.28463460236962 -1.10051671231408 4.70702798060335 0.972196674153449 1.69279570375367 2.81084555660595 -0.719177334394604 1.57000639494684 -2.94630476445065 -4.25038653029424 2.53726901349255 2.53699677869737
-1.20192346423527 1.25041049728308 1.28702834147542 -4.80207504335869 0.0646259368975191 2.31303386699586 1.7015247791525 -1.38369035178981 -3.13858785813244 -1.69105595397576 -3.09397472946875 -3.87693310135576 -0.0844953774543977 -6.86248221710022 -0.940917914417189 -1.42846000858485 -2.32494311287364 -6.58236622936666 -9.07787472477327 1.6839457354028 -4.28764366941038 1.62940026942439 1.63194121263456 -5.13806243854638 -1.79993296284639 -2.74544749442636
-2.63503367125226 0.352255321750059 1.6190723807786 -2.99339742316142 -5.95789700891125 -0.749207364419121 -2.14339614742936 -3.33048584853506 0.154305248615524 -2.88730999254368 -1.51676568599373 -4.52450505281424 -2.49049248177749 -0.704014349821851 -0.864452031903425 -6.29362525602725 -2.69813473935187 -3.61322721251496 -5.49042201495356 -0.57146782344595 2.06225775671712 0.474081538365685 -1.91049172993672 -0.103852575763506 -3.93260999156657 -1.69505901029453
0.979376113799001 -0.524170596654398 4.12992605024724 -1.27927551551403 -4.31036761186275 -1.60524711302409 -1.93280605841209 -3.83879207325824 1.17612620594887 -6.00749832656415 0.0967589137450879 -4.65530526234235 -3.01088642529656 -3.57899637855278 -1.32814985101068 -4.14192701955852 -4.26649319270054 -3.3642936488723 -0.786248629524077 -0.580750841110182 -1.30211733371669 -1.64299698101124 -3.92902128967108 -5.02088845317544 -2.4598447423697 0.0560657448116899
2.40952533083012 -1.84954319404243 0.774154902863044 0.832092592246535 0.274769492808293 0.861380303244662 1.22295921720388 0.447349578241295 -1.18572450688943 1.34584396457881 6.53162374855299 -0.296838646271689 1.561172446033 2.76775173122451 2.20153898324619 4.63728535061269 3.05442207291589 0.485994286279491 2.63886244172529 -0.150034546339077 1.52203479786118 0.414245508295757 1.7671618519743 -1.90616030137511 -0.374123995216402 1.69453424870965
-2.70799592648222 0.135399434750984 -2.44262408379239 -3.22446657701767 -3.44620630304799 1.59232500556414 -0.988143327434903 2.01146899850352 -2.27262167868519 -3.7457844299889 -0.736346486890297 -0.689065204310099 -3.52302088698066 0.759887827328418 0.0879685483319494 -7.97955628173085 -0.402680591453353 -3.81623227913896 -4.88469958351454 -0.648776370309411 1.02155509638511 1.2582269146404 0.838439147684962 0.370339436711149 -3.42908751618524 -1.61751221132179
3.74667653013346 -1.04824673863363 2.3337281810175 4.73298815479331 0.51172749131295 -0.372991566285859 1.72405142346866 -0.219046604777543 0.898016940182672 4.27016862610188 2.83312306760812 5.19378210982383 0.496923549557859 -1.39973204056438 1.67450202680048 6.95375193006455 4.94804288620095 3.69192048200577 2.48748389554956 1.25448844867472 1.83786987197905 6.82336128208191 2.82326582826066 4.46265764219609 3.1336202744216 2.90348428476941
-4.48570043727741 -0.706280855439759 -0.77554780081369 0.486827677463147 -5.2307676719751 1.21746118290098 -1.76253908614185 0.459755772032673 -0.6251741875816 -1.39637745633995 0.326140198580134 1.69599112166525 -1.54400767240622 3.1776021895364 -2.02793515960355 2.50103926931884 0.64202996480685 1.68572209094393 -2.86510054781073 -2.74093806120883 1.03325807994534 3.71288843722674 -0.826700823133502 -5.62634480351873 -2.92826889231413 -1.92395943245023
3.22518464053496 4.55810554696806 4.97411355657483 -2.75295142256586 5.0859146128207 -1.1887811173413 -2.39933525500314 2.01790869713341 -0.858350649190009 1.62074436390443 3.26220597739042 4.79950431250282 2.18872479911966 3.76933477399826 1.99912804680317 0.993455133182387 6.40244897507837 2.26019318306341 2.70049723896329 1.35257561490816 0.486279493632944 -0.204122623034086 -4.38174123929425 5.40054152099811 1.67375940412084 3.36711503841681
1.6962799172995 -0.714854358697696 -0.0419085584138412 6.65320148576545 2.27761444488013 0.0402297540793475 0.185961095234085 0.749853184412797 4.74488191456126 -0.0107230407582088 0.876531704095478 1.4025118948051 1.8915832982874 0.477671974772359 0.573210540696284 0.0539989013937849 1.48980824833036 -0.825902184371531 1.56030612801003 -3.10964814200136 0.869146713775058 -0.606376511972567 4.67558385672563 3.07436657356749 1.71618616524423 -0.564579722341667
2.44004787615398 -0.358924288787576 -0.146633685502577 -2.24537380523636 -0.424227162318332 -2.71170488165433 0.198816261281091 -0.81546638339704 1.07109902164378 -1.60998201620681 -1.40605191663202 -5.02530362378392 -1.72729720806078 -5.48529444865686 -1.64946036096596 -4.31232716613057 -2.07048803131942 0.542866621497392 0.847251100710011 -1.33286921188836 2.8760257302532 0.130646824510596 -1.45361593437329 -2.0421053874352 3.64581376318796 -3.14855982771545
0.1732695247652 0.655879710484986 0.457979510796055 0.238284742714293 4.43759260788949 1.78097951048214 -2.44479058958871 2.17342367451898 3.3802779099974 2.94237890110041 5.41683342191148 4.32501513337951 0.292614671945019 1.51118117766009 -2.39333576352989 2.62023288519053 1.66638977998868 0.449489953893659 2.91856363212363 -6.05632732762856 3.32408042886426 -2.69243349264308 8.17436053930189 6.80498481863807 5.06835394548747 1.37396213124078
0.516725135020775 -6.23553327936674 0.0404961301691531 -0.511083805128847 1.74253217030277 4.16337010336962 -2.21395201110195 -2.31622467500015 1.42892634011165 1.28439484796195 -0.163364598116385 4.6254103856334 -0.382050707568156 1.34195934464538 -0.0424721412997082 6.5379046544427 0.83341948354522 3.28153223538907 1.29408122594359 1.649735261456 -0.739268411126802 3.08134803963998 5.56640503235745 4.30888891300202 1.67545309932703 2.54574071944136
-3.48466519465312 -0.0869139733055897 -1.57611250512918 -4.89890394254434 -6.66916309631099 -0.437206701955889 -2.35170114252925 -2.53046756300133 0.899762060377621 0.231065647854151 0.160886285469962 -1.57378673864124 1.75581964978169 -2.66897870687051 -2.17996260910737 -1.02569200610371 -0.0883180920601885 -2.60524063777524 0.454092525684377 1.80606174656197 -3.02058412763255 -3.53045396031161 -0.481873308206474 -2.2738519894778 -3.55262699369591 -4.0217906980045
0.68849041008637 0.44299810514391 -0.510259838742261 -1.26415552892222 3.33049868228175 -1.67946886780949 -1.32688939918405 -3.19676487624288 -0.707811785089181 -1.17723038157848 2.97722872993545 1.22902050336788 -4.99965381263011 -0.669952226667798 -2.02626736367055 -2.6991727231248 -1.7873160611854 -0.259987175789664 -0.605418123375232 -1.38793551431909 -0.18704043004599 -1.83617403751261 -4.74666145787865 -4.76631445546318 1.89519755949063 -3.24908199444957
0.594605370598862 0.583709953224328 -3.03008923836431 -6.01083133862502 0.965566763827451 -1.10779946813286 -0.147637886187626 -2.1911463615747 -2.19162943768386 -2.4366609899769 -2.79591667267775 -6.78405741022682 -1.59768697138334 -3.58737716338372 -2.81151949142444 -1.43196104283916 2.13950727816572 -3.25977059832855 0.699528039712925 -1.50141412441434 -6.52825562758873 -3.25299927378809 -1.08196042559295 -1.60211623335528 -2.79662655201259 -4.72268787189828
2.83526241321309 -0.745657612680367 -3.66115160434641 -2.03183023853907 -5.89596435543393 -0.692730343189677 -3.43597189592227 0.674651041196559 -2.81758690743899 -2.25080381248497 -8.17980890053493 -4.32794525429922 2.58272630351841 -4.3991173469438 1.13556167478732 -3.68569963478885 -3.35247923895697 -3.76572730246232 -0.438206974417186 2.86193013016584 -2.2616803582124 -4.59620373997686 -2.08775788045116 -0.119188711037284 -6.22502118031688 1.01378463486662
1.79879099064757 0.0171189785189982 0.377051386295405 1.45552601741259 3.42364855468642 -0.641163121542926 2.81291136194182 1.56577188775719 1.22394408805605 1.79188432794929 3.16467561333447 1.23377217450523 1.10433198177382 3.31023370680348 6.54153360360546 0.865063164935674 0.574630631019044 1.99706971372517 1.69544623075036 -0.110603989187722 -0.710365077108921 2.91924687800053 -1.83220079637925 3.46241007837552 3.57969864649501 2.72578738180352
-2.50175250446477 3.16401058169962 1.62572887375138 6.67408878701883 1.93201468887784 1.28764845530929 4.10845269445324 5.79669006788585 0.996377377249583 2.34488492189481 0.647353105698075 -1.07088390822205 1.11833958641689 0.886980582083908 1.37471082295249 6.24188480282898 3.03782739531278 1.88180580733861 1.06294297153178 -0.90743131600864 0.108082547706745 1.65106855839643 0.753066690054033 -0.10217756920412 -3.43519599456299 1.74174839041102
0.150196940113542 -3.63577898631905 0.917810074411225 5.19838701453505 3.17883620763262 0.614149999556172 -2.14399717729475 2.44594162102288 1.46949608741854 4.25914041265124 2.87641567376696 5.74419374640811 1.48179442065037 2.13321135675194 2.97441058234853 0.75073811466506 2.9766229791464 -0.358462459272447 3.52491077494469 4.69009981319927 2.56147484720724 -4.9408924656336 2.75259677723314 -2.10048026021459 -0.00662548097487292 2.82639109543637
-0.56557397584701 0.250884730033359 -1.53887603213151 -0.760190158526668 -7.18954215304656 0.138306667903661 2.26129654861179 2.00829348514348 -0.0891830231360023 -1.84761730836941 -1.05275120689221 -2.13532197606508 -2.65859854903 1.03559269710991 -0.0510375627051599 -1.18395978551071 -0.139301721156481 -1.3694877721243 -5.65936707173347 0.318172985646173 -3.27351985263624 0.620027873566855 -3.36207294223493 -2.37151391559418 2.43660171631271 -3.97191012646921
1.70417219462273 -0.298380807082323 -0.471402825673831 2.88622230979601 1.42277900612289 0.489548036174871 -0.429575848367683 1.79911159310413 0.691961437882054 0.704172156397134 3.6201287881951 5.43031137026877 3.32506580644329 1.22204468651316 2.47010378643171 0.322410904585213 3.06685330562751 1.37277051113349 2.38287244874632 -1.1335283496173 2.52642121113393 3.06080021042174 -1.97698161308433 2.83009559136815 4.27830391487954 0.678340823039058
4.17001970336353 -0.198876384669691 2.19734480621844 4.41173729254535 3.35503609710229 3.2298318989159 0.613353856788433 0.281465615905382 5.29071050304109 3.28439677877775 -2.87709274213008 0.804678834188893 1.28606614091529 2.9954327385216 5.00176313441672 -0.547890328768236 5.82450920636544 1.49407092650097 5.19556978670379 0.631194242388867 1.0683701239646 0.389397757693584 1.81678884132928 -0.877168529021145 4.58825320896033 3.02237228377881
-4.80696033470742 -0.96601231738258 0.463566571983141 -4.09649573337241 -3.09540567210891 -2.69720727536917 -4.73907803238303 0.292034035058437 0.796633987578973 -4.07288969331343 -2.18104189585484 -2.7054796201404 -1.71159058360219 1.60511441166586 1.22856597772072 -2.29048758887478 -6.87422177113667 -3.85688165314874 -0.98318508073051 1.05741040221771 1.16180905296413 -1.92443536728635 -0.390254662084345 -5.02524637450913 -1.69650499163209 -1.88479160061869
-1.57964811532814 1.36526067229971 -4.64359420174576 -5.55965216331597 -3.24258677088041 -0.905551208656922 1.84299341127369 0.351689954782101 -2.89264436659066 -4.70673177691904 -1.8654218032928 -7.636883877466 1.48626724098543 -0.370289146010718 -1.60369860318779 -0.133467926947768 -2.63884963398515 -2.56136290802789 -3.76861439583452 -0.10127058639122 -7.84394987290851 -2.07675205647592 -6.00193295476098 -3.14589674857234 -1.58743072103874 -5.26116030337336
5.31083040669458 -1.98238200090159 2.23330857533558 2.95492371889387 3.88813202646305 -0.509701203396168 0.986102673675197 1.7959466241081 -1.46417286386397 0.673002350431991 0.532362894329458 4.79742529046984 0.459655888818846 2.27843359024785 -1.50208642525057 4.2046988583239 1.69664232078066 -0.242557066178244 1.43360380377361 6.03576468789296 5.36243946808107 2.42330364765108 2.02958149753212 0.108126007341427 0.645485417601014 -0.72533238440691
3.35955834956347 0.162373188708776 -0.119762306743358 3.85980533067933 -0.738720538024703 0.0968302795195667 -2.5795574432067 2.51550045694774 1.67376410385568 0.957789015822494 4.46363381892742 -0.0696848046190612 4.94611390015841 4.44624425681161 -0.883928492309555 4.12383036491539 3.52158961881628 4.00540328942874 1.61662527522828 -2.13760729483388 1.24298036027767 -2.74104607830451 3.66797781526945 -0.441129254113431 2.09820659848564 1.9121432360997
-6.30353868233574 -0.875569374185136 3.45807891032408 -1.91705397418305 -4.26354619121538 -0.40716136588526 0.92523759659983 -5.67842173937738 -0.60926799432519 -1.73360168674157 -5.08661756586349 -7.54662829266776 -0.774125087650274 -0.498343742517893 -0.785578638009016 4.60903730092765 -0.0164570076029431 -5.37193294547045 -4.40499140310844 -1.59536557256204 -3.25221876970654 -4.98499225792191 3.35369132098522 -1.527788764882 -0.804648696494938 0.39919386363976
1.65503404299718 -1.45264245377082 -3.40711941595105 -2.74156815323418 -0.516832368909253 -0.60832511199839 -2.29247322957433 0.485038813865111 -1.57502732273917 -3.09520031207092 -4.60780672454798 -7.35672873885618 -0.93514921670985 -2.14453099410892 -0.437384302683568 -0.315956312357885 -3.13533506276129 0.0288680493158344 -3.21304567786874 0.0631155488038438 0.318343448297777 -1.40729309234733 -3.40083147373056 2.47395458531803 -1.83856465534655 -3.89697469536965
0.125487518011779 -0.987824377895466 3.05403272875638 -2.31840383959199 -5.27911678618368 0.252350762462083 -1.19026803327306 -4.44976324058017 -1.9607953122776 -1.67011578175585 -0.689855436101803 -2.16330083692288 2.84252913816908 -4.73275560781894 1.50198033420173 0.584606977260638 -0.878190168898323 -0.0694709057370531 -6.08258056925473 0.916174374547624 -2.18286832444991 0.551780340365475 0.862783363172384 -2.86907804258471 -1.8178929496078 -8.0565359888289
-0.20304280109761 -0.842268996284154 -1.65575466778124 -3.7024991856255 -2.11317837704894 0.244250503057883 -1.55165900425634 1.87738142977115 0.200927704812762 -1.1401139697483 -1.5107544659452 -5.76034550526146 0.636084652377909 -2.12716477043157 -0.505017257839266 -2.1405695329452 -2.39044455357133 -3.7695706426662 -0.101384518092142 2.09651116951735 -1.85797246695322 1.86391509488989 -4.35588125849202 3.28704012098625 -0.459105159611411 -0.590145254087282
1.42245111171971 4.15450751637691 2.68463295811218 -4.12193112986477 3.26277292574547 -0.295286318286884 -2.8209868760883 3.79452645069614 -0.449207161810249 4.27445638440213 3.18880660916495 0.84653388999657 1.80486785283709 3.62143462035882 -3.30104730604923 2.01350735818775 3.0184412904152 0.104796065490544 1.21015161607706 -2.14525468685168 2.38892458273283 1.04464147793413 0.762250292389696 3.14682374646211 4.55774612151633 7.47543068908953
-5.18142742695881 -0.0985329865474228 -0.750449882325583 -2.88196923629862 -5.30905282283453 0.757891798965694 0.757662214805574 1.47966546442611 -1.9091820979441 0.667008248008454 6.29059963695363 -7.48465164575449 -1.90616667410596 -5.36557231551916 -2.38788808653147 -0.195465209645624 -2.65570094456341 -1.73503878321113 -5.65114256508017 -0.673442430570177 -1.41660173829219 -2.38797210761632 3.70669975784946 -3.24777552110305 -7.05605243770732 -2.04777779881217
4.26504529669557 0.647074922821318 -2.52615339692714 -2.38840509858169 -3.80860620465993 0.993113032469394 0.155669418825103 1.54651123411796 -1.63095715754239 -3.51601374849904 -2.86183908831575 -2.18362644301118 1.8463200028357 0.949522170741294 0.424991169720057 -1.07443521564755 1.71788392032819 -1.70790676949633 -0.0567417850071728 0.618814680681389 -2.07594236335559 -1.59675464312024 -4.99588772069919 2.58050905719917 5.85348432325279 -2.77792403681184
4.43404534623375 -0.1241577826933 0.419373318155303 -2.68792227048742 -8.30745630526874 -0.647611705984448 2.92350116194702 2.4121148382334 -1.08762115596823 -1.41563858035122 -2.36832958977374 -1.9481151783551 -5.87555108948837 -7.68689799509082 -1.05858144687598 1.18509069347365 1.62736730279412 -1.50406040868882 -4.77277142497076 0.374315909741963 0.339162186873114 -0.0686757568626093 -2.51429820813359 -4.25871319763706 1.50391412433775 -2.50362954347565
5.13248031671289 5.17097934442921 2.46121053918971 3.30333789489596 4.26528578260237 0.584548003523713 -0.443916574996708 1.80842301567034 0.394198091053616 1.73642783227144 0.727706474759584 1.67599922454031 1.03063900898377 3.89621818568657 0.77292615465075 2.2414135631813 2.56830911235997 2.72787318658799 3.00480108688943 2.83750097134847 3.16426363405097 1.83918278100382 0.159896141195331 1.84098199061258 4.20706673876025 2.16319974813046
1.11399277640677 -3.1866439526005 -2.4362810701714 2.9523308207716 1.56256709144666 0.26503820092606 0.255491473099988 -0.405868270965694 -3.33887569265518 1.53221791897134 7.39278435518148 1.17681882382509 1.04238147898253 0.781105861917717 6.79134291110934 0.518186875764067 -1.20161462310788 0.527682864044142 -2.2226042623164 0.829045405951793 0.754920997272176 6.08938467356729 -0.956693758606713 -2.63067251027026 0.996506251035823 0.22742395309231
6.01331828307635 2.77184514345938 1.57064234501411 3.96344188518313 3.37168009246231 0.704724976153658 -4.29635368869924 0.495645853437536 2.90888010124009 2.26492520041809 3.82188549384951 1.30182291696448 1.91870464692073 2.17718382492622 -1.99445719858206 3.69596086141293 5.41405968797498 1.0994297639631 1.71655764578858 2.27689243292813 2.12530865589365 2.43460225418763 1.63541297158503 1.57725087359899 3.35089637129564 -4.4257563562379
0.348429763913839 -1.64762129108179 -2.69064719025913 -5.08279478302195 -8.27602448108567 -0.0103790254956299 -2.39427595871821 -2.17030426397189 0.359526771198831 -4.53551042242598 -0.358435910791036 0.0218237840532751 0.972781217012429 -1.73163240628845 -0.68805247299848 -0.167232893206115 -3.45024021396025 -0.264570933791205 -2.86563069245489 0.78442098104101 -2.04574215745541 -0.571270790187457 -2.47856969419307 -4.26090754140174 -5.48831754295595 -3.14910008103716
0.473082244699435 1.66099982852475 -1.38602130104234 -3.45182675360603 -0.43102454303485 -0.272007569770857 1.19744803721517 -0.925021533477412 -1.19832286158587 -0.294833977965093 -6.4704714828644 -3.29291494376007 -0.58497072286176 -4.62473081074735 -1.20118751951861 -4.22933404517439 -1.3340598872585 -1.14434046898859 -5.80148593197862 2.41661911163174 -1.34552476760469 -1.6605804030631 1.36961831042334 2.06782543399909 -3.61730710657414 0.159430443719559
1.12739354794965 0.296765049187906 -2.36657487861897 -2.69217704245943 -4.0052370443456 -0.627288447216786 -0.786216909077313 -0.446532360578535 -1.88404636205381 -2.96618036910982 -1.84965999646937 -2.80909138411552 0.471964534853651 -1.18418961417278 1.66201813644716 1.87776574515726 -2.46643769869423 -2.02402904968983 -3.82333081847478 -2.62219082106731 1.12560993846561 1.83762961824093 0.617174611172699 -1.09799775494887 -4.47357452815289 -4.52427918629589
3.22394567873707 -1.77155978680113 -1.7012309233999 -4.05523838839455 -4.03884767525158 0.878267842710745 -3.27878713908224 -3.65286665608991 0.843455929169229 -5.44126314572883 -0.58373160812669 -1.36220754517462 -0.963182889621889 -4.60723774410477 -0.680473586385569 -2.94400500360206 -4.46078159083537 0.736423905592569 -4.59495999701349 1.18161191398465 -4.6303188311477 -0.926954605459967 -0.259170823880903 -2.88820770762052 1.57936212868265 -3.29731978435702
2.06982409346228 2.8360813932627 -1.77715815607063 2.04722323929879 3.00853443788128 2.17967440237595 -1.68573853010203 2.02173572628885 0.35275272216282 1.00327940731412 1.91917273283851 3.43951835546852 1.44475096719375 2.63170129056827 0.241625129203059 4.92030294616171 6.89938120612656 1.07225124079601 4.3096865519591 -3.01621971962285 1.00256925118693 0.0717156209477083 7.39089974644505 1.62333442819286 3.48821882993225 5.01737733363673
0.0461750823086391 0.889059046562589 -2.41057404486125 -1.20465984160256 3.24954553454827 -1.04207656192368 0.374781713336659 -0.648752537314722 0.0870362139513147 -2.75382400555164 -5.9601928053847 -2.13858784799309 -3.04324445318173 -1.58907783227127 -1.72577873103359 -1.94097590912101 -6.5449074409476 -0.532112734151199 -4.01953073163724 0.221664610911155 0.813321599190169 4.05269945605955 -1.23671000912099 0.177009975034176 -1.64831356888832 -0.610238453469117
