x1 x2 x3 x4 x5 x6 x7 x8 x9 x10 x11 x12 x13 x14 x15 x16 x17 x18 x19 x20 x21 x22 x23 x24
-1.77177638823671 -0.513861169069521 -3.19330976168478 -11.4707044552618 0.977324681907396 1.23069261281154 -1.55867309362571 0.744357955674734 -1.43489565043115 -4.97289300492441 -3.48882719780833 -2.05224496998242 -4.47694714144094 -3.58912298114509 0.470280536768784 -1.38069238437248 -1.90684352874756 -2.50025639347547 -0.203811975980035 0.906407027745868 -1.19563346807423 -3.78847886363521 3.42966414927676 -1.92203941660272
1.01716057440869 4.81439746470052 0.43168624640537 2.86458470855937 2.53072700229918 1.84936353205197 2.9791840676909 -0.546895545056144 -0.361003960592877 2.97101252182134 0.153008224889018 0.116762446809386 1.17339207365168 -0.714636556788313 2.97780836489933 -3.93491544088236 2.82591092564542 0.320767229281091 0.772098508086189 1.71131851689585 1.06540745230573 0.0369142417229318 -1.77395149084334 6.4472417536795
0.0159467499220811 2.00603165303547 0.710126936050849 1.20490398519658 0.463816938990172 3.72357999112618 0.53183651961864 3.19336119662652 4.68843604699088 6.07430257559437 0.804033929940951 -0.582989942943894 -0.191873581291946 7.50984739576172 1.15783558774885 -1.75346770947268 1.67734274533843 4.65536452692472 0.805868730539295 0.820180857176687 -0.936648822331378 -2.74321465793771 2.20981757311489 3.63947097213041
2.7233702024312 -0.0664124492639142 -3.62810001764595 3.38394897680397 -2.54024748125888 -1.4890405112771 -3.37915465095967 -0.64280681391689 2.04752254174478 -4.35850009237076 -2.46576478382865 2.10101811776147 -2.41359307783664 -6.91224086959529 -2.79591059268567 -3.71826388578532 -4.39163200820253 0.477834862493307 0.903054354837219 -1.87673542883483 -0.0887107646111702 -1.67751004309313 -1.98831656489971 -5.08652325757862
-0.303906308064408 0.199999945477978 -3.43783918686998 2.20261003529095 -1.66558357760757 0.441062110815318 -3.31381606793051 -0.914671012037784 -3.28292031546843 -3.62419183452622 -3.6790619445199 -0.826159581779858 -0.132861387620085 -4.12019168727189 1.98824987093896 -3.72159516727488 -2.7199008242535 -1.57311934562917 -3.82014354440766 -3.25408718651729 -1.52674027668384 -1.05151339744246 1.38134181108153 -4.93639886840241
-4.25755096432191 -0.083873190178527 -6.30319590253581 1.3202732663567 -0.205888560561173 -2.20094838598895 -2.28461512613389 2.29929615696216 -0.658521248165415 -3.88693339668776 -0.39509571765208 -0.999893774214791 -2.50241778313307 -1.01765788030201 -2.3789193282046 -0.777553429889578 -3.7721554698254 -0.444825280461665 -4.37448637628003 -1.94207949337991 -4.77017355340601 -4.1759572120113 -2.78269311152233 -4.40139521473223
0.97862275058802 -1.35579595803646 -0.199579188247959 0.866310949041459 1.09879360600767 -0.633778484090217 -1.21887172397436 0.611328080598676 4.38021955308028 4.91717134114433 -3.45507666010358 1.86279397464884 2.8375000478427 2.4410197967818 4.32146521744386 0.235703274261718 -1.98540321011136 -3.62248077087485 2.06979809985808 0.102067010730752 1.98773283664664 7.59708874526499 0.668084734442008 1.47142671667458
0.64532550271368 1.99877300460471 2.58281819279386 -3.57052613353675 4.16818219715267 0.795785348025123 1.22468938612553 5.14344499728773 1.52245832355498 2.52433801216825 -1.31945921881013 7.568254574554 0.496581370316049 5.05856960708776 5.02423503612522 4.7157297434127 2.19791671728948 -0.494291831107277 -0.25495325081621 1.31834413877015 -4.90985366809522 -0.229555814852915 -4.52793227871892 3.63500419537526
1.83010474168798 4.48362406539418 1.72777229372037 3.91050631265537 3.06194728557237 -0.423372364052389 1.58509719200785 0.864225594789284 2.6829360106804 2.89083226165301 2.73535309846915 -0.760930870148324 2.93844649180024 5.946817661156 1.1542631086369 -0.690731940985538 1.13189004215125 2.50512920861243 2.45038033248126 -0.231751896267637 0.735522479392214 3.82505126321983 -0.081624665561744 6.24628874804734
-5.12089482984575 -1.08182838349126 0.721198657952688 -1.52539087896276 -0.04128312944585 1.26276228932339 -3.45376382994071 1.62093178245792 -0.315275923917742 -6.0274454118663 -2.16820660046865 -1.37447302991169 -1.89402588944837 -1.8136784659642 -2.53552537443127 -2.05316737111746 -3.75513849415694 -1.9651013116934 -2.22066970003159 -3.53954379045601 0.646004816269111 -0.0551318682547597 -1.25019428805733 -4.46715133509532
1.19003508510047 -1.37275503847736 0.213494683423973 0.721770047436892 2.59029072434602 -1.77252949666481 4.93281615545455 3.84002318980802 -1.68996638890028 0.474605160162695 3.85655519938062 0.742860100280663 0.64460672947946 2.37743297314919 0.926815281976269 7.24180729024308 0.328480300382146 1.79112070216205 -0.75644501013459 0.788021799847461 5.91415857491519 -2.28269855749311 1.86858185237142 0.311403431705322
3.0668015973381 3.03338638018069 -0.686053160672663 3.55429428710814 -0.621734917617383 -1.34945038381704 3.71880309453808 6.0389567289923 -0.0201025072833357 3.23965718202829 3.18612112227344 -1.52323604381585 1.30230428665173 2.06220637055484 3.12038206303666 -0.965096267713785 1.73728665505893 -3.69267841185502 0.903493951153446 -0.383076873393882 2.59572608994077 2.82696637771974 0.754508899894015 3.22132891338739
-0.0797692024540056 -1.02520256798862 3.2259212496388 0.688532276168843 1.13786980868624 3.09221222013979 2.34605963497248 3.9881050630292 -2.52019546868537 5.39012710997512 3.59897259899384 4.16471025812911 2.9614805513873 -1.04016304459418 -0.381273874716428 4.19776209450038 1.09690226639125 -2.95408363892268 2.52494547043159 1.45808862244798 -0.670123449358745 3.40649095585421 1.58970088700146 -1.94555153846045
0.772615615257504 1.09881998377215 4.02500173286544 4.95885372921328 0.142447530934872 2.54304555910775 2.96761057393157 4.16658355907276 0.909772950470571 2.52859281652373 1.95941094562706 -1.05901097456249 1.9681327115897 3.96953073077168 3.51358572981333 -0.277646120774923 1.39614848553253 4.30032198868002 0.407741717228256 0.870421352650595 3.62399258019615 -0.484555612357713 -4.93758536991293 2.23609494874457
1.890117093064 1.76259255057173 5.40705000578858 5.07688208032966 -2.05310252339186 -1.87880346737525 2.11267810269396 0.567247929774891 0.394931467724012 6.79871539121068 0.853495438748627 0.117136820758362 2.73771451748835 5.16409142790445 -0.522323697087324 4.38710602367866 4.24498075295074 1.95850773764444 4.34209582655808 1.43851266230945 1.228596828017 3.06858862555498 -4.14752595374153 2.57726932479025
-3.59496624616459 -1.29025207857424 -1.91983270468424 -4.88743882367966 1.36120803830708 -0.452978944293914 -4.49831737656285 0.884156662101897 -5.17453966099339 -3.92319512286302 -3.30139058528151 1.06515520208248 -1.17457113883012 -2.70948767675112 -9.93605866210745 -3.98300140476455 -4.07806535990087 -5.74202919348821 2.79343954200825 -3.10818141276291 0.867833086083606 0.13155124894244 -1.39359690000265 -2.7936159616248
2.16801460964518 1.03716979171015 -2.48637104158372 5.70619245175409 -0.496594471158969 -1.51041532688674 -0.00793517148929901 3.38959712039537 0.907904789137563 5.09279639611215 6.28461395854461 2.95337067251972 3.90532968116887 8.11240094179229 5.66684892555433 5.82729917830271 1.90214366154604 4.07702089527184 1.18849921904886 0.385097104407056 1.51891094836955 -1.81636662582895 -0.340313223595617 3.91441390728267
3.98132889530141 -0.880524988300308 -2.55606882117978 -5.02963056119253 -4.32572276388996 0.262157337411276 -3.46700905072792 -0.219484843023348 -2.0537481683142 0.330190539077604 -5.0372811055208 -1.05704873810991 -1.82024178044296 -1.16169781104815 -3.27853101741736 -1.5515776840045 -3.44503133713989 -0.306913501906142 -3.29290586209841 -0.296418881960586 -2.92358303756465 0.96033130504785 0.891876818944785 -1.65656064929072
-0.611107803116871 -0.814183468310564 -1.01549523349998 -2.82496728417958 -0.987865653964287 -1.4455660566847 2.5204527841197 -1.32233271737179 1.73719812166907 2.01891910567354 2.17807762346925 2.55556868363137 3.948383136093 3.78320733406258 5.0722052057189 6.24228347542819 7.30316018002004 -1.43964333116355 -2.09780911737021 1.26016557855029 1.35264650252006 3.27117545881564 -6.07274415137532 0.946877456083802
2.36574073662455 -3.15186590516926 -6.10421851033344 -7.1244680922815 0.104802308706702 0.517676956117788 -2.0353528771578 -8.56072949116854 -2.80796100096828 -1.6395375369617 -2.22833868145772 -3.11565102937152 -5.07904717635185 -2.38761246261398 -2.78599202136643 -1.42064515239583 -1.56082508521395 -1.73384995176449 -1.64073310758302 0.0511959972943046 1.64998900077013 0.289626521822431 -2.98303080279817 0.296451956706249
0.706994445357915 3.55502306203123 -0.0787626686744787 4.10509550969309 -1.89770137407332 -0.135362927251594 1.36404398609691 2.33130467903037 -1.19908398563629 2.0807039177505 8.56557102550397 4.88627533763516 -2.90383155720893 8.8008483118791 1.00259728034533 0.533094228072807 0.628097686656951 -6.59669773450358 -0.415464347880827 0.70965073381038 -0.328702946866208 -3.41427001899394 -1.11166633762703 0.797784038160086
0.555200608574766 0.752858984324211 -5.1696018001156 -1.52641944367324 0.477097158526138 -0.948016997056257 0.419871833863877 -5.48367541403218 -0.880692414242445 -2.36477093470867 -3.15339260901671 1.43615767161244 -2.50790517963159 -7.42564464283317 -0.696291573076061 -3.31458622768757 -3.2184407793488 -5.90364873794964 1.65024618679566 -0.314292113306737 -1.10061226660796 -1.67921840555063 0.552895354551189 1.2090116113621
0.761610008664683 4.17049899132721 5.78414003178238 2.64592974140782 -3.20191847278902 -0.895639666740033 3.14900439196764 1.63307165980651 0.630794467915619 0.861023682728951 1.25758189618982 0.415320991336812 0.819732833991278 3.78727184011695 1.74101226405205 2.48949519096133 5.93803869437317 1.79207019222364 0.92988281926421 0.941143596672317 4.00126603665862 2.28540839956505 -5.01707863806307 1.52297584773756
1.89565910906929 -1.95869386335846 -4.23870908624759 -1.88022218051891 -1.53420723660303 0.760402914555976 0.162593161285509 -4.83343314633698 4.26171857270812 -0.680267402797927 -0.390803271978196 0.236210395502944 -4.0560686972338 -2.99841478278689 -2.23991284342463 2.98896023909915 -2.84158058245229 0.544929387162271 -2.18394348963178 -1.84531440044062 -1.81611266869338 1.87936588913112 -1.72246829821014 -0.404948930696448
3.05852973555587 2.26956300195278 3.40541257935488 4.91614543275029 2.93298008669625 3.88325238415438 2.69557701389129 0.914093745380635 1.01144806379251 1.41482403729852 3.78564100455908 3.61692190502732 3.4533187890431 3.63450777399167 1.91728140805323 2.17343141079694 -0.503616120853869 -3.22918920955443 1.80668126566249 1.31351525089373 -2.22375433890915 -0.847927762015118 -1.55331816535209 0.177042601487334
-4.4946817671181 -1.41203230638172 -0.0765154350814869 -5.56280065592464 -1.90765419232074 0.372052442525767 -1.61909156069826 2.48845916721058 0.302323329174653 -2.66233307947425 -0.67450646440993 -3.95996773678333 0.741362787745696 -9.85487971615038 -1.62424519414626 -3.65939789318265 -4.72098571020756 -1.70416911397878 -2.039880329149 0.320608491874921 -1.11109951365571 -0.10100937759565 2.42053520121764 0.114510389185588
3.29564592709981 6.31004215174816 1.15511401032129 3.35619262423738 1.30735276949613 0.955851524324118 3.03718107532739 1.85956848001045 3.14011649101113 2.12355358876934 1.70599166069081 2.47540584193452 0.40562627495975 8.64414660564465 -1.45403800460309 2.10367167471131 2.71624489018903 0.281796377698495 2.83312014953763 0.828418296404949 0.286825250346769 1.57247064757929 2.68677629277445 1.43778997727195
1.34589374601381 -1.54510093465217 -0.885401104712688 -0.15071327561773 -3.5199975204538 -1.25319571729464 -2.34272170540999 -0.791546497750246 -1.74740719745292 -0.9983410344165 -2.86902147064079 2.1244094649287 -5.37895562244877 -0.028376666972854 -0.487756831591718 -2.73916233813743 -1.92270165764372 -2.03292657997521 1.38736764607664 0.210299961560506 -1.73266090525168 2.42579560384953 -0.691206559114958 0.0366405819834945
2.00263342601543 -0.711137194014448 -2.50243774382362 1.93154814225236 0.00719159929538793 -0.690465670659486 -1.31371593551066 4.94425745026364 -4.45534791717835 -4.4891679857203 -4.72401556856006 -2.00510372126932 -0.261022457539015 -1.12915482979192 -3.25993300282848 0.0835848959944407 -3.91843547202221 -5.34489196659576 0.91431164899095 -1.54478340303962 -0.858039555983413 -2.71576767993769 -3.57864012429101 -2.39019782122213
-1.6577774044046 -0.335755755665207 -4.25235047535465 2.07143094503093 -4.80102401089289 0.636661573945661 -3.8679480247509 -0.0730011440606868 -1.89515026585322 -5.61010210566644 -5.51720749450513 1.95937621100926 -1.44594666290524 -0.951050392216401 -3.77181853898045 -0.90813138042412 -2.86555656981927 0.0608619317446254 1.66691455127792 0.444854956609098 -0.691906225553709 -3.57151340650366 3.60584393160565 -1.01488081419187
-4.88674328683808 -1.37150262854116 -4.16197623216095 -5.7875889354037 1.48521984230982 -0.516741876306483 -5.86453357330038 1.18289099677616 3.33286741302584 -1.18074398901991 -2.46377225996359 -0.634165654617806 -6.05008506588971 1.39867930015789 -0.76807502420751 -2.34104197593399 -2.26653527313219 2.4010818105743 2.29887248163602 2.60169224055747 -4.28326566063438 -2.57476896275269 -0.850910274465403 -4.32458971435607
-6.80247233206649 -0.609941091278015 -5.50611343505753 -3.04999975071624 -1.48239743044737 2.20510184031252 -2.79460529257095 0.138939786141011 1.31724895947124 -5.22506986621606 -4.05720505219453 2.79188818911863 -3.68799016281582 -3.31458633627758 -1.38669114024297 -4.42294392764583 -2.32189008572209 -0.0915132898093172 -4.053301799907 -4.11844972341204 -1.24575448836619 -2.33736398471644 -1.08043493202878 -4.09282446155825
-0.0237417732735666 -2.2279311389317 -1.08083423968457 -1.89177737598005 -3.9792161797253 -2.32026634627663 -2.18986214147049 -2.79715470814841 -3.19533067961063 -2.48365273364791 -4.47773371536156 -1.22382506274228 -4.18417083543063 -2.69506948123477 -2.32951900182471 -2.98444003439547 -1.3889671596349 -0.263226335698813 -0.360418022687787 -2.4570048878994 -2.4822172606339 -1.14270245799497 -1.10314391762217 -2.22703949168512
-1.80875255740933 -2.14411179482022 -3.31675694792238 -2.18942458380619 -2.87533200409536 0.26022011713457 -1.17636363184964 -0.767567079578656 1.8303410419501 -1.38863082971843 -2.60072532732005 -5.29308549957378 -5.4719823892826 -4.72866865251676 -1.71210196309398 -2.19081801272308 -4.88386833202891 -0.207578182984638 0.717835042203141 2.590207997897 -1.30787251358975 0.388216156615918 0.2518575009836 -3.21896345199086
2.60417583065393 4.29000362103401 5.00427748351002 -0.517147804617716 -0.895938906055641 0.433285908618516 2.08521210820025 6.50369261777767 -0.296283664817085 1.59711886963103 0.448609799293473 0.726229152251981 3.28074627350891 3.1561430961804 2.30887750419557 4.4153734440813 2.7415605714525 1.40191908331216 0.179899284942454 1.44092657331447 2.93217034286822 -2.61097771334747 9.40730618971877 4.82431067187966
-0.993970944940537 -2.8855733146851 4.04648217692487 2.39971486219409 4.92143178260618 0.932207713716743 5.67097121246271 0.780756505280779 1.03879967710426 1.50237728921791 1.41575789845043 2.81139066543641 4.28609640501959 5.34751118699629 1.40772550970437 0.243639131813898 1.43301609727523 -0.518964775715327 2.74285028191595 2.79443414785376 -0.62320874483544 1.73482800535985 0.409860280558998 3.7111500654555
1.89807134606454 3.18417420172359 2.72045503997474 1.07287353007907 5.79493328225352 0.0242079425839372 3.27125268925231 6.12517508021837 3.35461031135368 2.78734928220801 0.345542027425339 -1.49404611435498 3.71325364473687 -1.54732371220261 2.05013653674667 3.43780649511119 3.25327774339235 1.44162513624446 0.671740829127197 0.865815629666052 4.16169632626283 -3.04233087348502 1.07860902838435 0.696311459802404
-1.91593891726614 -1.30597079655754 -4.7441201883906 -1.82463531125424 -1.89673446509816 0.024030976097689 -3.17138346501207 -0.809370527599622 -0.316706730807924 -1.26930475770976 -3.60457827798228 1.98813076472764 -2.18919799160882 0.19484577965869 -2.55215933237366 -2.47089992933719 -1.56657884631638 -2.24085448946366 -0.255922865501557 -0.109345575441671 -0.357165548142845 -0.377344128337783 -2.69605226603419 -0.1630635244469
3.87374056720006 0.239413912319578 0.299930182380554 3.46953852226048 4.98830186101025 0.845364789141205 0.899547682338327 2.22418260489205 -0.309740117851707 2.62060997289663 3.50506828922166 3.5831068708188 0.939679510246771 5.55265282542493 1.85255667334268 -2.42874162633136 1.86000869035064 2.51515245826022 1.12334090800536 1.9932401185129 3.78406657197058 3.85188760751861 0.707345054660762 3.67977339486516
0.81734945051926 4.25689095505351 0.502862470625706 0.864048372833933 1.63840970543088 3.0445454004855 4.73635333738099 1.9024524015591 0.169457430792661 2.15219755999378 0.664291290852387 1.43621398017711 -0.267511438192317 5.15042941427156 0.603481007816973 0.842797185087875 5.81184504536575 -3.5356202587553 1.14697725281306 -0.285419611286038 -0.734053364320488 -0.249377707197842 0.29746152578348 1.53727286822376
0.884654502277849 -1.93303145489329 -2.15585704590655 1.28729943724824 -4.10429042906008 -0.438847338986196 -0.927159917161765 -5.54335668412199 -3.21199963344141 -0.704623583833893 -1.99017945205635 -0.848038609844681 -5.08771973830201 1.45539272382668 -2.0374564322174 -0.580932838167578 -2.11060385834571 -4.81713885919637 -0.0796583594929261 -0.167724540925024 1.2103492011015 1.8750741957229 1.15347982502633 -1.05086657635343
-2.14834346437508 -0.708234329959058 -2.69560239405302 -3.22291434959855 -2.39621541067333 -0.558245443760851 -1.4466704228661 -1.78082446884862 -2.79848443738297 -5.94483084665482 -1.59465885758787 1.47489494344112 -2.1459128222062 -7.64939541273208 -2.01666792940272 -2.34311409576418 -1.84179249650236 -1.60712622244064 2.12985360428121 -3.7449108936667 -1.55406472309856 -1.27179218151771 4.56493802346488 -5.1880094045554
1.88372456587879 0.83916947408325 4.66169771238501 4.66837161670216 -1.19490959819915 2.44143231834172 1.60352722873279 -0.0580551058494361 1.63336694441865 5.03049400954032 2.36339284797335 -2.99163881601178 0.0142390746861634 2.95609555964816 0.877842449620137 7.10086369945691 1.91366272929121 -4.16674948055519 2.99986004106248 2.3298210191464 1.63897977235962 0.0887902113243474 -4.84124396365352 2.24754032164868
-3.05158673065248 -1.53456739327687 7.31289364461292 4.66919334855179 3.56135939914203 3.01415717913042 4.5835772560595 -0.272379655709923 2.70884919041042 5.43319213576446 1.68067222441545 0.168168103570366 0.00195138895836067 4.42489557539297 -0.0681916739932 -0.691043109699703 6.53632828794475 4.45826192519208 2.91603769995164 0.209601862703869 -0.0690735977865857 -2.39480977329176 -2.87779172688313 1.93574869580341
0.107091771544431 2.72073784436447 -0.940285074708463 0.441788503517611 3.18094363103061 -0.317526083194955 0.184856788318404 -0.597567526526709 2.97126579019737 -1.1879346391078 1.31521090403617 -0.531304916861552 2.29794623547853 6.78639546716657 -1.11600075608837 3.47474525368603 0.291150714745441 2.48439086251702 5.12358034378318 0.256751045962641 2.66815131736764 -0.766499334807598 2.9842215809588 2.49924096549621
0.11303481266143 -1.06608176930795 -1.54230862789629 -0.667585925378188 -2.74347671831881 -1.11293961872028 -2.70825060727032 0.106290364775709 -0.89506561648332 -3.1803771123652 -4.54480439599318 -2.65663487197277 -2.17598407260432 -2.01396618349458 -4.34932352859074 -0.420079114019166 -2.99992037512033 -2.66124940720119 -1.63771633712452 -2.01002023974876 -4.69832981402645 0.33850448502557 -0.276626592690263 -4.02148068621352
0.6925918814191 -2.87136659883742 -3.54110359742781 -1.99273518992564 -1.58168438024831 -0.636447459123811 -4.27535057823041 -5.09717603310012 -0.393203523129724 -3.7895566060325 -3.34981862796931 -1.14993318937799 -1.4765467849212 -0.891561544652315 -3.07885608538672 -3.52458704892577 -1.11681024161118 -3.3796373380495 -0.538845741330415 -2.11943505898967 0.0643814852957858 -0.735950138827497 -2.23655238086035 -4.28171238358585
-1.3640002548104 0.0234419263270758 -1.66297549333148 2.4704307248464 5.40219794513868 -1.42470891774595 2.19905773836846 2.15640263544997 2.72091801271981 3.32371357786244 6.73587470130742 -1.31804888984244 -0.209971568238679 5.25070969160227 -2.05610857495042 2.01123643164826 0.835150696172536 -1.88997580533503 0.628331163432209 -0.426703311870111 2.7653161838045 0.209205123802035 -0.725532716619267 2.06910359559585
5.32203195653031 1.99877243227472 -5.53185261897493 -0.935176504586945 -1.77941147078795 0.395675255246272 -1.69603411397533 2.21679829018964 -1.11917448015345 -1.11530627027009 -2.21722910743142 -2.40767865790462 -3.09895015609845 -2.785780138876 -3.07286066805571 0.867758667846394 -0.265494423810298 2.62603948293416 0.287329366468133 -1.43118457204116 -2.69419561658949 2.31644630631653 -0.652997428464748 -0.729688565466566
1.58703825285113 -1.00130406121818 5.55421707917208 5.2597303266402 -0.941198047465317 2.72525788433415 3.17030451214535 5.49274943053623 1.33353562606966 5.09224311498804 5.91331212515123 3.50213344745454 6.16810745266589 3.18507178361375 2.08131236662579 5.74789759365676 3.25870959248488 6.45147087712988 0.187857330692232 2.35758930902511 2.24130098900389 4.6890599858895 2.96511245737605 0.999422359126877
-0.292338168850929 -1.21877403596231 -0.669181287340197 -2.71159312344365 -0.538359018218581 -1.89497858115879 -1.75840434452245 -0.990628081839368 4.81072589835083 -1.13764890683221 -1.05817064034307 2.5168097268454 1.33690173337216 -3.99575388887198 -1.57468002236363 0.0637885738299844 -2.22195317131962 -3.77482920217164 2.05010569027019 -4.27676779724511 -2.24447455537598 2.37601460619943 -0.123999904622772 -2.23381174820633
1.4393938322966 0.594359450941437 4.86611321953802 7.33640268715181 5.35093511142277 2.49930984375309 2.90775109789113 0.171611266035003 -2.21762453706169 2.37822920994258 2.6816978899497 3.02883716168062 3.88967069806338 0.472930526210526 -1.74840653525689 0.338201392360947 -2.80187762852825 1.34592605068627 3.05992916460015 2.04204689460261 3.13610751624466 3.18828473898502 -2.87871116572071 0.262100668826498
-0.964244000123413 -1.82585859951348 -2.48126464913199 -1.50629148743036 1.35566404791529 0.187688155342611 -2.56744006461167 0.556439350563647 -0.865429223055273 -4.47636757180209 -2.37890231247126 -1.02248902096376 -1.34873097973791 -6.40089354897542 -2.71704620397336 -2.25854954040514 -1.38340944654064 3.37403348510295 -0.724731370117859 -0.888758153575937 -3.3556226430172 -1.65912001210369 0.473908034714298 -2.76479004463219
-0.720553622669588 8.19234653521187 1.38335905484426 -0.467215620346582 1.23526655401844 2.6693304893 1.74706335054999 -1.34077815769615 -0.925112896091327 6.38046922311265 7.34703939405044 0.577606692210826 -0.972569233161472 5.51069186907131 1.64027787447846 2.70080140226389 -1.31265551239352 1.97283166593764 1.12852140534886 1.75036939508406 1.31771474460101 -0.178425197694231 -3.9088716026099 2.34430694074044
-7.15317111935667 -2.7976999764937 -2.70538605657991 -4.0736875289321 -0.651652362038625 -1.49216744645918 -1.27834054982842 -3.67452993607514 -3.6507420670649 -3.38058565023185 -0.286413439524936 2.40399052138545 0.774789649007034 0.0665871126976234 -0.33494749635292 -2.25780013355484 -1.51803297911563 0.205710117157507 -2.57578140171175 -1.39076021729847 -0.726135636338469 -4.95434341737311 -1.93623986842963 -0.757460439987667
1.86246596862617 4.50827172224465 1.05622012915054 4.19854873304726 5.56944080414477 5.0586381706465 0.569997835854189 -1.05762777724511 3.00727210165201 4.39765012541761 2.21648140440917 2.96919143491667 3.21101232547029 2.57411426664638 4.07902256504543 4.6451205801283 -1.23757052319158 -0.487994303159761 1.04558437779583 2.50721897444168 -1.05694096197262 0.650751525231458 1.20535934778416 3.43094176182452
2.58749985835192 -0.293849854952324 -2.95981752952176 -3.75705303834571 0.150425008961049 0.287949925216291 0.40095835477597 -1.8943210150362 -3.22637129881298 -1.13656867898852 0.730946081533258 0.68487493226139 -2.12804013162989 -5.83038618541188 0.856155423990672 -4.88853481204319 -0.724251270486053 -4.20123731505429 -2.08117868746631 0.998858509925705 -3.20244640370489 -0.735986298767435 2.42884540680323 -3.50884488659432
1.86825052514985 0.707589525677128 3.42320959075494 2.612676795181 1.21730432455136 -3.22371357902866 2.8463006497419 2.93418231251425 1.28299156946993 -0.210878211870991 5.06075270366529 6.26558936984292 0.190809005276059 1.29430459553215 2.27211187310699 1.92858152540959 1.27320364842111 1.43603966615766 0.470225770970874 0.274751797199822 1.25014970382928 -0.906528274452644 2.59416330469698 -0.205702370537712
2.26671779370168 2.70612950865014 1.31148421201818 11.2808887972681 -0.256627621416043 -0.692775218142495 1.29473216659661 0.223675536916462 0.00899214833021156 1.64878752470116 4.49669896895314 -0.483202985618168 5.73866121002476 6.81435088251427 1.31329646980336 -3.63746171733116 4.04447661936328 -0.226939351129817 2.21106716807808 1.24827016380277 2.96024044434011 -1.06280735092471 1.47583146003016 2.83247522656851
0.894636297366871 2.42003184845357 -3.69309200402778 0.594008222479478 3.95679327995074 3.84783740710305 6.24175231439587 4.85566152393118 2.65769575000095 2.61846503426179 0.576036378035119 2.35371060802181 2.01927377186273 4.1975116942791 1.75795170577039 5.64412112813266 3.65596796819257 6.94640186456055 0.594547888431008 1.27370067781467 0.365595508029871 3.79295375570006 2.06288820392739 3.03674339643316
1.24977497854548 4.28268469503633 3.68455083278613 1.59910947506862 4.0871177078657 -2.007485727391 2.83074366162568 2.09883748268091 0.956591552899656 2.87727049595712 5.70648332205728 3.5140521295994 2.92922095245016 5.2259118606326 -0.318058486193743 -2.21944921697009 2.29758586093931 2.82795760284257 3.83382413800437 1.20622494301881 2.32972651546174 6.13954171656573 -0.114306974187818 3.74512519415724
3.56898486226256 0.566441467303098 -0.772504591596727 -3.0148150101645 -2.51375900706376 -2.41511458175402 -3.41327115230357 -0.514219091176625 0.468988768930338 -6.21008065591762 -1.73725187515435 1.73774739452284 -2.99091130603305 -4.25700267716931 -4.78809860905659 -5.42083215799747 -0.472680583605248 2.18104563513212 -2.86238762083436 -0.221179950659489 -0.598675675600901 -2.89548478157175 1.62270658657925 -2.37724451037349
3.5258100341586 1.27236653026647 5.18901017607409 3.50975486237191 3.38015426098878 2.55229266446595 -0.0466145197141414 -0.115957129411599 2.05693155542531 -0.786735150969211 5.6047344384255 2.97045736608156 2.83931214556192 -0.611488308954683 1.69140040436158 2.67226792112689 7.03834023156832 4.59643286653591 2.57913555421913 0.528294165825562 1.26735064378803 4.18582122661792 -1.22556208946987 0.970165059346296
1.76945456552545 -0.903919353687723 -1.5881100453064 0.303831948452956 -9.49483870037947 -1.4819860540298 -1.16088386667471 -1.36149918651332 -0.176236358313071 -2.78418755253428 -0.718333892101663 -0.965656844889441 -3.7410132579134 -9.05606026165668 -4.02408324704059 -2.92077424900892 2.90807423146076 0.83408354535533 0.968380488586837 0.585974034324379 -5.28072241901424 -1.85452788607356 0.947358002863537 0.354879719131675
-3.17366986793818 -2.64863321531801 -2.79657757875873 1.60344567183043 -2.75892869882399 0.736342455691116 -3.36152373671525 -1.76006616627502 -2.66380583808394 -5.09210684657953 -1.83163923061503 0.0194498710795504 -0.649684909229534 -2.6190487985251 -2.24560708367168 -1.82873057036654 -1.9896086467092 -0.801037622440591 1.96793547292862 -0.384324669206525 -1.75446295130684 -4.35994137374725 2.35855440674701 -4.52486556263739
0.0263826419526244 -1.95791370199449 5.52057194174496 4.38133478192766 1.57105048786785 1.42163240712211 2.68654263323902 2.78406182283475 2.25416646288988 1.69548879952783 2.83898626957034 2.08693204700373 3.47336484060129 5.68158658656232 5.53677705154791 2.84734834354126 1.33813319852461 -3.00242078352592 5.44955039121814 -0.459929160615949 -1.02388765432249 -1.00366202629296 -0.797192334694006 0.787127063881144
1.10892678519682 -5.39271969372137 -2.23816906507722 -0.264450363430899 -3.64887205991114 3.27038687431531 4.77185468756988 0.262519403239751 -0.0498254013740757 3.56608127195093 -2.79840282317505 3.74075182755278 2.22582656965681 2.95815449709834 2.80576917082966 1.11637834662549 6.77762137613161 4.08952219700535 1.74579505142887 -0.0500440589454333 3.7332030108883 2.78661582447135 2.23626502629357 3.59630816197048
1.30458778293146 2.34315978222993 3.00657658865781 7.20644365846298 -0.219198433385647 0.991678534514459 0.4713634627093 3.39025281898157 1.17762388716597 2.14632299406978 4.43093743513377 1.73697250539744 4.71211055398174 3.05815686152461 4.55309517574101 1.63514748633864 -2.46736184793446 -0.989097505638831 2.05981266102874 0.713261429315835 1.53306536947567 2.69051828073809 3.46277340842805 0.325372663322737
-0.767573462451139 -0.149850422657893 -5.1650371111318 -7.05449702843411 1.12124452056566 -0.698444956515928 -3.12766498377885 -2.73150830988637 -2.45853113417118 -3.63083978135962 -5.598803659164 0.649150195065843 -6.37421766118337 -1.6858692949797 -0.0697911209597482 -1.93146541352421 -1.98071767789646 -5.83281220585328 -2.55057242832423 -2.89971620259702 1.93568041843716 -5.10861559248662 1.11324142958929 -3.26432860051323
-0.141998910107309 1.18755159643119 1.41554103383121 -0.590441694200342 0.67706197306823 -1.92676017815738 2.83383258976843 1.07151434245198 -2.26696216562974 2.52376045541358 4.68207873125749 1.34759654297934 2.65648069355032 3.42054074726291 2.44768457717639 -1.93334831110895 1.51664712762715 -2.41440395324586 2.75875148734642 1.08702804939904 3.61165651375854 8.31877607143392 0.961493876094068 4.56988583764592
-1.15808134413931 -0.416279226527384 1.80599394255232 2.18368882938224 3.79006754632509 0.382851302265637 -0.115327334156463 1.37312063100127 3.8921110305321 7.96754421506278 4.23479957245224 -0.49352842795626 2.05139032478735 -0.461561485158803 0.168520691229018 -2.96077898118198 2.60319101879832 0.632290095496638 -0.440140379048705 0.757090404472415 5.40307421859265 -4.56516153993875 2.03680014026692 0.749611688376217
-0.23870529108784 -0.240840524595879 -0.369176392423054 1.76716542506088 0.94899132610803 0.989396077468127 3.96630701009068 2.55868532106389 -0.792423149939633 1.51679098342053 2.66703528573474 3.10493279789613 2.1383488573753 2.71974886526455 0.767853359278936 -1.31134120442112 2.55623147891131 -1.03361566784503 2.85896827660445 1.33168084250872 0.965189314710494 7.61167079999681 2.68035937964873 3.26764127511804
1.35291537990166 -1.49612418297144 0.582509751594053 3.81441253595951 -0.0532228514357465 3.52347007793339 2.04413736854711 -0.534504810744552 -0.166871127883833 3.37366878898765 3.78445007345321 0.00950470721607954 2.40481080688846 6.84514490487425 1.21007481810542 0.818986296453068 1.53412652541469 3.14082136801336 1.13744081581136 0.256961011292091 -0.514479767041772 -1.80108051347161 2.57732113736589 3.48463959951367
-1.73176862846166 -1.09612687039276 -5.92511210327599 -6.14167723388076 -2.32318176356837 1.58259669711216 -1.43449627669618 -2.83809355945555 -1.0171940282529 -4.0568114938577 -1.79933555164845 -2.57301484282645 -3.56657354809001 -3.03353321230003 1.34927096187744 -3.46862592098787 -3.57107872329712 1.30066959140579 -2.27657679642495 -1.63441896380103 0.623217284910798 -1.25566116100755 0.596515134228533 -4.10433332633115
0.613100917165985 -1.31076773114756 -0.0898178436632473 -2.10282046330298 2.44286980791535 1.5868993601828 -2.72818248383469 -7.62020096468477 -2.00006554398923 -3.93371278743767 -2.85361771466904 -0.788501777825856 -1.62297851963637 -5.80788136891324 -3.53988513072195 -3.28929954242699 -2.88603863144786 -3.80915144926408 -2.87407175111099 -0.645773352915864 -3.66101464731132 -0.592162061288213 -2.60746690958105 -2.97257303873228
1.69321772114546 0.0445894221635417 -5.63444744276457 -4.97660382609013 -2.44379543577558 -1.53460976002608 -1.65201444969709 -0.3682525879303 -3.71398152187968 -3.34847497448218 -3.06402991052748 0.181631945307661 -5.40027663343268 3.7435199505882 -5.46415884183883 -0.270407652066521 -3.26434397248622 0.410942481233623 -3.40525925536528 -3.45051050335094 -1.90095184290203 2.34717671629554 2.27953457125389 0.19305837707106
0.867240519097782 -1.45437518827687 -0.693429383194415 -3.53285898006081 0.941084723583939 -0.683181906820999 -0.496461203578193 -2.51858039483803 1.08616492937493 -2.03098054276783 -2.69151508900129 -0.431351409012733 1.69885536362968 0.0388630981304554 -4.1492404351615 -2.0074290868898 -4.64549722030365 1.3643894020331 -1.33171717699391 0.851729379490253 -2.1459992730694 -0.774051716016095 0.723107387802358 -0.31452534184278
-4.10285109166805 -0.98614286201594 -2.09396858592701 -4.40330782798577 -4.32277924368478 -0.8703911898951 -0.926080819520533 -0.440079213996504 -2.31573086489219 -4.62156100444739 -2.06513071291881 -0.292597404348671 -1.13505681110109 -3.14926651075075 -4.00476978911137 -0.415311803530867 0.984830512897346 -3.34944213585629 -1.35069526322782 1.80764760509398 -0.946406319965681 -1.8533202462414 1.39426833469941 -4.92959722147249
2.54869291278795 3.93949612030532 2.24730797591335 2.12315820833666 -1.83858609423284 -2.33443539106628 4.89721137538386 3.96076549444198 -0.0406891648975077 3.74996150961129 -5.65878878342698 3.78313100240644 1.38293164074029 5.12770050783308 3.24523649460404 2.88124434029718 2.18793191702727 -1.73911731903028 0.900104250401666 0.608111920862489 2.41432693131763 1.70623003931322 -0.95030323174714 -0.167553003200747
3.25082275421671 0.672262980737738 0.0282275673700481 3.59266980235704 -0.193468225733029 -3.65456850670572 1.77283919141656 4.05177845518203 -0.587214186337279 1.20898020119087 0.94512307308152 3.78483808276891 4.4112314805839 1.87297662687363 0.782579597292879 5.62215740968425 4.85884543600312 2.39242369092566 0.951264026353986 -1.96057897176168 1.99780766473063 -1.07563289181644 -2.65595404183223 1.16149819909788
-2.58665875068253 -3.2201249073824 -6.0548502302083 0.543234523822447 2.99825941033026 -1.06555231289482 -1.66886348639685 1.52509020712136 -3.08454484272625 -5.45210853267039 -1.98951805807752 -3.09236860861961 -1.72582618750707 -2.12969781950478 -5.88587415894151 0.246093128101094 -3.89704610402474 -3.05650831406324 1.40639338102541 -0.149821248995447 -2.80752894017363 -1.83799885788632 2.49259059207474 -1.23102687023268
-3.20099747225666 -0.0365990889057102 -4.39852894729368 -2.27001855259048 -1.04491416934354 -0.886782786316797 -0.445403311452395 -0.968419568642982 -4.31350882071242 -2.86317896029614 -4.2308376530899 3.2760558760583 -0.293048398006635 -2.62348729114241 -2.39491461834979 -1.43337156456552 -2.57396248168923 1.65427685452678 -3.34191570301147 -1.32597610172629 -2.28352756570513 -1.35080931614783 0.730857725657831 -3.22400062778313
-0.0391661811699124 -1.22409067943918 -0.179594028104366 0.233069107888994 -1.84608050326555 -0.386979484525762 0.984756887869855 -5.86887249636345 2.17297637116519 0.126984282537564 -2.7703819143306 0.705229652093818 -3.71989454582998 -3.8007890121428 -1.52056699865053 -5.5076370126131 -2.96503467685823 1.12736683049574 -0.875260963902011 -0.675208482147055 -1.19026492067147 -0.208595804776611 -0.610993653682427 -3.3357883182528
1.10370750827604 -0.0880153728652751 -1.26716718886841 -3.73804178808648 -2.64691136352975 -0.283268051044126 -0.0864989314018745 -1.88748452717846 5.33425523449312 -2.5184309668131 -4.49635585359969 -4.20525129587504 -4.56824084008151 1.65411200420187 -1.03788148715761 -0.46452930331505 1.61403326225538 0.506748139119129 0.43746148127672 0.321342074386551 -1.75546954072373 -3.06833816460335 -0.111939387962291 -0.23985910318157
-1.06011917574594 -1.64973018338438 -0.688931599224625 -4.56832024258961 0.103477214286199 -0.615694589214721 -0.406867051966516 0.129081148708372 0.0342168575763662 -2.33366131707502 -2.3480045394856 -1.18258179361758 -2.21148329496273 1.79356884559463 -0.906869824712393 -1.87977569646066 -0.405943269106856 1.50949820352846 1.34596470031035 0.71258252947958 -2.00819419175597 -1.95227325361969 -0.283816941591595 -1.39946440471513
2.64203669388248 -0.74619317124393 -6.27134993715647 0.041476656317029 -2.33891637786855 0.463987240674 -2.52359094587302 -0.29719090832219 -2.16539449711184 -3.90024799372685 -3.8859407943581 -2.1015712994257 -1.53995554452477 -0.00283069519396673 0.119072578300141 -6.68105890550852 -2.5350377065768 -6.0491556394707 -1.07422700117819 0.329583160315998 2.43635556130663 0.30379571327444 -2.30042011496065 -4.08865667286473
0.613124234108905 2.69864623975651 -0.5514826758322 5.25395555938923 -0.176529321666896 -0.814894270316617 2.97529857992781 3.18953385709986 0.0926150892393098 5.4466544661197 2.98186776339182 3.82067259992773 1.0032078215207 -1.82451900122177 -0.568007942598286 2.63230664750998 5.05073522333118 -3.29564340309173 2.59273402756807 1.46081031968156 0.548109664429654 1.84088610205248 -3.293166305494 4.95410032308262
-1.80025340599011 -0.743188209448517 -4.3996027079937 1.57314347720695 2.03032191090341 1.1146992202709 -0.96667358315298 -5.01192995703572 -3.60569648836867 -6.32601766759671 -2.45594841618318 -1.02752668000583 -3.41511725786071 0.854925676687118 -2.1139842376805 0.280857182868334 -3.20262494362207 1.91089544892691 -3.52443719549964 -3.50149012362884 -0.210582644001809 3.40679369485393 0.306438038470346 -3.23973192218992
2.95771509326315 -0.172521462120576 -3.65763717919817 -0.727723142707676 -2.0566225831468 -0.356271420453647 -0.125764432166239 -6.70830624082122 2.51450437552046 -0.0582557570127067 -1.30882829812967 -2.69419289513649 -0.713196075551504 -6.35137409921422 -2.03469014959063 -0.729657232318905 -1.77668672463764 5.3213139012451 1.00420183290106 -0.0886795708698067 -3.88117228139432 -1.51644173903275 -0.507442032721369 -3.0159098315212
0.274013867330289 -0.218215083184981 -1.27192777851365 -1.37658289841139 -1.81400788128067 0.737906638297926 -3.08804277565032 -0.576422522941446 -1.64000892225138 -2.83219463538103 -2.03531082471454 1.45053556998997 -0.240603724030378 -4.6964954057998 3.35753861711807 -5.13702883465283 0.133988917282864 2.85593569329853 1.0959940867877 -1.4242727394156 1.21036706137795 1.96138254979751 0.871767830360682 -2.3585105594709
2.22878575001444 -1.51193030234156 -4.84218908846672 0.174295731993094 -2.62489004241014 -1.44363703498605 0.24401161519501 -2.18721441796232 -4.00123587809099 -5.9011950576582 -4.98817057095401 -0.296030271340005 -1.21654074913998 0.560292345518204 -1.37030416817288 1.18816676961392 -2.48100676199348 -0.0295455597325366 0.135984870441145 -1.42898093147121 1.03583279417118 3.93161201852294 2.59944847962584 -0.645783940400674
-0.124672060916563 -0.890841411251004 5.68191226323507 4.54167482012894 6.04660957917766 -0.0491390819759383 1.76234556215993 1.36712901559562 -0.537683854510351 5.98627491172558 0.314675660432934 0.195762206833074 2.1480468999239 -0.179698327069417 3.78726329370612 3.54383184216988 -0.527921575696162 -2.67120008870402 -0.195439030508752 -0.546376312429636 0.551444494332344 1.5125350245174 4.47476714632402 1.19063778815116
1.17550414081081 2.05934048662259 -4.18826057219648 -0.355481033402602 -2.50114802307557 1.73717329052059 -1.77026072056373 0.234185470080152 -3.96029461230182 -4.6862751724951 -7.15212739612259 2.65614514358917 -0.875105613336441 -1.08258846166123 -4.55913175909702 -3.83736068421872 -1.87216883550303 1.11665286533819 0.385568563710539 -1.62958171582066 0.263426794540286 -0.542107082912812 -0.239147481736323 -1.46127071094984
-3.06752682884745 -2.91055879017974 -1.92495199035147 -3.37738809839285 -0.506915265190179 1.17306383116198 -3.59869104735408 -1.78556688378461 0.680796003484688 -3.58415846088825 -2.69718883630942 1.62396062182985 -2.34164904135409 0.503431160606865 0.0638482595940473 -3.52126395995312 -1.3537178169047 6.54046430412334 -2.78262149413463 -0.0126494551854098 0.083571205113518 0.0932349424519519 -2.94297549355607 -1.28989309548323
0.202055038678914 -2.33138801614532 -6.80266753218951 -2.36740635374544 -2.77323919014815 -0.297232863566777 -0.993760689172767 1.7429116420343 -1.04901600711421 0.583037052184448 -1.41940314645589 -1.90485197622489 -5.31758207399619 -2.48302255626991 -3.94186194456531 -1.13736531588565 -2.88973306404153 -1.38796382628601 0.497750112196284 -4.46363638705816 -1.23682357868921 -0.922128360300056 -0.409336046254832 -1.39017952888622
1.94882567241133 -0.616643156296975 0.137910494767767 2.99247371875558 5.24810579440554 -3.30946256562674 3.85219743699162 2.38213812388496 0.436462515977456 3.26668917179022 1.02643835000276 -1.03962140320504 -1.02590774755511 6.13304563811499 0.603258915688288 -0.518475542823102 -1.52541551009127 -3.20209176733445 0.773695909562177 1.92639835685312 0.976836962953278 -2.50316955365944 0.743191231212948 2.04881400054504
3.57366113772832 2.16796694563838 -0.746773242445323 1.73662392369832 -0.173709853381512 2.6638776122932 -1.51623096424528 2.02580874116528 -0.0683936615524117 4.90916822061411 -0.173695308981854 3.43458851146408 1.12022024096415 3.66880982302463 -0.790534973567385 3.34189128583633 4.7066746845729 -3.24567825525332 -1.7984187352305 0.488875579482281 3.2393018314263 0.818585984070968 0.668198539292715 6.61208876799441
-2.428677128724 -2.54140905121967 1.87503670128489 2.18798933129488 2.56309541627278 -1.31873712288001 2.36338463485185 2.12433107434709 2.66595961872416 5.03125478566823 4.41516990186538 1.3957640143053 3.4568538623814 1.80804525120363 3.18158176645487 2.2095862253704 3.99447093727745 3.99156317878132 2.50740010414557 -0.253686434317815 -0.992629098621971 1.1766468372798 -0.314204538755206 2.14094689813173
0.260127900117853 0.571958289207455 0.638447832237603 6.65828858752308 -3.23738452263358 -1.5822467284531 3.83613315373507 4.00881640847466 -0.348019992730252 2.65925522646743 -2.72106470390166 1.51484882530569 2.09244697148423 2.84304127772259 0.863758395394118 1.69413479697187 -0.599492949592611 0.11711602781218 0.383095054039021 2.00741743660645 3.2667017130076 -2.47930660539936 1.81748119497522 5.99788716156415
3.05243207240838 -3.20661546813348 2.89179168733112 -0.13836118637234 4.30440146117072 -0.196353873631908 0.360303274870242 2.46233979871814 0.356680969590931 1.3645342307901 0.241529657217503 -1.68271213637123 1.09965025672309 0.780768781169128 0.448592491172092 0.712159987358453 5.55623725089578 -0.962907990751108 1.03570073933956 1.48123090697537 1.46183551826213 5.58112230848987 -4.72890857868534 0.394492056833331
