x1 x2 x3 x4 x5 x6 x7 x8 x9 x10 x11 x12 x13 x14 x15 x16 x17 x18 x19 x20 x21 x22
-2.29032180109754 0.386601625656489 -1.10234846195304 -0.687060555087248 -2.62439178496343 -3.81518827845092 -2.52789530348536 2.78865107157875 -3.42906170277047 0.062767489425684 -0.631324480231462 -2.05285640330029 -0.0221049389811296 -3.53883610931527 -2.13500817247212 1.10079068133472 -4.73777586781721 -2.33020401062841 -4.83716300973428 2.31044706383854 -0.94884997768242 -1.78940096258136
0.754918607672941 1.5750117597379 0.357278057965289 1.64168199120004 -0.296694444157419 1.61702720612965 1.34639708439594 3.47685066513714 0.665606216220978 0.952549930706491 3.37207950818634 6.32613671061721 1.08014402499006 2.21587671857532 -2.49174577017758 3.11952503948042 2.30280670081445 -0.133843121810444 -3.77490109698163 1.66913783894117 -1.41473614970761 6.07010038657251
1.44771386985064 -0.692153095371715 0.321369022963576 4.55281723729476 0.236154282757857 -2.57937754910386 -0.13399325931509 1.23036795096176 0.425845658627693 0.457169809204843 0.943867105726285 6.54562040485856 0.276928126561152 8.2974413128804 4.78030928801993 0.864139204147712 2.63544941767869 -2.28847503782731 -4.43896183773135 -1.62684460560749 -1.64786125065038 5.8503209954179
0.299647791879255 5.57087276045084 1.34377297188267 -1.07307263655021 4.14118732207366 4.36805430670106 1.88518003752541 2.56182799881185 1.32799937111733 -0.215661670262267 6.46224113523843 -0.333080954529069 0.38352460419452 4.79568604975189 0.431519351349642 -1.8693462046323 2.37309018600191 6.96684017769291 7.41894302526904 -2.00650714159755 0.450048129874445 2.59314574453811
3.62323396307292 -2.81122678101471 -2.46056090119751 -0.387854509290637 -4.15418754825396 -5.58635922174029 -0.375597919544192 -0.925382175620627 -3.43766612476578 -0.442442669254256 -0.949023012410768 -3.58043891183219 -1.86777703176419 -3.34562014260921 -6.56123483327504 -2.33615154457344 -2.13940632829984 -1.1123044265874 -0.949971182863142 1.2902731554311 1.17170415905024 -0.851197566788384
0.352444581434633 2.41924602353612 0.40408114650297 4.05301026958775 5.05147236001139 4.15751708713693 2.73667150510973 -0.0445905665235899 -0.229294536715778 3.86365854359501 4.30086059932379 4.54718144096919 1.21517394183912 4.46535164431531 3.36341729991376 2.74980020257083 4.30683008478748 -0.898234206494611 2.49031942003839 1.58144213461102 -3.6912392403706 5.59914736101608
-0.732362439298318 2.18110664218436 4.21919759279502 2.08900014774432 0.729771721973763 -3.38530970336065 3.78581774022634 -0.249221195835892 1.77002977184699 3.88549782453754 1.5920741172527 8.76486235477778 1.43779811041203 4.38974122355543 5.53086676444082 2.43618797346091 5.39414040577654 -0.335450421311412 2.16289994777545 -0.946675032694462 -0.552324052405051 2.01578833542236
-0.144754424804985 -2.79359122732465 -3.8131036706951 -4.01816000026609 -4.15505350915293 0.959870354839047 -2.7401793034038 4.32266018218708 -2.94590511496955 0.280154584477126 -7.22315887428485 -2.29798441597003 -2.4256765679002 0.181147821403528 -9.49981766118795 -0.24765669258952 -9.93340122036356 -0.312499512256493 2.64847521498152 -2.79066863701056 -1.22199736152973 2.40583642431252
1.30177435753396 1.90306130510725 3.99369703072013 4.46504147797918 1.6603391290587 6.18392531642177 2.21716804741952 1.15103829348614 3.91850995896281 2.66205684649346 2.58376541714253 3.28877832527815 0.174878758961383 -1.24783456763767 4.06317937232001 -0.242644218781583 4.7876555580629 -1.84671154622735 1.24200900737169 2.97688112893374 1.11480076686856 7.14277369671998
0.958894364421226 3.32957081343201 -2.32145560366299 -1.63343159807484 -2.63955162400514 -4.05268508527482 -1.62897651602735 -1.3767905200044 -1.11986144344273 -1.2678277631884 0.109468364248474 -2.31685220874341 -0.770825699586979 -3.16989389233391 -2.08267604926816 2.87036812868032 -2.45011203764152 0.0723724860279107 -0.212851521348618 -2.13980207479825 -1.95755498499087 -0.157321326222936
-0.228537375322989 -1.08654637121454 5.89269615348885 1.68470613530063 0.894706936225147 -5.5520881526226 -0.342323505623177 -3.25027559821748 1.98802387978728 5.2182005667456 -0.407914433935316 -3.38835058216125 1.83416491344965 6.07327152871827 -0.555874428265947 0.214231207669228 1.6416469421527 3.68200570152017 6.35789418296205 1.6031661876394 1.46412691066161 2.0010894191898
-0.128890572440625 -0.68271963855766 -2.28443591071297 3.58535994328724 2.18206741725486 0.0451382388907872 1.1850656893959 3.06520360679245 3.85353844590176 -1.96627091785086 -1.79869009461406 3.42030595711296 1.1344967381821 -0.119547658903827 4.94545219949223 -3.20095009845249 1.35000475214322 1.82695904025042 1.23557817955025 0.679694022574463 2.43270511477053 3.69025588490744
-3.17403527403308 -4.84448206032476 -2.5403344010128 2.23600520539902 -2.74613337770633 2.8532718689755 -2.80158953798899 -2.55962691595711 -0.807646252886543 3.15135216788193 2.40815962056832 -1.91091408029786 -0.941208975250194 -0.216060120185252 -2.58175993922259 -0.908551458703197 -0.106179808663582 -3.0018278769931 0.834184804472812 -1.06750690966974 1.7400069113449 -4.41956549594923
-0.938808967582658 -0.467876036782587 -3.4837544568308 -2.71328897344596 -5.35435058960317 -4.25242837537941 -3.16278365962128 0.745588928122816 -3.14941858556977 0.897381625025356 -3.83665333505461 -4.24189511748084 -0.52928165279128 -5.24979111736601 -5.8677714597929 -0.548598603704148 -4.39606646875935 1.3697402574265 3.99258927569407 -3.76109542071445 0.164450358183759 -1.36909311859672
-2.05003984656459 -0.125443932574219 2.46095190198618 1.19342169623265 2.47456783486029 -1.12543869148547 -1.52661822710921 -2.54596753941031 -0.705043822064031 1.91713558619078 2.58645780404015 2.33822168868064 -0.939680595419425 6.31035286816438 -0.843783572359925 -0.0973923718877572 4.15967564216463 1.74135347331954 5.74425030442676 0.524234488525334 0.746804117149536 1.84446901228233
2.92570825781027 0.0501286832398776 1.89452218688755 0.661640218291415 4.55234688293272 -0.403290528860929 -0.998843496001677 3.32820364730835 2.16442238162232 4.67385178484001 0.105324822612681 4.3108325520992 1.22016104354225 3.62312710858006 1.82680121283292 -0.997766213472186 5.9648241747896 3.74266911480302 -0.744669926586631 0.1990939023008 0.509448972508348 1.75977433320346
0.749776213151635 -0.677408132314667 -3.57431290245949 -2.04382830677659 -1.65307884438139 -4.46785356480311 -2.11913325370966 -4.52900490892854 -0.243764297303907 -2.78793807423773 2.33655921816062 -2.91080538392687 -0.601036657993039 -5.09780888868458 -0.856091008126644 2.6012763404356 1.04310621071334 -6.67425082931791 -4.77563123867688 -1.22779698071762 3.98553161802633 -3.16753582522752
0.908789366692163 -3.61272485033291 -3.71140227616018 3.41747498625776 -2.78399827373583 4.39421004467742 -0.206586529786537 -1.76188011882368 -0.58856933280285 -0.0707140297278646 -2.28382255496046 -1.26008984739423 0.639414982710744 -4.47096829612074 -5.80159121449325 -1.55382821710714 -7.04569461950156 -1.80592695860943 0.390261885397727 -2.10555394006146 3.08993474070372 -1.74766869736854
-1.29158707828013 -4.00609546067198 -2.69962623093837 -1.13449312451188 0.756795222274598 1.29856899744081 -2.4731468210407 -5.46402516041101 0.800924962065576 -3.4348274911724 -2.26009396301182 2.44519214094986 -3.60790847891388 -1.35579913420712 0.982892033907984 1.37271928993911 -3.13048264767489 -2.40818050464296 0.22851302373661 -0.638206209273577 -1.56702984173224 -5.16824540500882
-5.89771232525424 0.581793724018299 -3.14326815298059 -1.50516925755571 0.0820779941575169 -3.85313186409059 -3.45601161730964 4.9776294633388 -2.52582740737817 -1.75528325436522 -1.93197226173967 -6.77173340952776 -2.40691277920352 -1.47956828227956 -8.065554898113 -0.21940973702354 -4.86875659107765 -1.9389666540813 -1.38537749638165 -3.57008408177165 -1.76528401297092 1.43459798286266
2.73694787416824 -1.30911148966394 1.49278533515452 -0.131654009873076 -0.783687058359066 -3.61192922717488 -3.77903646208047 -2.91435112109278 0.339473271179542 0.463962442622298 4.36199461262845 4.53268147436863 -0.206078934573305 6.02700940962831 2.89827180560781 -1.76157739303444 2.3047168147148 0.929138862907414 4.95089463680914 -1.72592999385852 -0.575316965469213 -0.692348406957819
0.846350256857173 -3.20346295688664 -3.73952200843439 -3.08333444790496 -7.40307527374438 -1.71114906932725 -2.18437419217799 -2.80226565295176 -1.20953856741975 -1.18395558178014 -5.5094344088913 -2.83007149277574 -0.270754962073586 -2.64502158041257 0.236406107187297 1.03508692724875 -5.63280663642215 2.12423601254919 -5.12232930327627 2.65717360383184 1.128684775788 -3.1139412126185
-0.231166725743929 -3.06729726345095 -2.18096294174309 3.9906163137083 4.57789945387949 -0.754394607892386 -0.983980002135862 -3.37428408522501 -1.60121440483066 2.62003263541583 1.1835856541489 -3.44869107847251 0.604582955004188 -1.48816486295083 -2.38122757552161 2.56391838428902 -5.80739673073687 -2.69911581665382 0.323414641242088 -0.251049887975229 1.75838314526675 -3.7842147717872
0.504230539435499 -1.24820338431873 4.91179238643177 -0.747579302124707 1.00696481515037 -1.38121604550373 0.011747094748271 0.887477253866427 2.56515186827471 0.278068807801825 6.4124832179874 3.22735917227334 0.974750544708346 -0.449231791709284 0.399841156062973 1.22378292808424 3.57701258421754 2.29346730183878 5.87927884212884 2.76447232037873 -0.0331485651239084 1.77215904627658
1.04442770794493 -2.15475882099715 -0.00422807049199259 4.67539953283337 -1.39777699647462 3.14391072577078 3.77375472179234 3.3291370059851 -1.09414290112613 3.07404980002433 4.77417813943525 1.4591683784867 -0.118945854067634 2.61629549450937 2.36300819502381 -3.23831055078177 3.43271122537897 2.01741734746031 10.8735894291141 -5.20761367151841 -1.68983766077651 1.62087161769726
4.59349415980468 1.91831206987841 7.7844090572013 -0.697070178860679 1.54863870786965 -0.281774611246159 2.06691093966919 3.38134075997262 1.70443216283142 -0.544553978905739 4.43987227100669 1.26282840519399 0.798339806057049 -2.46410880532562 5.42058965417386 1.26171199637273 1.40586931265675 4.77456385854946 3.66366204033421 1.07503957214103 1.48502740899596 1.3623213073647
-0.211857155465355 -2.01192909272681 -4.21567859602324 -0.611182937309403 -0.815316841442799 -5.19064855014356 -5.32628003128027 -2.38254254438679 -1.37382287665604 -2.27525077218137 0.858753664025246 -1.52341948563844 -2.02946537146124 -3.22882954990853 -0.468287657739559 -0.229193177026178 -5.68194478502049 -0.657114764278958 0.450698826159718 -2.78816526144377 -3.2771704039725 0.640103390156196
-0.474914234022154 -3.01091466685571 -3.25902924753948 1.93720580263342 -0.203327415431326 1.70200166031055 -2.80311136311535 -1.3739440636792 -2.53649875367112 -1.4366744987942 -2.63919490594592 -5.411716405422 -0.629221806657652 -2.37371283902901 -8.13766922399079 0.013357142217596 -5.59240206478124 -4.10755712317692 0.66444172618372 -3.38145652927059 5.40545839841594 -3.55744932343985
2.53701411599214 -2.60438320977037 -4.06477765913614 -1.70926003680526 -0.981418258618755 -1.11013119050356 2.43197995872399 0.114465813411818 0.936379653483138 -1.40018737326278 -2.01787458840021 -0.0355215146248411 -1.66394595512473 -5.52931700614332 -7.42851316883228 -0.104646496702444 -1.02117215526357 -1.67110995452706 -4.62050617589583 -0.863257859657825 -1.81455537367312 -4.06314569020627
-1.1829496721553 -1.49381301862196 -5.10537160752103 0.856762177226285 -1.23676628472033 -2.64052527913377 -3.42054168902196 -0.0786866251807641 -1.43968881502608 -2.59832599064592 -2.29113392901397 -3.57717386684434 -1.1855466327519 -3.17590020301216 -2.6144017461077 -0.55346950275645 -6.24378519070915 -2.16594744878302 -0.315140320021722 3.70921063088819 -1.6676042623242 -5.08362152382681
1.28121098389754 -0.795799585851324 -2.00733068381348 1.12608464547174 -2.42812807959376 -1.46148303848981 -0.329134786264182 1.69227487503848 -3.52696861800031 0.85006458497474 -0.773375264405868 -3.8628200438257 -1.90643505984444 -4.13012461651765 -9.4570035188315 -0.579947422909289 -2.14657067799745 3.40120636175446 -0.583801082198084 -0.944402451270717 -0.673836006268418 -0.875656093400304
-0.0221604041291417 0.991792673731638 1.27697435538174 0.789504665804803 -0.390806919986133 -5.48077677740146 2.03440926149421 3.66818739536311 4.02230494364773 0.653953836556715 0.270784432449585 -0.645267098089782 0.917254785868827 3.26194484486753 0.759915584409754 1.34465951401874 3.43566502182957 5.82051851829852 3.31554714063666 -0.865931771273257 4.85706578609478 2.79360851146539
0.749480754260646 3.98662761813897 5.67235437624815 4.00395204312086 -2.55655593435085 -6.00152316325324 -1.28370757619567 -0.923500126647517 -0.00444048653140205 2.05420207445856 -0.360314553305968 3.07330294264635 2.03417810758461 4.03969309054147 10.0102381980885 1.22845772332061 4.32672153437055 -2.60027361538419 4.8002835514445 1.36679272795595 1.90787166420876 3.63477263245218
2.03569164384384 1.66876554631723 -3.21501434801347 -1.20363000317115 -4.84333761778904 3.87786387368798 -4.77641633919414 -5.31339655774403 -2.12217126045496 1.76932251138839 -1.00210415504509 -2.88885712830018 -1.20275635330892 -0.216160695497513 -5.22624457017099 -1.48361220052615 -6.85062314520375 0.0512111911717261 -0.375268936070992 -3.63986376241195 -1.07902196074677 -2.20110955992122
-0.679186640579785 -0.912004538524663 -2.04372138840227 -1.66307946002107 -1.6643275687129 -1.40185520273664 -1.49116293149789 -4.34215959798334 1.19088894235042 -3.26371998551077 -3.17326991936273 -3.3878802556008 0.482820790780686 -0.682464642172878 -0.752961746811798 0.513665315661802 -7.0566143839579 -2.90730102022945 -8.63735616582298 -0.110322405143718 0.210204050395804 -0.853726349540103
-0.825443166286749 -2.19506889075869 -4.55130506549381 -2.99164620115382 -4.85043457281811 -1.25641056119225 1.187558714581 1.33638615989049 -2.46637612310856 -3.90463910251359 1.89334389849435 -1.94839033520162 -0.636728844763335 -3.47482513580141 0.230265700034623 0.289372567632096 -3.51762613989822 -0.805631210166948 -2.42378451785042 -2.67727277914886 -1.01493167280122 0.866379803600465
1.27582882841875 2.04028759942199 -3.0579278936316 -0.953549078699587 -0.611542212199984 0.377066251035923 1.18978465346777 1.38023662327005 -2.03443968485318 -0.405902761447003 -1.29284519459101 -2.97359350004633 1.44577309329156 -3.99556904788854 -2.22572462592507 0.785973157155375 -2.54829679302747 -1.50591444040031 -3.74236747517685 -1.52017273983452 -3.8909848697009 -4.94438331350317
-2.97180543393891 -0.944506044881113 -3.56074810301256 1.81240570136147 1.08773267945261 -2.77935636509281 0.468722202793446 1.4882938266579 -6.07395866484455 -1.22400334570194 -3.15151723648026 -4.75182366338797 -4.23936321853474 -3.63049229561483 -0.314521998951368 -4.21246460358707 -2.0084958922167 -9.35536914219694 -2.72825196399242 -2.48425839079754 -3.73104636124511 0.328671407899303
3.04462133098158 2.0868459425868 3.14604230288285 0.151077926800313 -0.474093696329692 0.567241860892107 -1.04543744197891 1.34356333510867 2.10688488779968 -0.344634345824559 3.13573096736378 0.913177122431649 1.36759371158978 1.02366209305902 5.27004970152949 -1.94438659669223 3.93384509871166 -0.359548896717149 4.99293955962298 0.833008713561308 -1.42385828768351 1.14935091935304
-1.21543484836257 -3.18846581124077 2.07445061855011 1.6734345804426 -0.0762770584862518 0.297908703919604 1.99141489151593 3.79956720378801 4.90736861327026 3.59626328010995 0.864466262988308 -4.16653270678791 -0.496504651580574 4.22260436836131 2.13946430967999 1.232987169661 5.88145285095872 -0.152994595059473 -3.43424230151949 0.0413205387118663 -0.64835092960798 3.5396996871372
-3.04509519362304 -0.952303035282115 -0.137277921236676 -0.429671208972356 -2.31256449834971 -1.42200893737181 0.889370742425839 -0.136627702350726 -2.61855523725301 -2.68487393604242 -2.29592297721452 -0.794685988248569 0.203235502843257 -2.03373752011748 -2.22017941292746 -3.36665890191286 -3.73962547127685 2.13264594546814 -3.79132135231358 1.92279047041386 -3.76626284431272 -4.12552425114103
-2.57502506404989 0.684610762030904 -3.57737121012589 -5.59404312039012 0.986157058790991 0.475515890504005 -2.04143611910217 -1.12799937267456 -1.90146835788676 -0.534445014766167 -3.19531278951227 -0.860175766467307 -0.782222726028097 -2.35151438970058 -1.68954437926723 2.91321600047241 0.817030741881618 2.92419396386096 -10.9449208367747 -0.315676137717067 4.18386585990483 -2.17491503548951
0.440414464676921 -1.60057470053415 -3.55427776056786 -1.189823105532 -0.344082971168949 -8.07756726285806 1.38484872330596 -0.38868579633361 -1.99060000331993 -0.772015341459704 1.15413682292842 -3.76534141813914 -0.705356264230977 -2.60069777805645 -3.8707923022395 -4.09596964676419 -5.08935853073109 0.376413841879257 -4.2454255548294 1.76184336133288 -1.10574638274472 0.895324974585999
0.0527948480006626 0.141002369775909 0.794130833805185 3.01228010662985 -1.37731854358385 -2.3989537948558 3.09182029336107 2.00118971376974 -0.580738827579302 3.79093107979594 6.64767813470939 -0.147339517278967 1.42177841090881 4.29210387243226 6.41859588751025 -2.28621095398936 5.1457123718555 -1.66028966069333 2.95606414015277 4.61080604220905 -0.251331731343375 3.43443181091271
-3.38836046890012 -1.8259701720007 5.55888169373411 4.24841288460597 3.42949967481614 3.24215737429514 3.56762322384257 -0.601793385138939 4.30738442641049 0.176082803563232 -0.0726938518544289 0.8296598806403 -1.34052219740246 1.51389962267561 3.05115200627092 0.807051247801875 1.96238765379243 -2.23896126477006 2.69630943243656 0.143124879785971 -1.17140355605921 2.92864338412992
4.32158902375489 -2.56405646933023 3.41262362785379 1.91440224943975 1.999600288331 0.687397034551847 0.613902911922482 1.68014059760224 -1.44730579248246 2.8649306688605 0.632412617073433 0.45024635009688 2.74206268154794 0.77578765663828 5.39615546022566 -1.5340059563805 5.47953270957829 -3.05030763275715 6.48093748160452 3.27859909515523 0.111893191308444 2.99546186968031
0.726106748933867 1.66444250383206 3.78470027691436 2.70316699322087 1.02941027437825 2.3236930053674 0.309255977767993 0.212615261309768 1.13224940970058 2.74580705946997 0.684842749635351 6.08339503786298 0.141567676278648 2.85088399210102 5.00020749686741 -3.59618455142443 7.37826537199017 -3.98831291136195 2.06174873432892 -2.14749978248093 2.28914256849556 2.31294700896943
-0.631754205816377 5.04539457511347 5.17113361853181 2.31908696078484 0.870136546119852 4.5972311932492 3.32452920156762 3.29408961182336 1.48157680683863 -0.733326629972239 -1.44997641508549 3.22079479288712 3.00922778120225 -2.02168346751765 3.36854179399762 -1.01856131963268 1.29399792729996 -1.21902696076401 3.4463413576625 0.815658602615176 -0.347522552021154 2.15423555326667
3.91298014587119 1.18857753616815 -4.10312733369315 4.77050489620402 -7.18701381201643 -3.0278378171467 -3.15978624318177 -3.38606041062991 -4.65923075087592 -4.00252669647052 -5.24132419942614 -6.40752175222909 -2.36048369055965 -1.83992238038366 2.60710374181239 -2.03521221177703 1.28279272350339 -6.37797691202192 -3.09378089532608 -2.82453806468104 -5.74785650309917 -3.62122849555977
0.908940021746264 2.61820687950488 4.76011819778308 1.32474881695692 1.26130013069265 -8.64520044541078 0.373692927541751 1.40169407486631 2.21713450662159 0.757399546372994 4.71470350495076 -2.41672040998458 -1.06437612083251 1.71891385820263 7.21831128693494 2.82023850762127 3.43760911037952 -0.779242064265048 6.41176821509995 4.76622067548981 -1.25575656920639 -3.68169902002108
-0.6539557315223 2.17452542713228 -1.88225775458692 1.72635487419175 2.05653027761501 -4.17337549050055 -0.481672526930486 -0.798899290273281 5.43256334496169 3.08284079252551 -0.234484521700485 3.60257768108589 3.19556745774825 3.83502984368608 4.91393448295883 0.906809986443515 5.13005848905046 0.602223782848348 2.45559196896363 -0.395723925478989 0.917342448803665 1.90474461082925
1.57609914936965 2.43522285362168 1.02463586319706 4.89258769020395 -0.28804378175824 -0.544998560603561 2.40547202905724 2.00097822945691 0.212692731553456 0.145796742216267 6.17677889999169 0.268538711906296 1.96066760663542 2.23359246057767 6.48902432260636 0.356389572561613 4.24238352386338 4.43726225714963 5.92279953992629 1.1337355031919 -0.0717869977765275 1.87753833527883
-0.991465865029127 -1.12444638685542 -3.30793164020109 -3.27351217664126 -2.71491809386423 -0.812786103343594 1.45271599049307 -0.858818800394177 -3.91149092317737 -2.50663864435925 1.66305021231353 -1.29136946414351 -1.94166402605793 -4.52843940910385 -2.8903587837111 2.63004798892884 -7.51992869727077 -0.221805305681121 -7.33604625028208 -4.82793762135244 -1.30523930454246 0.638864449151455
-1.61673850176061 0.115953127090336 -3.16424124229674 -2.72327948196258 -1.52101241689046 -5.36779437524265 -4.45584063195263 -5.45608908701756 -1.69334985101791 -3.99128405599996 -0.641202133568989 1.792557733723 -1.52544114790832 -7.08060005165967 -1.82482580509228 -2.94525566815272 -8.80809016386405 1.26765363071196 -2.9527925609976 1.7118714643943 -2.28201246893763 -0.968010499437687
-0.666205641951962 -2.42325845398464 -3.13641012685133 -5.96593324135557 -1.97631359980981 1.36154874157962 -1.61121156792199 -4.45333178496932 -4.03253213660195 0.211768431586207 -3.44918576863324 -1.799248988109 -0.980724332308298 -2.83158650148152 2.9090961603814 -2.11829603556823 -1.62676634005186 3.64687197369117 -0.364793519657472 -2.15239089438947 -0.516701515375049 -5.13066550704902
2.48456163702591 -0.483879982903136 -3.25502822840003 -1.73347232332367 -2.48498548431861 2.74504560710812 0.596588259987815 -2.11914512886661 -0.320293277200912 -0.0799775503004887 -1.28955079262685 -0.713212901523825 -1.16406592387076 -4.20145878975433 0.734371834601864 -0.447052825309981 -1.46379559220831 -0.331388415245588 -8.47931379374421 -1.91580910112972 -2.95675697991454 -0.637304387532927
0.780266439742336 -4.91537738256258 -4.08898255622037 -6.51500709370325 -2.27721063899688 0.366751158238346 2.32760720604659 -2.66707224431153 0.24322580348799 -2.43183074763297 3.21157975951182 -2.10255606607753 -0.14898858554847 -3.79277902238035 -7.70390436972594 3.59836787710635 -0.742420798644183 -3.82670346387914 -6.16358647331244 0.594606863250691 2.66091112612942 -1.40239115094574
0.416067397984905 1.85560735248852 2.22587690342159 0.54683648121138 1.58768217032332 -2.86373836690709 6.66872507427953 0.670622493622221 2.68406843809156 1.60254886551718 3.50429672410313 5.2915988116734 2.01481433397635 -1.60301394812821 5.8601922170675 0.0496380975616361 2.8319343992878 4.56925106337548 -0.578034111089933 -1.7555208852765 -1.21878605028946 4.78764534666489
-0.126184339308161 1.46226568983007 -3.00791150809362 -1.00971381250044 -2.44854759522048 1.23890056260108 0.346401681088916 -1.16852485947462 1.4150204566014 -0.225089470479577 -0.152478111449401 -2.43703287519007 -1.21092160539934 -1.4569456080189 -3.86635809946486 2.11513888691509 -2.60096003094388 -0.158067926269045 -3.85659939041371 1.35479650018321 -2.30074563613635 -3.39230496603594
3.22655463210757 -1.97805957312959 -2.95831266701206 2.44573722191781 0.461965843431268 0.0594483283544287 -0.326110943081771 -5.85704373158746 -4.43242386288513 -0.992868282500425 -6.11178900882347 -2.94645286267279 -0.119785272083469 -3.12118516498001 -6.64951986760921 -3.64504245202691 -1.32200902591446 -1.00209467621593 1.80133965092033 2.468074816235 0.832229096550719 -3.58684882670848
1.23849636953797 -0.318504185150748 -3.08660340279111 -1.76496544536238 -2.17413529004902 -4.32182789269816 -3.46533340342987 -5.48228210086866 -3.05034654798415 -0.0405399308792538 -0.822310382126396 -4.48306021001831 2.64185953116068 -1.71340855319144 -0.632935411350791 2.69182498254291 0.916728180228126 -1.15170878932538 -2.14986200751099 0.816001232905533 0.845762100996402 -0.644347401623818
-1.77658109423562 3.58807138676265 0.420873748147268 5.44897587517329 -0.439804873889996 2.75644335313681 -0.993133783753022 1.61217894819739 1.58494879213762 2.93725800889733 4.13811629540578 4.46423577608558 3.12646408036763 4.4148273943409 2.11952614702095 2.21205866921846 4.33655163354508 0.985465139264834 3.7607293438163 3.33044833554191 1.27212289454381 -1.2035188512418
-2.51279291635693 -2.02034041948036 0.329816167222621 -1.34873470397465 -5.93662997288113 -2.38034837143962 -0.564788893721256 -1.10110188537735 0.0404670232544504 2.3000796768371 -0.864710996069213 -4.67193684628483 -2.62891211740079 -2.24183842505222 1.69532313397338 0.849849064982471 1.64722881773064 -1.95508096413694 -10.047243705085 -1.95971959158963 0.093364874692793 -3.41243007355924
-6.78112934203594 -0.314522076606703 -3.97331835733171 -1.17570532782764 -5.54252440444141 -1.49560680042821 -4.29803752334736 -1.39739279230847 -2.2401427626832 -2.59268389742002 -3.34245413420325 -0.0406978259729391 -0.974113526781627 -0.338700385635515 -3.25280559700111 -0.506791726136148 -0.807994827519914 -5.77165928100925 -2.21319280823969 -5.73593637201806 2.35919759398977 1.96111578185469
-1.09367069718525 -0.289160167925819 2.88811521358064 2.52848024632819 -0.0617439177313834 -4.13984353756934 0.656212997966628 3.60070555662397 -1.78240648046997 1.0204293793343 0.298535891706957 -0.289180489164592 1.44366611705726 1.59596637790238 -0.966601400551528 -3.2901420554348 5.77163420524557 2.85601457979102 -6.55404997060318 -2.5892505278885 1.62372911971782 4.42278442014655
0.368655978633085 0.166587696098536 -3.6037206334405 -6.47902628308767 -1.70259399333378 -0.539272043718002 0.417355138920696 -0.0970274521804064 -3.29411298894051 -4.18928516997727 -4.34294581352011 -0.312143453355483 -0.781196209074822 -3.98516537085156 -0.290501395338373 0.674553944262912 -0.156476235590155 -3.37143180969165 -2.77356589875891 3.11618031714316 5.20341186578919 0.371752515776395
3.03282766541117 0.823070376090208 2.30659540781763 1.64930326687067 1.30746887863337 -0.641983346061187 1.63676226785485 0.0996331994809629 -3.88291498932683 0.915629751607645 0.604358852733077 0.624689963964949 -0.195805469483759 4.76478198683847 1.15491499849466 0.00122925136278278 4.15102771079935 1.9300735248151 2.01540374940974 0.830767589566282 4.7597606615818 1.48951870936043
-0.0577221458834044 0.89571239457716 1.12559433586123 2.07421822406523 0.538851497003893 3.12300669410699 -0.402554974500037 -1.76179070649157 1.97224868069111 0.0138330258452328 4.55879290076776 0.485446203113189 0.08243476184414 5.76465176632546 5.81363808126711 -0.322126742211069 2.97509711866494 1.23602383747217 0.818803039437182 1.92757091984855 0.918131430561704 -2.07527644187964
0.00670591149845678 -3.60149341166243 3.72056430830227 2.53831090119644 1.50133488946932 3.22349898856515 -0.42075332084148 -2.94168347125249 1.71621837162014 -2.63908345637907 3.33433703738388 2.36718292791462 2.72741171316464 1.65882988031209 5.38417055732712 -2.75855490267946 7.40395676485369 0.879969579098226 3.31069766291274 1.12043321604565 2.18484009050708 1.51804484271919
1.1640461383148 -1.36541698476526 4.81848868810488 2.29924744691226 4.1902740567862 3.61571627721611 1.46491925445171 1.5421770101156 -0.63211221156863 -0.0397533282766263 -0.262432927510607 -0.663303988506984 -0.360581320194914 1.6531561500368 2.64084847036477 0.00510182581938987 5.23694062012075 1.69821175448966 3.60524370043534 0.858050437934693 -0.0656937907953315 5.85419574569617
-0.00603387313332071 -2.92976438696304 1.49899041867435 0.957562997023526 -2.02845801255755 3.22191903656189 -0.765427432172557 -2.07743261699111 2.42444518785459 2.09731263924299 0.0518937918347839 2.40078202506361 -2.41193254769491 0.984197395061244 2.72689054589147 0.764195067354348 2.73513302072186 -1.72725445965548 1.41927333651603 -1.565746445271 3.46363262493123 3.80089472113153
-1.85683862187266 1.80622131965416 2.20770741805144 0.761956348200627 2.15204669603832 -3.55836457869578 -0.818821322202657 2.61028942688338 3.90052180389459 3.86030868397774 -4.19026444744113 5.08373838269993 1.74652942191644 7.14479963551527 5.07538297151599 -3.41225701494245 1.66937146842304 2.33967409443904 3.57183611762459 0.746830178645352 -3.02639130768358 0.668772352737945
-4.38201646113386 -2.60398425450995 -1.65837299438704 -5.56617357554327 0.251847216656032 -3.62317340965577 -3.32381145232471 4.15897102841828 -2.59832150592285 1.39503490167904 -1.62487029615365 -3.98946302769093 0.526664108783788 -3.04843012561236 2.50485949978449 0.30749836175173 -6.34510950238164 -5.28125837766323 -4.15507303693588 -3.5569553149143 1.42410377262419 -2.83494085258762
-0.514880875311002 -0.755043990398913 -0.921536870097779 3.02923944041355 1.2993536259932 -2.47649551977612 2.733372177801 1.89475715789362 3.30365345872824 1.02086118050486 3.20635351700129 -0.501990604741069 0.621937450871652 -1.08621384358347 2.52954078313379 -1.76637290026862 5.79190922219154 -0.00166293335499823 2.00437103590882 0.0674452392725287 2.71409999518156 5.19970343140988
-1.95239023169252 -1.46820208485048 1.50985290487021 -6.08269369545737 0.291774430315611 -4.13559833270044 -3.46115978554254 -1.24749473634917 -0.0305873806146335 3.15579395395768 -2.24504943974567 -2.85184124972912 -1.31615123070233 0.443493153983229 -0.0622049969215954 -0.190492930223203 -5.66282363272729 -1.27017599815825 1.30311718460425 -0.803596782920123 1.72055620143645 2.19635826282468
0.79223704162348 -1.73287104627761 -3.48672956845534 1.62313095421516 1.70430834262417 4.28824774840301 2.71558654852522 -2.35636685617976 -0.785133631773726 -1.87507849981309 -1.46802598914457 -0.683212786085355 -1.27029819315598 2.90179048566913 -0.396301164061814 2.51720012297679 -3.98372480283391 -1.88854764397987 0.609625637207944 2.17836376054856 0.534594796085599 -0.382284096291593
3.42404198167998 0.278258464237283 4.82474716260293 1.56182746620426 0.641685597213487 1.64303843358569 1.35678628820757 -0.420581644476869 -1.33806072008554 0.31166166375937 1.4997767223283 4.81160368644197 4.18260442717794 7.18034960766878 -3.31001895110236 1.67831139694139 0.0202200083658464 -1.13857377290205 6.65757165072768 -1.31712251799484 0.795150454783931 5.02832513512549
1.06400776534635 -2.21266354349626 3.80724519493107 -0.592004963751541 2.51730767896421 -2.45106781516737 2.27852756606332 5.26044651864261 2.15109677073698 -1.18725151680926 0.516794197573176 5.39789821524527 0.271961288892817 1.47214140680092 5.70457833476332 0.691480342850673 3.9141864028346 1.70519229449372 3.09453999190858 0.69422391443999 0.339053385649132 6.32800822199498
1.79910176716016 -1.95929665143856 -0.356057514373985 3.30766645243464 5.32329660509825 -1.22593926299268 0.175298780523186 2.75823939316526 2.0190985463538 0.810146579513011 -0.900151525775337 3.15728268680743 4.31962308991796 3.76509628573872 2.06117789937913 -0.847567583553587 2.86900092683133 5.35622557230888 2.99612473425569 1.45868369911547 1.11418040573156 2.97832200265063
-3.63651791807367 0.314701233251258 -4.64811308539231 0.324187216928891 -1.83289908900641 3.36344984321503 -1.33246597124483 -2.33193962196276 0.880106221067904 -0.793526742526797 -6.55506084315593 -0.815495352115596 -1.34247216498583 -3.1483147991889 2.04213288034131 -1.30142916770327 -2.86741446177219 -2.90601618105321 -6.13850319312242 -0.629792037959802 0.13098849550734 0.124357963942097
-0.174565378011879 -0.642213634290976 -3.68174029868118 -3.18298177195502 -1.50632439167246 -1.24406389292067 -1.51263948650133 -0.465705893360239 -3.04934885131192 2.65661011964123 -1.04606935179049 -3.97807276709255 0.779477749414949 -4.91362505152135 -4.79951999934792 -4.02422833622695 -5.58924841019048 0.809129018989936 -3.17748759352631 -3.41028382151225 0.885359485583694 -5.40892987518603
2.26906612158511 1.59125694546924 2.4375803505809 1.16165264446653 0.488923670752842 2.44700863378641 6.45833695573838 -1.8530682737081 0.941111157695842 2.40924575156231 5.08385186910438 3.2770419871588 -0.169930354905494 3.16581266282776 0.579661030399192 -2.37617190126297 2.40760882430341 -0.411859748507176 2.60528462288038 5.59093760361989 -0.300282931983159 3.20256974402781
1.26819817355883 2.97944437118315 3.55829395183317 3.08065542817662 1.26149367877596 -2.0482017691594 2.34858577869856 2.21154984495855 5.26560941730535 -0.205329008188442 3.76801079511272 -2.64539949305497 1.6678040839521 5.38457579011072 3.61006197147057 -0.257748105725108 3.57187541471605 0.66834329754737 7.72589839752558 5.39792432014897 0.784863193848325 3.24350708735956
0.778681728577205 1.70313984883265 -3.46766653766942 1.88187314979684 -3.72452440028036 0.388559537801592 1.28185948224211 -0.928503920254178 -1.40626766885279 -4.16113770789827 -0.535330902663818 -1.06578556749058 0.717250849675938 -1.73539671772155 -3.8326315251345 1.53597498082583 -4.37252057590124 -2.77192149488 -6.0250083227968 -1.07658425576977 0.507992056107698 -2.9453245135548
2.58120406352175 -0.778022964802277 4.43233581652656 3.22182543896229 4.31714186330998 4.16144156493282 4.00078982026116 0.45567256355305 1.6848844661945 3.32692794392791 0.977495325875007 0.00128759667763623 0.775246380474108 4.08761391593746 4.19754907032795 1.10126825076973 0.325310270681682 1.39288904697033 3.20484054516406 -2.18278686784451 -1.88740131245982 5.71620594221082
-0.159992175701253 -3.06890458256038 1.88125845988291 3.66894762206838 1.33988587380955 1.95115271064171 1.04279073685813 -2.70250449640537 0.080404314852619 1.94828885528793 6.36603942713585 3.96439279859776 -0.959476692494708 7.63320884003001 2.24660896639319 -1.02955553822113 5.38172075594005 -1.50151503680864 -0.379762067223113 -0.0611336924664809 -2.12229179251068 5.77186466758718
-0.089465816478841 1.5488016585896 4.46391671843316 -0.337742222522327 0.926527545702848 -0.234330178712747 -0.271504381167509 2.52576696396584 0.711447390702997 -0.679486013354736 3.50458139117183 3.149691015427 -1.49342503377435 2.44429856827612 4.26482702513685 0.563370872410399 4.02013042510254 -2.03860832764591 0.263058909543624 2.93861746695815 -3.47558898160176 3.38760502871928
-0.875376758962416 0.52119602206479 -2.43259559396313 -2.73645143163585 -4.51744345179191 -4.76926943489606 -0.875406398610557 0.539329661620068 -4.00859173065425 0.959304074401845 -1.52388577419276 -1.91728011230541 -0.486746371084875 -3.56504392807289 -5.83211204100682 -0.0359005647038234 -4.01875657320788 -2.75096105501468 -4.76638875391215 0.0139561322917985 -0.802610474865869 2.93429453048237
-1.02111692159629 0.497526339217473 -2.02279038050904 0.159003443198867 -0.832181288126366 0.0944171478061702 0.642395125137177 -1.83714954653728 0.110210665981677 -0.837126668663073 -1.21812982292245 -5.9406351519312 -0.965241626858492 -3.42625697682502 -0.600865356123746 0.344357613179661 -3.6459110152324 -1.11158874234389 -2.4513147077739 -0.197073764152711 2.52814472853593 -6.8509517909255
1.58773167416139 -2.42212075321843 -1.8845940922417 0.683450225682737 0.53153961300452 2.96281535645382 1.64720314022852 -2.73004985764105 -0.507241551066216 -3.73540351227463 0.181681809619257 -2.60159825437946 0.143517679971947 -3.92266441762726 -3.64257104486976 1.76017094312821 -1.33781289422104 -3.14258841242854 -3.68130395205565 -1.21280447475414 3.22914536420912 -7.04148098973074
-3.53241490408273 -1.29705551204437 -3.08495299801778 -0.666589159122001 -4.03735177934366 -1.47332516589464 -0.0953389248110799 2.15899774677571 -0.397843805145642 1.34143798782564 -1.48779547871908 -0.783496369713326 -1.52603300551582 -0.808648540170951 -3.08563936076111 -1.87026593208098 -4.97953668721974 -2.73800411578423 -0.790019894514606 0.667919902236617 -1.19169394818483 -0.395435896656864
2.65289549421532 -2.28086727968008 7.95315852627635 1.99944660753434 4.66101256191026 6.34858386465264 2.70504618772027 0.813142337840357 -1.91722496499011 1.08236981400568 1.63791410714205 3.91159559719809 2.04551883230777 -0.383060670355238 -0.565290613156605 0.812952222830263 3.17624127735057 2.51561107675491 6.95176150851585 -1.01708858687286 -2.40656754494395 1.56644521217471
-3.45841915712992 2.69994062262209 -0.913164651397387 0.134566089753076 -3.6211233628359 6.16301966134066 0.43515015331106 0.747361925801042 0.565372422036152 1.16493715320163 -1.58895847412988 -3.50571519397205 -3.61798110054799 -0.926818112357118 -3.91460723760776 0.782965160390003 -5.84103753036582 -2.10694311040821 3.04154708641287 -0.626780917083927 -2.11442736320219 -2.18399700689001
2.15684350304692 -1.53311218780614 3.87430064888673 3.39290354693948 3.27558632405149 -1.67188214648776 -0.37722357153979 -1.20648492013301 0.917863675802663 0.7114316078992 1.09069337593122 2.44710305692845 1.15952816543416 1.95859447420691 -1.97234030246854 -0.744796780572955 6.82499692809718 1.03363153879549 4.50903920918687 -2.23443552740092 -1.16963978420008 6.13567725020214
1.67964224324396 -0.218422252700808 3.42758055763778 7.10386859800181 0.514665791366567 0.930166719376906 -3.06335092942028 2.20706692552543 -0.0454109495130686 1.69755239712473 1.96221854103107 2.19858123557798 0.81286164252928 3.1462444426255 1.12251737313373 1.57155739942119 1.92861734495578 0.857670541368297 2.84809597837454 2.7499997257126 -1.98806328228551 4.51368395069572
0.770740448490732 -3.37399016188657 4.3618397229731 1.97614581788148 -1.96083338301145 4.93925033133305 3.48705947154355 1.60062284368815 2.42055247935215 2.65241852827084 5.6247453162609 3.49924577456445 1.47334700446005 4.8700656103578 1.79763322197161 0.372675183579282 3.99550166599766 4.10210156656855 1.9782769062624 -0.895050630718393 -1.19551929560719 1.25788395138451
0.898943261711709 -3.17000374732368 -2.83604643417613 -7.83175424985666 -1.91419996051264 -0.193774886929404 -5.42176871530952 1.7720835070642 -0.549515439267416 -2.2232363874909 -1.62392542371066 0.0592435290654212 -1.79577512125782 -1.08727079561557 0.390902407906897 -1.48103315273317 0.72371861340443 -1.98589552811945 -5.02386235662259 -3.41141445258753 -0.704732598167814 -2.68979313633123
-3.59399846931943 -0.946206360508469 -3.43349579033255 -3.22270983718599 -0.233216877923361 -1.42685967262817 -3.07747617999773 1.23750837578494 -2.09786786923058 -3.3648658498102 -1.57839603211944 -4.36618250281565 -4.23787356557713 -0.0824094398038868 -2.75309520142038 1.21048828741691 -3.37476836008903 0.802117219961038 -7.85176707540664 -2.07477106653833 2.63627170723672 1.56235767023061
2.07210736006557 -0.16813774129888 2.5251283946888 3.34427166232899 2.03350260529594 -1.49786472506097 0.491864022639427 -0.563948910412555 1.49179097089304 2.3723210611361 -1.80582495342372 2.53941479682935 2.73857274333371 4.12081849561369 3.13323185189985 0.840005212553946 0.531142444398974 -0.275706661828317 2.25734723609027 -0.640196815011856 -3.71157923509056 4.08666633095887
0.63910681926289 0.797576860347612 3.78350666834156 -2.69154099338056 2.13153140570853 3.80797400295761 -0.552301467026228 0.239240024006376 -1.12156120922906 0.223017326243919 -0.493833872752914 1.6605445064298 -0.727707531814183 -2.36176894612971 6.2581085466473 0.521630181093712 0.0940367275188772 2.36366112018891 3.31039861607118 -4.19735769203328 0.621318408945719 2.97026470315872
