x1 x2 x3 x4 x5 x6 x7 x8 x9 x10 x11 x12 x13 x14 x15 x16 x17 x18 x19 x20 x21 x22 x23 x24 x25
1.32237330959351 2.62165446867538 2.92575500192432 0.626555028068774 4.67631496342 2.01647907671804 -4.53341133521324 0.478239178384927 2.30916776298541 3.47503634219447 0.0914416444927244 5.80083743405634 0.782128060419254 0.29150005360683 10.1346951528732 -0.773869004787278 5.50947553421881 5.13701786063193 0.024182821690883 -3.22891242426633 4.48915187199858 2.29485775308795 4.45260627812973 1.57664118103003 1.77903082551994
2.69226987969277 3.88653652516578 1.63917138429991 -0.340394958834106 -3.07156477059254 3.67825714038768 1.77003241386288 0.26123242734387 4.15485764286963 4.23378159927845 -0.704760804398346 -3.68038350333545 0.461465861899833 2.30746672490976 3.33123894852025 -9.86729764808432 5.31777771565058 4.37006555431571 0.728260943695085 -3.23341623675865 0.978494436060225 3.01125099624426 4.06727831246819 0.638123398502027 -0.318324871182686
-6.79133093860186 -0.61570638752123 1.43077341651304 -3.17730046104607 6.23132505269144 -5.40224059794906 -5.46914160357495 -3.91937421650885 -3.35181260960626 -0.759082517364831 -0.038118759905992 -3.12952294175789 -1.73452519662371 -2.03496744884171 -4.08923345872518 -6.05973483990451 -4.21816249546487 -2.24765887290502 -3.30732113412915 -3.43407758056688 -3.61810554175908 -3.96053982623069 0.249864706646216 -3.20389047455236 -2.19068000035888
9.42463805822121 -0.0436758982794526 -0.57144758953799 -0.83449132841122 -6.27094243926128 1.91103905138235 1.80546701895381 -1.60599323383269 0.910238173131502 -3.06882624760088 -1.0343411600697 10.687746261819 5.10703784160709 7.93276099518834 4.2629020544865 4.05154145543501 2.50303365688751 3.17715279114961 -0.532148105497467 -0.851369302931157 4.83646699081072 1.32487934041028 -1.71251111661242 6.90866726373595 2.68254882278818
-3.82399836686864 0.0592756173420956 -2.25019031972473 -1.39726233554037 -14.8005437037996 -3.42896276270488 2.42909900633038 -2.25067663788294 -0.7876285040115 -0.975015561448659 -2.70373603520118 -0.460580637907781 -0.737605931632649 0.433707860354479 8.17827627319566 -5.27667985432032 -2.61688157470423 -0.369100192008116 -3.61676983793054 -2.2866433846658 -1.18009317767485 -2.54447279182896 3.0733833681479 -7.95463040650153 2.76783839348325
2.96510497320013 2.55020439895404 1.64484617444591 1.92894422127734 3.78052338042445 8.45458802078947 3.18795514926552 3.48102735738976 1.38694885463444 3.95463578308394 -1.92787458834524 6.38628220174012 3.674115154444 3.1489838372642 -9.4525810177786 5.63206510309227 -0.319137327728753 1.83784704009747 -1.84188509006243 1.83487489018188 4.11372173068268 1.65561171391307 3.43909900246431 4.96077534014013 5.1460337851578
0.187191967575996 1.76085669166393 1.73060989962135 -3.43824955400118 -4.70739242061594 2.56604769788346 0.47576547588774 0.147335616078499 -0.288385809021817 2.43476238747933 0.251627191147459 5.34403800768642 4.31309573667991 0.256237267823367 -0.63001170814788 8.51614952547851 2.46716120749254 1.58434178401028 -0.563077218097442 0.780639301018473 5.13324185536919 4.01647926802126 3.56123066968066 5.27821427895219 0.307085472360638
-9.3470149105154 -0.407542354201854 -2.26100378582337 -1.97013239919664 10.0729437279105 0.417760603113987 0.601278878606995 -4.77885122231167 0.449094229582871 -1.12298191088855 -3.16487316855846 -2.91859256278184 -4.16329657164336 2.15686178616259 -3.36548978417557 -0.944814366561502 -6.13114643528814 -3.4906614688561 -0.0401325703953728 1.02359381675442 -4.02759193240569 -2.77924139631601 0.589540479300178 -2.45372040460365 -2.45275789706828
0.787496955166193 2.08339237067649 2.9654914677612 -1.45453963182607 -6.04236888236467 3.94077794629003 -1.62722141086265 1.6000491922137 3.71984007695193 2.49061833822801 2.56422902280685 3.86627068705879 1.23055305642551 -0.169511572164365 6.06134418420463 3.60162079335638 3.79858239700599 -0.15552515869101 -2.76395576753583 -0.54655591232201 3.43101444757832 3.5304690776846 1.01560691296591 -2.9508414778884 0.726467560894652
-5.96592252113412 2.18941781210459 -0.156247199884566 -1.7682510091887 -3.00295476839382 -4.23511500898296 -2.91875599244966 0.419981875254487 -1.43310268662986 -1.59959479828803 -1.84438887093837 -0.620345651306181 -1.11003281947045 -4.44955403142085 -10.9272535222612 7.1551487061025 -6.21789298976124 -3.64678743703172 -1.47987521569782 0.939226262726057 -1.22083875627813 -2.8293965961605 1.86153118205684 -2.72019625186918 0.589996749601212
-3.35173409263014 0.202936580236574 -4.96235842237651 -2.67323237476036 -6.08818044842274 -4.79290746380161 -0.740513488397251 0.796505607220713 -5.1570096227227 -1.03426131905179 3.73131982225569 -1.07688394364234 -3.66534348873984 -0.0568483695370063 -2.05490456202371 -12.0948212060305 0.204828063327893 1.96528486018209 0.196478941682643 2.41121657967817 -4.65791779718179 -0.770710380106769 0.584876588080895 -3.27888660382917 0.176917022614369
5.14325710651747 -2.43658808557679 2.08550751636221 -1.12868244387938 3.09965932867109 4.52149123924331 2.11150377765908 2.12981673796322 2.85621519368438 -1.60849051316054 0.711194866732594 -0.832633375274505 3.85697443794807 1.72682705514486 11.529872994615 4.08567838937454 1.71814151525939 -6.41956219722072 2.17052805907788 1.80692301869042 3.14996939913291 1.79600461865149 3.91370958726519 1.75768466658681 2.88590391086236
1.85482410707139 -3.39290144306487 -0.925746046104924 -3.41322337399155 -3.64091161204602 -5.71107899158009 0.371141649304457 -1.64982953983595 -1.93248680789604 -6.11576826383515 2.08953169590061 -0.21388888279121 -2.14960196354826 -3.08332326964413 -1.56348213202369 -7.88417719419933 -3.19768265368428 -0.623335906712544 -2.07787201004359 -4.42279688262161 -4.66868752217675 -2.04804876921482 0.576276819085483 -4.30202504062576 0.608883889094076
-4.5587315635501 0.830130176315447 -1.66267362902147 -5.24171197992377 -3.97582670445598 -1.97133848564647 -4.90730072326592 -1.18345324032515 -3.524350481157 -0.0486941716448013 2.60928039865627 -0.836412324826841 -1.6689938810257 -0.640408034187768 1.6838189446885 3.96690372914332 -2.17621787982539 -1.05507345632899 -0.707848780407578 -5.3077995536537 -4.38164435257359 -1.55375428906735 4.22244850688173 -2.56702883287438 2.13667214913551
-0.601316204313686 0.0826476569260817 -1.78428158606679 -1.21625806273889 -5.82818314055581 -4.22869169569006 -0.863026911266874 -3.10776656567155 -2.34533346366745 -2.62349912717927 -1.85383802158021 -0.434584345828516 -3.45115497138622 1.73738703142647 2.30006657094257 -4.47702658428224 -2.18736618769102 0.204524651927478 0.58429015478511 1.42050191283289 -1.06822334964569 -4.26279621707527 -2.43698862377108 -1.83365326653127 -2.03146538922886
3.31375676150569 0.897110043332508 0.995485856025327 -0.175681398314113 5.23990885679661 3.32137357380112 -1.33052544486854 2.57596423242167 2.40773757889633 4.06635628089975 1.86297700428942 0.435801119145935 5.40984904469045 1.74324460788073 -4.99830343668528 -1.40399639997178 1.52513800186607 2.30685331569753 2.71022496239366 0.552437168940624 3.87484651017796 5.02639121172605 4.15833457276445 2.53579029176086 -5.14496800988957
-0.120478166883438 -0.863409655229505 0.759555332947796 4.57844737035522 1.2893894985938 3.53150645994482 -0.974225948019155 3.81837838879013 0.950472525865727 1.13943201091896 1.95236170984444 0.943506138568479 0.630692541764421 3.28661079250204 6.33822986218133 3.15563849219089 3.99563971841284 -3.38923721136847 2.90697081455535 3.20744347136451 3.96318808700757 -0.663497696203734 2.01914482779401 6.3088563757869 -2.16990907801418
1.81148664301403 -4.33339644435992 -1.63900855621255 -0.3002430008187 3.35087700377996 -7.54609865030004 -0.89816291674577 -2.00689579552549 -1.83914577864837 -1.55339150194987 -0.777701181988015 -2.07072039607615 -3.12447272211565 1.55223143208405 7.08010846027679 1.90448232075815 -1.57682597678446 -6.16832878145662 -2.24269772322087 2.68022743816977 -1.72906083501511 -2.20736167045863 -0.552510467223377 1.23661787037182 -3.46983317508013
0.903159253606466 1.95653036723324 -0.417591835234388 -3.48349781863537 10.8682384527809 -0.949935530014795 -0.899201070234461 -3.89557145585628 -3.45627580669758 -2.62291505977213 5.47756029802362 -2.31076516189229 -3.21591845707388 -1.0796317210253 -3.68629252759344 1.81227087365142 6.02795368823475 0.533617452223344 -1.44830085638476 -1.03076143895376 -1.77378146362064 -3.48062788510751 -2.33321522708534 3.45871967109333 -2.62166801043186
3.38358581365889 -3.48463812104776 5.24740544087119 0.126015014839631 8.40143238640854 2.28857494111717 0.717289177787962 2.3451346266149 4.18731919082075 6.20536084922854 1.45707908257575 4.22890860949364 2.36184957525021 -0.291504840562082 -8.91905838408764 2.87751506925184 4.61080919135353 -2.19757546117516 -1.28152998586755 1.08784449657104 4.06355310778725 1.29784758312771 4.06192477479555 1.59395206198268 4.27241174231453
0.762044343814073 -2.92736354842649 3.538033699494 2.60312787356406 -5.51891212270101 2.40353971740697 2.72745493846729 2.77571801410101 3.57688742475428 0.0674165496159591 -1.63526869154014 1.60411289555491 2.80626313642845 0.892506378154547 4.80695753746983 -5.25460062567404 1.36510725472719 0.562453352356018 -2.63016781363551 -2.63571016279999 0.337511577553035 3.32230030849315 1.36215965225085 6.54525520281979 -0.762929136917156
4.64448102231967 0.0866772201091514 2.81619456996896 -3.0005817398083 -1.14654794951638 -1.66656552529461 -1.48457494690818 0.60912408302673 4.0133203503293 3.29777432143778 0.0986949702839485 -3.30295154461149 -0.964986313112947 2.41605013226105 -3.46622985187459 -2.88263678319668 4.7356992706777 2.9165516878622 -4.34220651867692 -1.12000622229154 3.50756220037211 5.21448540476146 3.52545075387427 0.224429947579013 -1.37999046263768
0.159083268269305 1.84465755554859 2.41979412540269 0.368227513250526 -5.51755386177899 2.79058028670943 -0.752416174272847 2.68114146127857 2.10926882318698 6.13460046812815 0.913013242926439 3.36712930552982 1.31055073264114 2.36111892685256 1.26022776680678 -0.394032203198149 1.56371011028175 -1.8945813358175 1.64766402501426 0.546819521091223 5.99383964816869 5.91621847433589 3.41788218422885 0.272293926437141 0.409028426520464
2.21973688388102 4.56173122944281 2.02523990278334 -0.728732933681243 2.81677203690446 3.37769686140852 0.0367799153618886 -1.41759385086943 2.03121129156109 0.627449275647906 -2.92483403834881 -1.04397639290448 0.871086962280972 3.56912143183379 4.27132971603834 5.02745171643887 8.37085269515776 6.94987414199712 0.326889686312136 2.8731119969606 1.69241968765723 1.86265277484695 -1.82918375768392 5.90984082705395 2.88172985397415
5.19056552796025 -0.959864223115692 0.858778959863097 2.38492162905046 1.92530454045739 4.25984272341766 -1.35606582724597 -4.27096601064267 4.47917192402055 1.83127290757497 0.795663037297984 -0.741436673431952 2.2740571502503 -0.487724164827734 -3.19864252875862 1.90522318495319 -0.60824464365794 -1.08996714768463 0.800106791985378 0.679866923795631 1.76159683155493 -0.47060137711741 -1.0267238918329 1.34888904465285 0.272336254291872
7.57595731423764 -0.436701107243421 0.381704568633022 3.31470548644643 -8.43330531972374 2.99719536835021 -0.381533432450023 2.24294254106395 1.43243667770279 4.45316458989607 -1.8790338208392 2.7087167132377 1.29912961321046 -3.23182282450499 5.60765647956358 -5.79408616921057 2.87223355957698 4.69821926966755 -1.8632978912299 0.435319186596808 3.22907792962222 3.16883210308399 -1.03286259937324 3.54399162200291 -0.713482331464214
-3.61168880927987 -0.354271773311594 -3.83136451114389 -1.37887305896576 -4.58941774335588 -1.61717740112446 -3.10507054201597 -0.807955796341013 -1.95682241977055 -0.497685381128021 -1.16151270852273 -4.31614404806246 -0.159520717395738 -4.05955071565888 -2.36674239910873 -2.96649847682981 -0.413889125448165 2.99875602171422 -1.91475805872942 1.64342679357862 -2.93539711290539 1.20713669569438 -1.61613927912292 -0.130838999246605 3.64987530667114
-8.55385195340205 -3.57221378872612 -2.19260107705878 -2.3606577842286 -1.44394390789924 -6.0788271495233 -0.925612516179442 -2.40372545388159 -2.09222513299686 -3.83018806915506 -0.955026439120233 0.943053499157646 -3.59109013476232 0.983682326348569 -2.99416928126498 -0.913005700748374 -1.053584859281 1.5556235257543 -2.62528471178728 -5.63078077412503 -1.84887095272718 -4.83301455939871 3.2440269321333 -5.98376311891139 -1.14018233662849
1.37485258284061 1.00196849670765 0.341556852145239 -0.700675140341503 -4.66032330722769 2.55009276671143 -1.39055146576074 3.30159485512207 4.554368013553 -0.221520629984557 3.27756460365779 -3.95700799164253 4.36068927848367 0.63205069605888 -4.89208027495737 -6.23754411305743 3.63103396501849 4.17815252935861 -0.137093140439688 -1.139050324177 4.39259925765916 0.772683394536978 0.114771298753041 5.22414844556353 2.04378702474256
10.2534550982627 -0.705032101855768 -1.49656698748873 3.23031153957974 3.13736953741237 4.33132192265551 0.240038195712501 0.403957296195165 2.41916623430742 2.46030341787148 -1.21142572551374 0.254904804272273 -0.307412207106134 -0.450718714859407 -2.38382972039865 -0.363306684195789 1.12748265266765 -0.878060869297623 -0.286698376063787 -1.38055522096613 0.816543283508335 2.47163156869426 -4.20713402375918 5.15831997107044 -5.73271756344445
-2.56697453905687 -0.144499178509751 -1.84604094047495 -0.428478363749396 6.7499094067023 -2.5221844822929 0.570346357793644 -1.4896939865043 -2.97004156601716 -1.13746626083544 -1.95814707701251 -1.63446135072618 -0.229099908864202 2.44268851646711 -5.15928177371338 5.89012439472194 -3.85356855513551 -1.80906836318784 -0.495042210131183 0.444245111992382 -3.55026765216469 -0.476252752400588 -1.75713759834264 -0.870442958672144 -4.3905837962392
-2.68881069681195 -0.13431869042715 1.03324948392178 -0.990421602106452 -9.33018031072715 -0.287833964728072 -3.76308097443268 -1.82412415077422 -2.67237289439806 -1.25800912156542 2.22101193806689 -0.0293592563451575 -2.71296633973905 -0.940422929777884 8.39563658060871 -7.59564036741875 -4.08794829525685 -4.42453617592349 -0.508443816769379 -2.2215531969438 -4.00004647243996 -2.36632381719963 -0.668928195302467 -4.94736525574661 0.350147744874181
-4.8682352334791 -3.17429762798356 -1.96134388782865 -1.78074155692744 4.02484751432872 -1.77056131807895 -2.58564476332155 1.56170142743663 -4.78219826604968 -3.74609302009261 -1.93550898961112 -4.02079493861792 -3.13374127551384 -1.19763272930072 -1.87917257711066 1.2910290226406 -2.59784358910812 0.838961250099582 -0.555117158887309 -1.26172586811122 -4.0002725352551 -3.96355392402041 -2.02753330324335 1.76546001671058 -0.496166739018452
0.948337877289724 2.27573498329036 2.6770550625452 1.72971622553343 4.22859054343913 3.4560846174546 2.33349533060773 0.196496186221684 3.55160087211539 -0.515699312481567 2.16541428590204 -2.55948973689879 0.950702113691573 1.84885488524297 2.50711811770706 3.17895022912184 3.55065208355731 0.814337641792864 1.04424526171103 -4.78168592291251 2.77272804233063 -3.61084767905522 0.87975771233815 0.253793633704718 -1.45561773606528
2.08317127541464 -1.13528528124647 3.11519946871595 3.56400283776358 -3.03991820788563 2.65704366754534 0.154536382497709 5.04547392236188 2.6793072008517 2.62753236538909 5.79141976299269 2.82667891474286 4.03132982098949 2.218396651735 1.49731602000212 1.08072813306934 2.14074830890897 0.188795387527376 -0.675385193671633 -0.546250771026705 1.8886530329817 -0.926297719902391 1.23951534412933 2.5944572161413 -4.02371420995881
-7.40703593601459 1.12429699174932 -2.01263895575678 -1.21161428972373 2.56634366094826 -1.8425374930554 -0.395280506697655 -0.361059026315177 -3.56050702058104 -3.10815230083337 4.57278799913246 -1.91117033136761 -3.39106580886041 2.10482429031643 -0.718703922495934 -3.39120217349034 -3.39829993657424 1.64954609613316 -3.43935865886721 2.76865429225929 -3.39873224051913 -1.68700258394887 -1.81115971916579 -3.60275149586736 3.76972839269321
1.93158557994431 2.20714503130865 -4.12383844903736 -1.55826618545804 2.44791139146913 -0.459298926925445 0.749483035431934 -0.827811656918724 -2.23995572342438 -3.24415602592908 0.923738089311465 0.590117220341959 -3.4759714028908 -0.896801037087678 2.34770842561984 -2.46024742482542 -3.82003082382672 -3.22174106948719 0.850843007648042 3.5703904236466 -1.69137924101327 -3.58693040250257 -0.621963311295514 -3.71899919798761 2.8396056873827
-4.85065217053812 -1.59070768083143 -3.34270085314075 -4.40033336058612 -10.0100533939335 -5.05707785983815 -2.15069650686877 -1.16893363313449 -2.78864103006342 0.74567465390985 -6.78722763246715 0.101691277253222 -3.66542823547782 -1.02329078280331 0.467665421920124 3.36825485019657 -8.72783230300415 -8.18096119593949 -6.71531919898486 -2.04786040727639 -3.01515344471165 -5.15801664382675 -0.966096229027123 3.06286555112168 -0.47981562460012
0.1719534829712 -1.08142798313178 -2.44920494074269 -0.530122142288052 3.77769638514634 3.85873791705057 1.46268353021584 2.07027181204791 1.17037324883519 2.94977001965243 1.25027250206211 -1.45938247405661 1.48894414175063 1.04767972865574 5.7623390493183 -0.974894269976451 1.98569892882818 -0.199026998236223 -2.93633309854162 -0.292196465293152 1.05431399069221 4.28921389498723 1.74502881197144 1.78729326101692 -2.60913120280909
2.72662231505573 0.314342130949752 2.40430198322161 0.643327587217081 -9.36652806813787 0.624553945572957 5.71734955900412 0.120682586568459 0.107765003216837 2.04971257027732 1.91297549866762 -1.82737826711625 0.498738870826555 1.54667939521606 -11.6826312009708 -12.8223985461184 4.48040772739917 -0.129338792938549 -1.1624035983463 -0.531831131379538 4.04729534060856 1.94288888044628 -0.125684222903593 -1.70079710458004 -2.25784920574877
-2.9129493415369 0.555707807596165 -3.53239341438361 -1.38414318692137 3.85907427720925 -3.28632773562819 -3.10521422815158 -2.23155611925489 -0.887839529013374 -2.82854337472035 3.34439323466392 -1.65723538128066 -3.06288498798169 1.86816790023271 -1.2391851553064 14.0898786150651 0.800441833207103 -5.79350686796578 -3.62107033678025 -2.19464718406608 -2.21070335607497 1.27086666067795 1.08206294001978 -2.22987534060747 -0.924379630270618
4.03956530622696 5.57498645095671 6.54415968651348 -2.84349037545576 -0.925417084780385 2.63697685897676 -0.780773368450653 -0.826434702928531 1.96127517350156 -0.595890150171966 -2.2191798725248 1.91179080499432 5.4218506566817 -3.22630896972568 -2.27978816727275 1.79637277101991 4.05381793827294 -1.27604914944599 6.5840035621832 0.648785500856118 4.003539872651 2.67282166293192 -1.88481268651904 5.40070380871528 0.538147463132183
-0.171145885650728 1.61711393259734 -1.19487069717492 4.95032819344411 2.7666961769367 3.96832209540979 0.873731172846215 1.25809066767668 2.70357011672058 1.67384297187685 1.77657765180408 -0.215601755468176 -1.88269232962364 -0.731752097525925 2.50898477947515 -4.4891418487394 3.5971546206449 3.81335765255479 2.03256014509064 3.18177982481386 3.10313051477571 -7.19857414529001 -0.221958092763093 -1.56257226049907 -3.32226898120904
1.96734793461023 -0.600132417606145 -3.97275721259599 -0.990638400951324 -8.86506160076202 -4.33628685830922 -0.709522088089294 0.269433546388069 -2.90379451833972 -0.386804936499844 -3.69920703364673 -1.15499545920554 -0.215375115656853 -3.04632527733662 -14.6055065328766 1.86851053477054 -1.6840192249126 -4.52151433839412 -3.78384517379159 2.39820954081071 -2.98977210045077 -3.72179449192805 -2.80992693053518 -0.350377164101239 -1.04874793478957
5.88031285623136 -1.20906820920737 3.40453955168759 -2.74596864821499 2.04023647963332 2.30314730566724 -1.78464884480668 2.54678628974534 4.37951326320596 -0.478993241051247 4.62554628780608 0.193608333434408 3.92700292754799 -3.46819523628746 5.83299086727761 1.18521769078689 -2.92325713498205 4.47548654388326 -1.20025995626736 -2.2710315440543 4.72753153187174 4.34170409502744 2.0276210754487 4.96260226974328 -0.961552956765635
1.4070694628398 -3.51154035384718 -2.27388109211594 -0.542755408117162 -1.99969739349772 -6.20101976872937 -0.709935570556928 -4.45990217681381 -3.09626274565708 -6.21484251194289 -4.41988106774845 -0.953175348464706 -1.01873359340707 -2.56809480635284 5.32599268767712 -2.61432521111383 -4.3589651237621 -4.13652030568798 1.02137717044455 -3.59836537390429 -2.68356839886341 -4.51299284347495 -0.778565742454536 -1.74028730897463 -3.10572484987089
-7.91240176180687 -3.58878975985615 0.32579444459489 -4.28475687514166 -1.42642986794844 -1.34624452335568 2.50381663218973 1.40283706465568 -0.926192294843723 -2.89542074282451 -3.15448251313503 -3.18489183995324 -0.33913119280167 0.463344557331394 2.56143474883272 -14.5858874081404 -7.5649801153011 -5.46992421514613 -1.62624957684876 -2.51763129911074 -6.84127289147732 -0.410062123778907 0.163750457437014 -0.773543400079647 4.03545103410613
3.44042777104555 -1.63137032176425 3.78753443085676 -0.672713262460471 3.38954757207223 4.07802912284351 -0.637359869522739 4.59443549041039 2.19732956015858 3.46881287411751 0.697618273676605 2.47543276936033 5.62241648364605 1.36430372180191 5.9849683469118 -3.32747059808778 8.23447481463306 1.98925520319951 -0.580305200307353 0.737351836965027 3.02137188973866 4.61677829430698 1.41315035752134 1.19304980924793 -2.20607352401693
10.0316586419311 2.97193115210715 1.85330078938045 6.29157332744352 -0.500084506482834 2.57429025950956 -1.58487563278435 4.09488896130438 1.25202092560154 2.2524981819981 3.48330924932965 -2.85340086775989 1.7653562953548 5.26809074419976 -1.48815072875142 -5.4960275737653 3.19853355195845 0.806367638091525 0.912596545433999 -2.44858681499721 4.79167053186967 3.28278893885608 -2.26199982457811 1.80522721235016 3.85480553445047
-7.38946991999577 -0.5570171644909 1.69728969252943 -1.0859304468918 7.76518886572326 -4.8609318485877 -1.76065078423553 -2.28317040342202 -1.99300831312668 -3.29533627308509 1.57213515416233 -2.39498306807345 -1.66456488090577 0.00272199915289217 -7.25612744492255 10.1655829534383 -1.38806788932068 1.0532832663527 -3.12088718123132 1.04163185969473 -4.4394176408143 -2.4336487907989 -1.33304758601411 -5.34325278774422 1.69493139805695
-8.32983692167229 -0.609872866911006 -0.851700249121131 -1.23351318629267 12.6584836972525 -4.16880136925594 1.50903313477559 -1.86266500681996 -4.20331790316654 -1.41706121162046 -1.93018537112367 -1.34476504501305 -4.36937543469285 -1.36805886371742 -5.29545918818326 2.58220173798574 -1.13913814106449 -2.14001868724688 -5.3386793402229 -2.71510908353355 -3.88667511171434 -1.09849207207067 -2.25660357629806 0.716020397181765 -1.12438251957961
7.2044210642749 0.375826357601921 0.768481127949115 3.33762252871105 0.840511084421195 1.88267222206724 -1.01643428116661 1.36827852284655 0.905906516066879 2.3725944594649 5.11784811779273 3.60971898659395 0.906866585118498 2.38576105713401 3.36069465249873 4.16111575840904 -0.24828800107731 -1.12742473822043 0.799228113809697 -0.250332130570323 1.89419179066 5.88699299908535 -2.36793849080294 0.586330240773977 -3.99319991366365
0.371380840985916 2.8887997688996 1.92288125901938 4.00135415632605 -17.7735098791919 2.71885381000151 -0.232617203433754 1.56568261994239 1.86480646743736 1.44741005740485 -1.47050371335403 -1.6735584934637 0.230205254976927 3.8496056925258 17.201800574987 -11.8135293196682 1.78785630064943 0.804457013496664 0.898687112624338 -0.53315161312904 2.43539907826127 3.39889627157751 -0.285830421496295 2.78118288830341 0.765602881339473
-0.61848888383984 0.877242594999948 -3.0493569071743 -1.36456515385585 -3.93066837631704 -0.402465490438571 -1.57237505364478 -2.87945169748644 -1.22133064202326 -3.22187381733545 -0.712539917263865 -0.274374910991096 -4.17319336894627 -1.59063097844443 1.9141285730549 -5.5504851011787 -4.66348222418929 -0.63639598297553 -3.00895423569908 -2.00875837416137 -5.36143058517971 1.14365566802676 -4.99097877091205 -4.02373859346011 -2.58716043050304
2.4662009460444 -1.7740721412477 2.88599370898467 0.973364842223952 -3.58190416473409 4.94545442480694 -2.94653039355986 0.276432626374443 3.82621336579173 3.49375440761967 -1.2091028241795 -2.4055765781216 3.49187670633349 0.484496014061447 -1.07556683883621 -7.94313401545971 4.10520368080811 1.25800350628356 0.420626128490527 -4.90184638859111 3.70295429957989 1.16976073655166 2.76317337176708 4.38129761471752 -0.000620686429399442
-3.08872778817993 -1.33089276313767 -2.76172021783195 -1.85969894971387 -1.45630342622799 -2.27631690235684 -1.1779229409378 -2.31561682670435 -5.94350243815236 0.0761429646265495 3.20438145607294 -0.846090079064149 -3.74690204083698 -1.7419006326748 -2.08152170145825 2.37351499274289 -2.42389746194086 4.4578974401311 0.354098862411026 -0.798815927825907 -4.63891421689676 -1.35231083009817 -0.473421128588881 1.60567101702676 -0.210628426881592
-0.278744335203723 -2.28792895349042 -0.388028228145194 2.24662358224291 4.55589852174331 1.28263212696105 1.53256752438464 4.89361920719178 5.01193054298212 -2.07241507558712 -3.70660637242773 4.10103437404462 -2.0758782114552 -1.15659750209408 -1.03186873749539 -10.3135695012531 2.88725725094593 -0.525574256220267 -0.751722789675538 -1.57700518328268 2.34639769226651 6.62502739266462 -3.02854845074389 2.5258901607132 2.64079562263938
-5.24303931662481 0.990087084235701 2.36175440800187 -1.48089173238378 -6.93914664389961 0.338568451263051 2.42644026686138 -0.683753502995143 -0.30314043646328 0.241917662400889 -0.48665008789811 -0.121010581714078 -5.01669294131406 -1.42058101178133 3.79752995232125 -0.318548445271421 -5.01878090472416 -3.09713219141114 -1.65426536587617 4.07171007492393 -0.506441891802043 0.0677012510301829 0.125155028160835 -1.02216899093074 -2.6147505313447
-6.67304354653844 -2.58389984127107 1.05106355118753 -1.64663810572114 1.90517310026154 -2.40593227225649 1.90074171259548 -0.445964903719345 -3.11927515175444 -8.81090113030581 2.0887119581808 -1.41659796335815 -1.96676149873928 -2.63596489203815 2.2771562963055 1.72437661249994 -0.943388905211975 1.78425631791016 0.298403663793851 -3.22432511395538 -3.3738858936285 -0.935920991164656 -0.827130128380915 -1.86995479499166 -0.64272016046112
2.29640846837366 -2.22823816624163 2.10856462052786 2.40792515679043 5.06469853406361 5.28018744536747 -1.59494797323193 0.953092408162339 2.64676551198593 1.14552835879175 2.21532442510967 -2.50453613186317 3.70175491249854 -1.4846353829808 -2.66005117051321 3.78057092982521 3.34797186171736 0.933711149623056 4.2863755781677 1.8194683862882 2.4056799770524 -0.550017250220709 4.21928485023638 -1.99919989485611 5.13659301093041
-1.66501143482892 0.231862204291983 -0.708494975914781 -1.49362204884672 -11.7276854513756 -1.93716722529675 -4.79649443389113 2.22499752257098 0.224151185638944 0.265022383847415 -4.23785606900574 -3.44214903881092 -0.388239753825682 -2.32516885264187 0.134764132240275 3.20683123719826 4.26258110860099 7.37652880436806 -0.664093980559188 -0.264831235780809 -3.2121389016277 -1.71912011987637 -0.714201135609134 -0.334460719174386 -6.11786747504419
-6.24019815497448 2.56390893790686 0.18750513338692 -2.46648278359532 -0.5354873434263 -3.10074590032235 1.80832416376929 0.836640984511303 -2.91529080333729 -1.73585123342884 2.32268809402865 -0.382787153615642 -0.067008588249855 -3.3204594110198 4.61271866947439 3.40132244644907 -1.81306484228464 -0.122210829655026 0.508736115696636 -2.50134308957901 -6.52689025088555 -4.46968348554469 -5.02827546665113 -0.396594365576008 -2.09431617868236
2.65975360713741 -1.54695075406586 -3.32399725000908 0.481070946570945 -7.75099074080407 -3.38096885612927 -2.16243758818329 0.352894601437464 -4.2211967855394 -3.66014306200978 -2.30332620308373 0.633294902618282 -5.06315853062749 -2.59972069882737 7.15761012968187 7.28363520147004 -6.78120165253467 0.513166897870939 -2.94510533265478 3.28063693299432 -3.69913927347157 -0.313279994995277 -2.5013019445494 -1.0235351331311 -4.26832771951027
-4.83067047155669 -3.57842948757813 -2.86471784198368 -0.157155663788408 -7.91010350484577 -5.52733195363252 1.93148651985202 -2.32941662881557 -3.02388142428656 -1.44148670550959 1.15463692421519 -1.94585744440706 -4.39819982977158 -2.6192288969124 9.92059918287545 -7.03937783565235 1.04501526944647 -0.604759615190726 -1.08760966910215 -4.329243037954 -3.32977266306403 -0.986339135234463 -3.01610258728521 -5.28223893938873 0.906304006909427
-1.96840727909166 1.41646445750608 -2.21054902725102 -3.72028442227348 0.368290192729275 -3.93264576668304 -2.07194765209279 -1.71465105937231 -1.75314798287195 -0.827702152058029 -2.35640679686635 0.230335930359353 -3.14432734918799 0.606771273735553 -10.132220196529 -3.72742418882797 -4.1864114780487 0.38343462617463 -1.78796097619219 4.23538551313336 -4.45459456180628 -1.86958839330005 -1.71803072256493 -1.59517910393766 -2.73403766994501
-0.410466991837212 2.8263099297657 -3.62725804189782 -4.04854408557548 -4.01446744996205 -3.26691883846194 1.98121637304922 0.581930007814028 -3.14264899215778 -2.93891997924389 -1.66008527281365 0.374982682907699 -1.83897264331207 -2.46237192699672 -3.13139439683448 4.88777923972972 -3.2783209535117 -1.61707234482066 -1.0313913264322 0.56319114784263 -3.2735330711912 -2.73573920435206 -5.39773607252774 -4.317208530155 3.61405430037302
0.516437827329773 -3.34158970736198 5.34817009310439 3.38498089820285 -2.27442059425026 4.35779033860933 0.506059421823542 4.57194057028536 3.21245820271162 4.15783886039033 2.37018081684461 0.0528588800819235 1.39038521719964 0.312227884152816 0.560005221763 0.440204018644427 3.33388236779112 2.52197997825612 -0.104505677175368 -0.391818952375812 4.2442891249354 2.2475052975807 2.53758173151807 3.36575687554654 2.27025575284688
2.92689105103521 -0.830892062946798 2.9275420237584 2.28593297856669 -4.3897701240577 1.47587470452759 1.93997048244796 3.26032489190503 1.49692454874816 0.774548294602778 -3.67280913379933 0.394017190955836 2.43359201264946 0.365388223864374 3.5123145165033 3.04120734341209 7.0445919628711 1.34726214511694 -0.684635530266362 -2.820371320717 2.0262811591072 5.51816305271013 1.70408918534847 4.40971438809305 -1.62946600868479
4.53806048764238 1.79788264842463 2.97499671057907 1.12255557491921 2.54810946297148 3.4432170393204 -2.88866547366685 4.61319298397999 3.52311792547389 0.0372021166556744 1.8413513299831 3.50546078132317 0.900310704580176 0.875892297311314 11.2980413417218 9.26342699730428 3.33651338142943 -0.000968900178621945 0.855985314382137 4.17529895349916 5.00757783247174 4.27086492647677 0.845816579040204 4.28197472946312 -0.909449906257023
1.02248421061232 2.00944275859201 2.53132716954932 6.05005435076981 13.25780207063 5.35740643561749 -0.730216574254024 -0.956408935280882 3.15824490369662 2.53322518850378 2.23337985025929 1.2978564620429 2.36464171681565 0.69572685905004 -3.5864359153607 12.0487050316206 4.41230330906451 1.58727304927045 2.7437073890091 -2.43316151689113 3.21274881247745 2.93590955297462 -0.607984028456711 1.82317839609207 0.0650677962828621
-0.519882039426953 -3.37303688958603 0.38862574405809 -1.17065180386678 -7.25431318321826 -4.69811795036752 1.03652604360883 -2.38445061790634 -0.583377878352112 0.215280795588126 -4.16261265961411 0.0164056018698651 -2.1765599219581 -1.04456832152874 4.45529514003476 6.21682922361915 -2.20442764912488 -3.21089037611984 1.35069931133939 3.87574441724662 -2.36604213921663 -2.41822945531526 -4.06625682568678 -5.34669840369504 1.65708833257688
-0.706223221077114 -4.95705647660578 -0.37279442140979 0.0705681447704594 0.0277840071451442 -1.20523115797022 1.7362634032862 3.00911334606381 -1.82127607289316 0.789227650739232 -1.16720902125764 -0.483698645443077 -4.66476310383583 -2.31319819509888 -9.90215576285082 2.7645440903532 -6.44309557275068 -0.0196537083886283 -5.00073337671375 3.16485219455792 -2.83448013381365 -1.91489210333692 0.967985656828362 -6.41007165124805 -2.42394205428106
0.0359483195485191 2.95355009178846 -4.15596756305136 0.207526818303468 -1.64862280424187 -6.86024068636576 -4.86231609700906 -1.59713340456263 -2.04395407956485 -1.80079803956699 -4.38606029108441 -0.219973783906001 -0.418159141486151 0.129950832153733 -3.83332835862206 2.58593919874201 -3.05048756531659 1.70983186842488 3.88950501329101 2.76971950003678 -4.61389642651208 -2.91295413618414 -1.5792770767865 -4.64817596829704 -1.45903097657544
-5.2099483022295 -6.10088901043496 -3.96541719229433 0.88302477320763 8.54920591948932 -2.14678939493335 1.12770828896174 -2.56371875783332 -2.74184756537958 -4.62360974184419 -4.16234746456895 -0.654940739224303 -2.59530043383984 -1.81413080106809 3.90782670659741 -3.23789418625287 -3.30120526038372 2.18541101303647 -3.63041658483165 2.09231820474084 -3.97782355528734 -3.10850066665572 -3.35089517064735 -4.78304455836335 -0.529123729480538
0.531380007416447 2.98742106373823 3.32441243052356 0.267245558613172 -5.77831948169421 5.76544496594699 0.881211448922018 1.16739991477327 3.12178232831224 0.833962171734087 0.375701865034221 -0.906613846579698 4.73395421668257 2.34259797736239 14.2279790133998 -2.65465474141948 1.56925247788611 1.01914634200665 1.51138650300631 1.78364274047355 2.49435363613243 3.79620358996766 2.64996448041444 4.41507662835864 0.10041823677403
-4.64828148148729 3.28245893612147 -3.96092389973527 -2.10906411831091 -3.00143868354861 -2.89666782895575 7.32673681804263 0.136726676528891 -1.91387698673987 -1.84093998859613 -3.35138227839804 1.17283445514729 -0.123902261167228 -2.08346561748675 0.937572114451255 -2.92671158958895 -0.624247482081829 -4.9853681281154 2.84156255747329 -3.52464367599133 -2.72413955163658 -2.78135799559313 -4.84358452185705 -2.61191673591161 1.39767736020457
-1.27740123544338 1.13547355949393 -6.75464659366867 -3.71415862504782 3.71138128880431 -2.68170112217378 -0.253354849045107 1.14030674414217 -4.69323702864065 1.41808868522468 1.6281638682985 0.635685381268863 -5.14147133517884 -2.77476139230377 -7.66404354863129 -6.32426483673735 -2.70765578771415 0.515023563918989 0.152292999282839 -3.74458444790525 -5.27504279649375 -1.29250272846392 -2.98340699879959 0.161288092211427 0.455787512849051
-2.60342185830519 3.86526274672287 -0.279056094001088 -1.64613564064287 -5.44707273144573 -1.94030802139321 -2.38686350521082 -2.79917084482255 -0.24036187360803 -2.22591727527757 0.673735504105096 0.345942323567577 -1.51762878096097 -1.01385546863485 -1.47530439787448 5.51762070263276 -4.95944796710633 2.43551955775546 -0.42749979479407 4.97509264477756 -0.244267034982532 0.89123008065148 0.274034722449961 -6.31008556990459 0.544853687371288
-4.31021936338172 -0.757932739333747 -0.273493970632283 4.38983831287226 2.00711274100323 5.02239861010437 2.62591923699902 -0.969942716451898 3.53381137595643 1.96586542205568 -0.623896460530239 -1.04777153130697 4.18176046494524 1.4354273680603 -1.48716800092503 -5.1278972250604 1.83397450487191 4.31496084428902 -1.95065773867676 0.810240767011066 2.56247511407443 0.226836152713809 3.01650903100899 4.13884182475681 -4.41071538996456
-4.17587103034058 5.00274881349177 -1.07618096985904 -1.30112018482564 10.1147784454974 -4.64294765530297 1.32205051207025 -4.65717765623728 -0.93703559414487 -2.24169808094342 2.51299231423371 -0.293696490721877 -0.790794430772031 -1.78627116882906 -7.74286113627027 5.28184889746435 -1.97459301990049 -3.46299052096709 1.22495905453427 1.89686257141432 -3.46240008301718 -2.04526208580907 -1.917756108553 -3.77704690670993 -3.54798777805474
4.78671990258136 2.29426282204851 3.70911158538198 4.65633406482228 0.541749025194439 2.48443827895539 -0.820724719104935 2.71863294045423 3.37463199291312 -0.877232162024839 -0.935158878477321 4.04102705670491 6.20707830601734 1.26472967843659 -5.5710993215653 13.1811556624826 3.94707506860754 0.679194388063598 -1.8702318258759 1.44068936457975 3.29500708909308 -2.95194681812612 1.05618502304948 3.5975839048087 0.124425651740553
1.64997189270277 2.22917089210468 0.956453895185468 1.23258121620377 -6.91280040247152 4.87141160192678 -3.33445693498559 4.6098337541173 2.33621907881445 1.96415109993575 0.841246090273971 4.2277058054851 1.16890296416429 8.61561585493776 3.24929272599678 4.79158055343611 0.291907433868528 2.55713707552479 -2.13358825185066 -0.729275518009948 3.33385045436813 5.53767364757199 2.16160731199497 0.760153564853566 -2.23403502714899
1.1725018943027 1.70506811051611 -6.19068809868812 -0.904596947094123 8.25934350860783 -2.65360229683417 -2.12142012993341 -4.57306920668183 -1.42453463379013 -2.05007345019709 -8.07858751607739 0.915165800920521 -3.75447305397736 0.370850215969562 1.03574774553874 0.110417659319588 -1.99124725859349 -2.14956635176879 -3.6249833483262 -4.66850035778457 -3.37344689216861 -3.02643403528469 -2.13629554237839 -5.61867170822082 -0.714096281931488
-3.06323368423397 -6.79500559984472 -2.33707415207142 -3.55729960791153 -11.4167468972643 -4.89209529353291 1.93045815515715 -0.13009604513838 -3.0982737675149 0.383644703074295 -5.38840994181486 -1.54326461926331 -3.22782193046894 0.421326339804955 3.50745351250601 -6.74681223895646 -1.36129651153328 -4.99311022785378 -4.38194881933997 1.74942356743497 -3.14600560029098 -3.23674215587491 1.72341757748602 0.458623490069045 0.236274560181358
0.651450671907235 -1.45970160074446 3.31650435870008 2.4460316972939 8.52836648353397 0.80478277118607 -1.39402548868792 -1.11078010856092 -0.603247047136559 0.0865521947749002 0.735916404526105 1.16309781683407 1.40790693381124 2.07038810644835 3.41228070580978 1.18345325544879 0.23822408569932 0.460554566486826 -0.871934915649227 3.59933619820807 3.41181695884636 6.84883621246892 3.29441144392293 5.68121880117719 -2.65139384115082
3.12025154871592 1.59276099080763 -6.20851659354387 -2.01219400038646 0.854794476087958 -3.49598627056324 -0.196119387004668 -2.24033580108327 -3.97408974084576 -3.28146678927043 -5.41829595142935 -1.52656428990399 -2.8080009619767 1.46116369007909 4.73605492373984 -3.41625551196968 4.47903176848109 -0.446107317878763 -1.15529141751096 -1.68948919077219 -4.91342642335498 -1.37730395523276 -1.84994540215651 0.677429688769171 -3.86871592297125
4.25541697314742 2.25626177787893 0.668915147523912 -1.01131663920621 -1.35490156869154 3.04092699121906 2.03376732293269 4.92733374108147 3.16575505649797 3.96746138629964 -2.0902247341031 3.11868999183076 3.83303330476291 3.89642726822033 0.448470954918617 4.46123705440927 -0.272501556344074 3.16827109067669 3.24907640930137 -1.67682887447425 2.60905481900076 3.48396676023958 0.496434771324787 4.11771666724297 2.8843120002515
0.124734613344983 0.862846571782474 -3.63150009048215 -1.72560914498158 1.84001614669946 -3.20824574900962 3.52324235354592 -2.39431340431148 -2.87505187773759 -2.56475652239481 3.61409432885234 0.535938916933646 -0.70382655868587 2.24843063612083 -0.495510615469525 -9.11957086298534 -3.44715509012179 0.536414680226274 -0.85053388122003 -2.21820036728859 -2.17437395188283 -2.44757846056731 -0.745062353594579 -3.04927315672003 3.16641098526105
5.27530331317772 1.15544425757443 2.18823073667927 -3.12285417795166 -7.50390219196533 0.930377690745505 2.05238161379225 3.43797261504927 1.74182684727307 0.541917076118841 -2.68843860444228 0.228908686743993 1.92251175857133 1.06779580888219 -13.299574987411 2.25480777045053 7.18041272004562 4.44378586834453 -2.19724050589175 -1.15719159226125 1.71839807729521 -0.100984611644893 3.66252086558097 2.2504804872785 6.03379789060303
-1.06980260476931 -3.66155165163553 -4.57928837070709 -1.28575988302527 2.17600772831911 -3.92607781547084 0.041946303593988 -0.487508026036876 -3.92353569765814 1.60556195050906 2.25046127038527 -3.12798353671672 -1.71714025088094 1.57114722175179 -0.668444663730167 -3.66106900727185 -1.02813349502615 3.44254357801024 -0.483269162580138 -1.90888109102612 -2.94225861277375 0.156652585358978 -4.72480856546792 -2.79795169383223 -0.138605181626618
2.21684779897092 -1.68473365659678 2.11388408066146 4.39656324866335 1.22508162414595 5.29804953885124 -0.760061388794462 -3.20916585373191 1.46527256866961 6.01918017770082 1.99851573274232 2.92310992248476 3.01122580230714 -0.910817334594794 0.313481883261465 3.22078365150626 5.61659612006848 2.49248179518589 2.45949191297604 2.17284958385832 3.14680498269268 2.7020722233718 3.00701506681556 5.48850588039985 -6.52169603787793
2.27381388288798 1.16063087723872 1.43102243370339 6.88842237483929 -5.86004145115388 0.837837420050095 0.614624895490229 3.13692203387258 2.07405871192223 -1.13683490007264 2.95613129476346 -1.46778047232219 0.260437962899098 4.02175792820029 11.1031211346028 -9.92048221718229 3.1633516517852 3.53931503404334 2.72752957334551 -0.11305013581854 4.644009210805 -0.776051103153031 2.82513555728026 -2.26218313505968 1.13485349514808
-3.29069226156591 7.05482682808296 -2.1993921766549 0.17130529834144 9.60884710376333 -3.05678353415466 -2.0448680652529 -0.871971371641886 -3.23626539467513 -2.49640692507059 -0.289656766773154 -0.576913241616217 -3.08632613954 1.62517864993333 -6.49847499128441 5.14867114165062 -1.55547778556352 -2.62872795678652 -5.40568104940089 -2.85076380599704 -3.83723041197028 1.12273361143563 -2.92324224938702 -1.16968637688936 -6.91520402126657
2.59062685362579 -2.23778578385602 3.90759349179841 3.43607350864514 3.160821726622 2.87075862102496 -0.303216865938154 0.77591803481676 1.25361698236012 -0.0746097633640039 0.19880120015032 -2.39252043118843 2.53696291889896 0.992007539565278 8.12524140570889 -2.30197603896517 -0.162033950197839 2.1333523685991 1.05842139945679 -0.285156777693937 1.36971292881696 1.84537288249847 1.44223142452568 5.39366199531283 2.46911500304533
7.17001868096372 1.91597967863874 3.67821099810571 2.78166636414577 3.66915502979403 3.35254482193883 -0.506985227103326 1.01395821803242 3.49518012077068 3.04509706120904 -2.08492006094797 3.68686128577351 4.64590910488976 5.35453908564823 13.8335541693481 7.44596546822518 1.49639335674806 3.88759173694811 2.16616060686334 -1.02868281227147 0.672935980889156 4.76997300852852 2.32078944090668 3.70643320411157 4.8545748442676
-1.24123801019509 0.374540770709023 -4.21407153040971 3.68800879689827 -8.14473235132386 -6.0903310724171 1.86779349117857 -3.36355819598075 -1.71673592893861 1.49726518948207 2.75481592510837 -0.338400741383909 -2.69330103050667 -2.35422383114714 1.40468109050423 5.84579880250308 -7.47694555555991 -1.99185261475206 -0.573289486720692 -5.02190973038661 -2.87926535795458 -4.21476720552448 -3.82292561209721 -2.80744065764277 -4.13413841467098
2.78182395108326 1.56028817127815 1.84203814841804 2.26406298501186 4.56971889999644 6.44425026951145 2.73021053870261 1.60110343823709 0.397421024238651 4.50703502823835 4.50649052057576 0.735892783910105 2.62920285169546 8.08534745273266 0.102584343019672 -5.49016517543591 -1.09032829660147 0.845933032042981 -0.847412376951721 0.167801130057417 3.5844765130415 -2.59903562700098 1.43470925348142 2.14821318060298 3.83459075861429
-7.6674072523205 -1.30135058544594 -6.35463076397758 -1.12487936245474 -4.1069408826189 0.0043985104464892 3.07483430048867 2.56461604268092 -2.03622387963525 1.82794024956351 -0.33562248670398 -0.776151315184739 -0.515208202835532 0.0118709034620725 -0.0583234857619977 2.36921450200821 -1.47825327538095 -2.91361473009916 -0.654257931399805 0.714564712156323 -3.56312407552704 -3.7457732941956 -3.61764635543269 -6.33062155800162 -1.60015865473785
3.85648483448311 1.71510650221683 1.14031398345902 3.7458827670342 1.47982815173633 2.22555424906363 -2.987171722335 0.391613753138524 0.239602074060018 -1.16589275401736 0.037655820569927 -2.56575331197046 3.61216100368112 -0.834284907134113 -8.47563891528471 -1.07990424419016 -0.208876050722718 1.88094445009499 -1.67705729062147 1.47566030820459 3.61264776576183 5.30404211480687 -0.625679204664036 3.7346770868875 1.75494247771011
4.61671949057009 -0.461985082005516 1.4689937450301 -1.98968999069231 8.62818771919974 1.06885485136704 -0.483867711864571 0.752473795420567 3.80092527844494 0.703953358733053 -0.350256945620013 1.74686815680471 2.5564029605935 1.40881643622009 -1.46224179762871 7.24535792927023 3.48110477295895 0.0917167327516879 2.19640047447994 2.25731691824813 4.43079288770742 5.10613858193458 -0.913128534515466 1.215147487094 -2.61379900858932
