x1 x2 x3 x4 x5 x6 x7 x8 x9 x10 x11 x12 x13 x14 x15 x16 x17 x18 x19 x20 x21 x22 x23
0.633992226224086 -1.96241046226213 1.92129320183705 -2.366491345219 4.14917451668515 2.60459150188277 -3.61921578186362 -0.44722656362058 3.13757434053191 2.62881247728774 3.98365009815554 -1.20392270627831 1.77765680330087 -0.0147601478131167 0.895881350488748 4.00493365186641 -1.07380696388765 6.20646523762218 2.33771082073622 1.12303472043543 1.42986991957464 5.3807017659886 0.019703475955765
0.562818401979924 7.06123547867357 -4.08900390037067 1.16865308261617 0.53968639810322 4.10125505983771 0.659004368628141 10.3579008021452 3.12334158213157 2.86400403050875 1.19075138806684 -1.81291514051566 2.62760828180035 -0.624196235998173 1.24756591073418 1.87076359632274 0.705716106528803 2.6421784909805 1.45443155088981 2.5125901695089 -2.87151870974542 -2.67792575811803 0.716664503076133
-0.876490990630848 -2.68225955596207 -2.91467538108117 -0.577698200172644 -2.8717309131847 1.37305576729372 2.95981087361084 -2.99357176721563 -0.680001607896763 -5.26535946500579 -3.16639354008592 0.0761695944337734 -3.51169269463655 -4.15788519601033 0.611377942152073 -1.66438671314635 1.63414185378531 -0.532699501392423 -4.96818751773704 -4.87322512095619 -0.932837495832592 2.87950764634822 0.359178472835772
2.05349377281585 0.898394250321022 -2.27307114613884 0.636109610711385 1.11464337387476 0.877413362679161 -2.17232680231555 -0.334099214746849 3.05964240041057 1.60349927410905 3.11390586933782 -0.361664763184386 3.84651242708853 -0.233733234719194 -1.00938019052869 -0.744370394890959 0.837140819221465 1.30160308485471 1.25288783221437 0.254553861538419 3.32815125914295 0.90446489111676 -0.430357355300176
-0.848159981452865 -2.62752899852899 -5.32001245165476 1.09265242332823 -1.31499466420202 -2.23320525145151 -4.2240206065661 -2.02101545859106 -1.48028181318479 -3.61206316141536 -0.0892698172431072 -1.4895016226373 -4.11957772780166 1.99820825574136 -1.61093410001035 -1.21026716931192 1.14665152378545 -2.58726163931544 -3.53235624510917 -4.13448184094868 0.895413336679462 -5.36099240033943 -1.61664953629527
-0.562514456338226 -1.82995883317361 -2.02886320806462 -2.85295703452711 -0.244327983391864 -1.68446170109097 5.82959090433193 -1.89499550572393 -1.69807410769467 -1.93464155893249 -7.22645378778942 0.668590884233132 -3.67166541890805 -3.92598681841654 0.968995192265932 -5.69729123916213 -7.17881555565755 -1.15266437145671 -1.57756269818328 -2.15276475591671 -2.06839731172931 -3.66009153681706 -4.50539212118306
0.513876378416371 2.37201222370592 4.99823057990498 2.00286079986 3.58093851641457 1.71146181349626 -5.3608811453988 -4.62762998179297 2.51903664849996 1.50529385698699 2.1756063506451 1.32024059544358 -1.86323347915663 1.98961701740366 3.44501198043186 1.29194857179014 0.427873376731185 0.527413249067509 4.43397276693871 3.03675987595403 1.42412345200416 4.46074676327568 -0.508581951699494
1.3750687289536 2.10328702908876 1.53813467978001 -2.46772279464672 -0.290305054100603 0.749155811799807 -2.27223507997633 1.05030795075449 1.20269490591707 1.30708262408647 1.30540360181336 -1.92214398257082 2.90558727844193 -0.149424455754142 4.14363542463068 -0.786459619771156 3.73308732978013 -5.37753682421772 1.31259319465393 3.10188004505361 0.573765437845578 2.97750373014084 -0.574071664055551
-0.692460314784881 -1.80617925550442 -1.43561184806295 -8.82755470047278 1.46829275901749 -3.05957425897813 -1.82797253106467 -0.085194575830579 -4.7751772046524 -5.01299018886357 -8.68335359505478 -0.886589408927904 -1.95612816992577 -0.528413696912032 -0.341269390775385 -0.0701219491074032 0.409233564212426 -1.25099299632634 1.6994001453977 1.69828780316701 -3.0668979278688 -2.93193895807645 -2.93734785786169
0.39247293550956 0.550759678053139 -3.69136179380016 -0.118364127688753 0.285488650640158 -0.154296263678622 0.536365860800079 1.07618107057839 -2.13789343258883 -3.58117605548439 -9.9719674306141 -1.88290991130992 -2.08959668932445 -0.318262144090173 -0.561018629212202 -6.43874073446652 -0.109021958330887 -3.28046587057767 1.52773181035158 -3.51302460646391 -1.00379825802818 1.52648435828413 -9.09231040006277
-3.95296257603184 -3.3121173868027 -4.21471810724766 -3.56960241478454 -0.133607880737662 -3.8394298024428 -2.50308147536166 -1.49229522371252 -2.93273378193567 -2.52192654291269 0.601468397301582 -2.63159615444894 -4.2648185199496 -7.40566500112069 -0.520835757175668 0.279070505713761 4.00816366463734 -2.11358308823474 2.68814592605366 -1.1808898614053 -3.84608025552445 -2.29776316275456 3.71126086742709
-0.17061995622724 -4.89190335231366 -4.80726541675338 4.62692897667436 -1.98408221903661 -1.79819513138599 -5.71405714262071 -1.20274507260971 -3.85902724290404 -1.87545656020627 -2.37959802340291 0.286665475070334 -2.00457181119664 -2.65736698168765 -4.26388475167955 0.10607251765486 -0.478684135009248 -2.57972475723016 -0.953165728371749 -4.81366299479271 -1.50076939278354 -0.990857491175323 1.06477108243637
3.34292992442279 3.18484027737763 2.7175775269856 -3.65614078296142 1.32384482340142 2.62026234256315 2.3541502551918 1.3545093148992 1.7333955888141 1.79954051282376 -0.502615322728131 -1.47024461391346 6.5412875583194 0.0337657127975537 0.173059983040519 2.36798803504818 2.56780848298917 7.16193325079162 2.47321013050843 0.291038549717374 2.63779837567087 0.494766137949708 4.40143478655789
-0.00702607732119676 -0.687797304239634 -2.14209052267023 1.12855031834621 2.70671905678932 2.38436671937573 3.07568948002371 1.83480842106736 4.72513038106215 1.77713324907819 1.85453074103987 2.48116852996928 4.51308055648062 2.73959029562551 -2.28218959458533 5.82772285621433 0.734100654458357 0.321333844827312 1.79559285364654 -0.463222088584082 -1.06920086974215 3.18282363542158 1.57669441725603
0.439781753820293 0.197444575082855 1.48271651674529 0.356011426691469 -0.751512508655231 1.6994458067079 -2.57832876582368 1.30269575262488 2.36511900630663 3.41248274598477 1.87054510856139 -0.942195757760899 3.11137109758278 0.204002000913609 -1.62736134638105 3.30045653577537 1.2634478731404 -0.422986299607141 3.36293429913384 0.892123913801645 1.40716454753949 4.19982220260376 1.67237947873181
1.37570965528891 2.14183247829476 1.40808470638982 0.63659025725125 0.198005611741795 3.28884968650949 2.22208948540975 3.52459587064391 4.24806377243058 3.92975443482028 3.86969119315338 0.556566103063708 2.58751577052864 -1.65669071599118 -0.116676375912913 1.02316642120465 1.31482379842689 0.338767235127598 3.09595775091446 1.77323084654548 -1.42499846203828 4.29456949213678 0.635910948185445
-1.17849659012281 -4.30310947194344 -2.55014623854051 -2.78820626416659 1.18541562751358 -2.20830294869738 -0.709045086683513 -2.56983804982964 -1.94193980623051 0.760452765910208 -1.57205725343355 0.401849723021832 -3.29089297517254 -0.882584175883177 -1.91360715521831 -1.6277319034317 2.41247279854727 -0.784538093921216 -4.8842571593984 -0.371915156207919 -1.54562992084542 -3.059441662365 -6.55616525541791
0.383074211609115 -2.66723120687146 -0.957657317411675 3.49608911405095 0.386451284020103 -2.10212652533642 -2.32421708969149 -1.51346054940723 -3.17205300363777 -2.43011397477348 -6.03122946547784 0.411267214395328 -2.60015500430009 1.38850414671134 1.59601345598679 0.151980111622284 -2.69859785377404 -2.35808285656257 -3.7182676721116 -2.64346799547826 -2.46959051717152 -5.61790728676865 -4.9103438329997
0.888153316429739 -0.883528004875948 -2.7264696423223 -1.93347515285502 1.78044722583367 2.75577822976633 -0.640145962738683 7.70058506422839 2.14322923844904 2.88978893148281 3.23321617166541 0.213455439643729 1.38630342539621 -0.0656964970527685 2.28044964431096 1.45728378814931 -1.77219395032785 -3.46636835948023 1.70052443650144 1.56868994955594 -2.75615074354917 1.11875608159829 0.903332831416481
2.3767701703601 1.00832737179998 3.725730359183 1.80640528346073 1.0989401389852 5.53621016297796 7.02083486375937 6.77224660652129 3.17976321221507 1.15576497661933 5.06092305898763 3.30170577529289 5.23217569331709 0.786043375484931 7.33362084417173 6.19117375051306 0.472162712197429 -0.545069214908265 2.85328983636683 0.190556055978505 0.0641239427460491 2.47554795329656 5.58685781941119
3.5392328280738 -1.19185909449328 5.66195604230423 0.296899629238991 2.01841124135736 1.64696448352885 -5.61582371840216 -2.29802015810267 0.849595447900773 1.01061709603539 2.83842102418289 -3.98871187666955 -1.14770287972111 -0.688773970231159 1.40890335169553 4.38363232772913 -1.61612595300832 3.28300654263203 3.61620712334765 2.46235686946216 1.38385959690615 2.81537681732577 3.08106580424234
-0.20972770096958 -1.65291521746972 -2.66093149077484 -4.72350922177109 -1.22476002692813 -4.67598841850091 -2.04627899387647 -2.06169507936851 -2.89992337090514 -1.63748913841483 -2.21653685509545 0.234096336694211 -1.82131610060162 -1.54220593298699 2.86849607388161 1.52173284445826 -7.65602117450392 -3.50366016193181 -0.615588371198431 -0.980789430887081 0.770402849296841 1.30221738452999 -3.13575451761316
2.00452970498834 1.48559041672228 -3.79071881749023 -0.0253879918758118 -0.425074436482964 3.13179567433188 3.5412983229688 -1.76747194562663 -0.647692201129352 0.314688213513042 0.381328972160103 6.82867971350142 3.18102510858067 1.8928804326284 3.47823077757585 5.89059873447117 3.64697955430531 2.67473807770989 2.97032280854977 5.39018920159521 2.4593621360523 1.95711903519967 3.98393816152291
-1.32185744776239 -2.32101982217706 -4.18230496631591 -0.490461603746389 -1.92090227907714 -4.99538908683936 -5.77443501447844 -2.58763437067559 -0.871216005932063 -4.34883946325025 0.599342196174831 0.148665234314022 -1.32192842750805 5.9500165979199 2.6695515323473 4.43265370362639 0.623403367069614 -5.97489962849748 -5.69122230231249 -7.53817059269969 0.188930095848247 -4.99661765994569 0.313917609618817
-4.05461610921934 -1.89685985285256 -0.458598545996712 -5.82545623360799 -1.34906397971478 -4.06647477115779 0.479396194479676 -4.31313794747849 -1.42973327623849 -2.61901376434408 -3.70512416817575 -1.92564270636744 -2.46651675781689 -2.91563788764877 -3.52600858890265 2.91054636425416 -2.18420134297163 -3.49038351950719 -4.02478572703257 0.544649475415542 -3.84643678015841 -1.59673883375249 1.79152834985616
-2.62299615496753 -2.09696954740737 -3.95526158497828 -1.36955735813636 -0.831679333355674 -2.73821575166809 -3.8962189880518 0.422569372566125 -3.78700937029568 -1.80751050520582 -3.11644929340334 -1.14806420347095 -2.83252494575578 -1.09934893925549 0.686004704699406 -7.2217255573339 -1.34777867017267 -2.84804192458292 -3.78460859771223 -0.367669777999527 -0.79366862034158 -3.36740204845153 -2.60272307839032
0.254726584409312 1.76343827864154 -3.1925346662681 -5.16583717614242 -3.33827172466398 -4.93983908632404 -6.59236850923141 -6.14730923440444 -3.08652024542907 -1.33203122921941 -4.88096536027779 -0.415085029230697 -3.51657579188378 -0.183295812314966 2.80920863925668 -0.80551664073043 -2.86628690011547 -4.00781693664911 -4.85605947378877 -1.89961104441979 -0.0390482738886883 2.52789127574669 -2.85514405842304
1.46688471425333 0.701306830926168 2.56102669024652 0.491826206798261 -0.0179067744180581 3.94396351205928 1.70336385391521 -0.646027359092179 1.5593457553533 4.90524071939445 3.8183494541428 4.52818454734894 1.20818779406145 1.01234359912637 3.18594145779325 4.49409227232091 2.98798392027776 5.86961064852207 2.53217763643208 5.65364093173696 -1.13088759914232 0.00422334727956031 0.188285150417018
1.23025489085826 6.11755066626829 5.61072084589599 -0.0153411721756704 2.88688069784549 2.44180094288282 -0.82853933017381 3.52002192684823 0.184294308409652 -0.736395319088087 1.42506377880689 1.37223587697368 -1.23054463044244 1.91988616299442 -1.20706107953447 3.46925173815328 2.82299592993469 2.10246473063322 2.03679324903043 0.23391580323332 2.19426013961091 4.19311598954874 -0.299674023258433
1.69850647455481 4.91495785216035 6.13538770423268 -0.455330515186673 0.934777151692456 4.3480422362904 2.09900983724364 1.27460469124513 3.91095029928448 2.56341520956147 3.19283625990401 4.98879541122539 3.52248408135823 -0.283938560121347 3.03439171206572 3.21014462406835 5.0413416150575 3.11272277072759 1.2572843308014 2.19882635897685 -1.23870356229061 5.9583117622157 5.94127651665739
-1.05067372282659 -1.91981315011265 0.687234135086772 3.5087144772655 -1.93172502445018 0.0367567037157248 2.97345614185805 1.40860680714976 -1.63233366231947 -5.18552105937836 -0.242123851583469 -0.825394595457303 -1.5484078922347 -1.09454114833373 -0.404440105541031 -3.66542399864335 -0.408489845993509 -0.54864485382072 -2.00711869468942 -2.65284358245638 1.42530971176346 0.871528294025959 -2.63404775388558
3.33565003332141 4.91391207704343 4.48791070753485 0.990439281121594 2.34423065102759 0.245700254571862 2.04843997717592 5.52341587322579 -0.396422979590608 4.76578138432879 2.85211276478844 4.37923074807873 4.12334410185357 0.236436015098263 2.20349607305756 5.7692464063668 0.304063981425821 6.20307359991697 1.51408817327075 1.57903565033417 -0.432651518418458 3.63151652497479 3.59300462848229
-1.15092614644349 -1.43192800547045 -1.51455108103976 -1.37623365184338 0.225724292615623 -4.06037263917031 -2.72438209251729 -5.20378740164942 -1.5474584100139 -4.54536092829651 -2.88555218166738 -3.04738942297485 -3.2443028555466 1.64520001454103 -0.120023001933566 -4.81062838639553 -2.98451345492769 -0.140897388955844 -3.09336134797124 0.485952822830663 -2.74055339175523 -6.395327233406 -4.59552985033048
-1.15554184546974 -3.19255530280444 -2.38167639569928 3.78441948719503 0.134079841309539 -1.92018226169815 -3.88643297044343 0.68544670005462 -1.97143568444052 -3.35312371222394 -0.251404756736993 -2.79957703449004 -3.74841929061899 -2.2287699123829 -3.3692930562443 2.01205600667305 -5.06576676005757 -0.626988915505094 -5.78397369997741 -1.19988124479518 2.95164148002342 -2.55364517927718 1.87290059542808
-1.70074452870178 -3.2549704321201 -3.62045118582265 0.364184370953323 1.44594398421471 -4.24088042813101 -0.0765986969697633 -2.31270716884926 -3.35704863363582 -3.3026285305506 -4.73322535051092 -2.3595727421732 -3.39268924860415 -5.01518781971122 0.256788783537734 -4.80491866201715 1.85410076827857 -3.00296043722297 -1.20490924619141 -5.35908938025386 0.0176880322799364 0.58510005525304 2.54789226522817
-0.942578549965438 -2.31051129702372 0.97574392427176 -3.39623127048419 -2.54679609745188 -0.58176517824237 -0.201367896365 -0.581862489010451 -3.06589142089735 -2.4881680531922 -3.76129938903422 -0.0779016616540718 -2.12725721612209 1.59902781792517 -0.285392356175507 -1.47157670966159 0.708590842076113 -3.66496893201518 -2.5715636611379 -0.836550249077735 -0.655700581853796 -5.8162695143531 0.162813921157841
-0.235383687727194 2.77906067731701 -4.46197070968603 4.92553201771933 0.605314849428841 3.95429049358176 2.4105859918749 -1.16701782827489 1.78181976215495 1.19718201440001 4.73520621025322 3.2403368526406 2.78614704193462 -0.98079039418192 -2.30215251638927 0.825244253387822 -0.17518548502364 3.5068580902574 3.774695855139 2.20770051651733 -0.751543953754609 -1.74403928370429 -1.17503850934685
4.33314444662242 2.20211820468236 5.24457406132175 0.852405218661467 0.919100319157488 2.35855442775284 1.91026175749373 0.390003554177164 2.06759749934054 4.51413047282491 2.95173927584071 2.95053883488771 3.07691596950607 -0.169668006218337 -0.210653430006038 3.40215092938433 1.58720393541031 3.86539596864598 0.220479912831438 2.48649364496471 -1.07979532258211 5.17828442397776 1.64837257999726
-1.80832221058574 -0.315463089333755 -5.89229338360748 1.99908111043809 -2.45008594801725 -0.773691415274572 -1.56270455955424 -4.2579011054604 -1.41442141194875 -1.66766201147326 -2.43253902422783 -2.21024567888608 -3.76062633490507 -3.26815381923276 0.896782607056639 -2.6481574636889 -0.172257299234689 -1.6331117390918 -2.91157117826958 -0.987482624776294 -0.600719620637222 -0.786393916582357 1.59012515574348
-1.57646367710588 2.27986959028652 1.84402543879613 2.05964128712842 3.45602235632446 1.44183244518088 2.53001522286402 6.24510586172979 1.93504800652135 2.69471763984209 1.35178691684201 3.06707664152988 6.69870095750402 -0.304608434420553 3.66128327876413 1.59672981536059 3.17414748529554 -0.593545085090499 2.50718919514993 2.70892101454082 2.77291881675573 5.11482041477171 4.09745398490592
0.799753526484196 -1.14035335597146 -4.61697190637183 -3.19322818269119 -0.593017043012932 -3.75818193969595 -3.33021234475159 2.42786246900249 -1.08992309740687 0.673113482443108 -4.91724607289603 -2.03947268681566 -1.43785476581713 -0.312482722371512 0.38689036243803 -4.68612194570526 -0.46367702178007 -5.65258414234722 -0.896857959422594 -1.21096702831746 -1.41832405995553 -1.18825143875418 4.43596166905323
-1.9861619576024 -2.11276447523202 2.64357482336659 -0.491806596588187 -0.0256994352700439 3.46849459737816 -2.05599947409234 6.85645619672641 -2.18940350163654 2.81542247158994 3.20851845022932 0.207419409419656 4.72325887753591 0.477169672898833 5.02170016420274 1.37261177493729 3.53330021803108 3.73898999457945 3.14029233541557 0.0318122302493165 -2.88671689216818 5.19268585884511 -1.36867719552476
0.519269751770334 -0.218545369761841 7.42113681234585 -0.754061903681166 1.98599918012729 3.38744119787885 -3.94543016257803 -2.32849100812476 3.78404214872401 3.74382279759959 3.22079716672933 2.07925766801655 5.12047561397449 0.667583042968619 -0.907003001515343 1.22196881393466 -1.2705020994594 1.66529605083754 1.24827405697006 1.44529847324711 -2.45305400152954 2.05492618098319 0.383877524972506
3.19881851151815 2.45694715228128 -1.83863032678616 -0.835374156245549 -0.574656808099803 4.03373619178329 3.22099821839695 0.368029750360615 2.67250672040633 2.01344310462007 2.83473127028867 -1.30805175017669 5.24289706704367 3.6745893491219 -1.77444108272596 6.43413337635014 -0.0198202347713095 0.573614263313488 5.37790851894242 2.20869474071417 3.54960848746255 3.01170394817952 1.27290984132962
0.961176288324141 0.216397083504417 4.79894352184845 6.22399740126109 3.1130845959662 1.76297211892394 -1.75650149816581 5.10664219758455 2.4484303520222 3.47009838442168 1.02212253341282 5.6566750047165 2.46444598473133 4.04862306520765 2.31913469284475 3.77238331636021 2.68329898106368 3.05340360056817 4.15100738228323 2.22412904258654 1.20224391062891 2.65330400139389 -1.90744782410094
3.22776433348304 3.87885251516948 1.68235295744575 -1.7228166664063 -4.35413185244977 -1.50572285795726 6.164864598391 3.0177339354556 -0.182694338956442 3.39208360938416 3.79486619951301 -2.79091859593497 -0.393000583100242 -0.299805521811301 0.450967578381656 -2.12375064392533 0.813332742990798 4.77844371229697 1.19547887378297 1.74557607342849 -1.92856955603658 2.69170581130317 2.62084146628155
2.44407198109313 2.35138356650021 -0.413422558498452 1.18407550129946 -1.02936299491532 3.7710837641199 3.71811333903599 6.77456349285349 0.00626868628103106 3.99444980656507 1.98037665091115 1.18106557015301 6.59855283345384 0.0507380931353949 1.17722892718571 2.41854277922948 0.19272346761041 4.32367822147105 3.92023578585417 1.80796606981842 0.89225521008362 2.16913748753562 1.16842957613973
-1.08571425125752 -2.25897713223734 -3.68805044196222 3.71694117964431 -2.57828050163427 -0.449956084003829 -4.77331987795873 -0.630207998920095 -2.37796410507643 -0.425831817866199 -0.700770037425605 1.73149361160216 -2.80654311019883 3.65982650530745 1.18428160768821 -0.859111573778892 -2.89425134457242 1.10194592030157 2.0573937047975 2.98166574336081 -0.4533836175305 -4.36138759481767 0.347555783702604
-2.98214807750094 -0.445325361725606 -0.314062121196556 -5.02682624478358 -0.00040445516427523 -0.596339633832952 2.24477801595456 2.60646999022064 -2.71564893966582 -0.936223534832862 -7.41958336813242 -1.02240783207475 -0.663236936446866 2.60029375768271 0.0387028092440179 0.494646410869226 -0.140787113481889 -0.571574386112525 -4.23043242843957 0.239631016531314 -0.703790917235783 -4.10785108666252 -1.99438602316395
0.716873154995731 -0.589751437711437 5.54802960655467 1.69543033012226 2.30470733045091 2.2833561273136 7.33581904057766 4.6165312643104 0.992294360285353 2.19583592575279 1.15719707168581 3.23259159463054 2.75521815454984 -0.253613525161388 -4.495978746309 2.00861588565478 1.32640524679826 -4.50758626969304 3.94845269628746 2.93392011738999 1.05362612935664 2.26245285124903 6.49316011515976
-0.797764113966769 -0.855146574483354 -4.24424973308297 -1.4651550259459 -1.28423989756667 -4.65909939520926 2.6220924172933 -2.60248560667977 -1.31236966871216 -4.40642522865055 -2.11735789131176 -2.86594313090304 -2.37024398210494 -1.18916491892366 -1.63749139800992 -1.0949200499424 -3.04595392863853 0.157883419375246 -2.6821188862457 1.38340403979294 -1.31739032771451 -3.75343504554839 2.15624753069658
0.407679785172736 2.30593733663048 2.78421677336009 1.0378934044448 2.55187961635308 1.05743822107429 4.19800834749674 -1.26264000397733 0.918572382010626 2.86903536133546 4.98498220869719 -1.06199214083574 1.62709213661002 -0.41541424885218 -1.24768550378325 2.39080457768129 2.71827335882078 0.613905098853003 3.11828439067155 3.31351880194398 -1.26375052494397 4.74173872235102 1.61222417732668
-2.70893576894558 -0.289930212317056 -0.236873333058787 -1.612439971849 0.498593950058404 -1.03049250961613 -0.742646778696356 -3.03751865567102 -3.01364688816129 -0.794358127237586 5.29381047120027 -0.599120568533181 -4.38446070042609 -3.15694019053685 -1.18709491839106 -5.92888868408765 1.02716351224788 -1.19189207249332 -5.05373662357755 4.47929048938278 1.46542601626549 -4.26135062946016 -3.06493785037013
-0.173076069874077 -2.09903484888433 -2.86943733557756 -4.55756499056662 -0.025400696948188 -1.11680448504506 -0.241343113068662 -0.749118764664699 -0.478036018488742 -2.40442386489304 -5.41402646942604 -1.82279515949109 -1.61724282003661 -1.87481981186327 -2.39249853895128 -8.48355890733543 -3.71976340530236 -1.46957371620926 0.275080992256766 -6.79092675105485 0.0234597095418224 -2.83253504585272 0.562569262423428
-0.105866921971487 0.358252411968437 2.19442950496299 -4.20565516703569 -0.185431291723305 -0.4167346909854 -4.47085469688802 1.9148434122726 2.22874584548453 3.98091727160401 3.32080362262201 -1.13612802863065 2.26435625212138 3.37777940407413 7.45260786015806 4.44696994558861 -0.262083229754331 -2.55657412351313 1.79751154889511 2.497821295886 -0.668836407730671 1.00316497629137 -0.407338529568885
-1.72200065891996 -2.16076204829515 0.51437962026916 -0.316319317995838 0.469422489360651 -4.75655563752487 2.83387183541688 -1.23302810906426 0.221625979312004 -2.78133355781427 -0.684888577349589 0.715227982869483 -2.9142175316964 -10.0552186375369 -1.206581430917 0.773437478355936 -0.101956990579605 -4.48940530433007 -2.01557378425921 -3.00964465616487 -0.0755692622176046 -0.326444396563966 -0.83633332606167
-0.252350866279367 -1.96851533549661 -3.17657972732483 -4.68463310721306 -0.47791113316368 -6.53754228472732 3.10715010688456 -3.64149627672585 -1.46974421942375 0.292004696101275 -5.75246944314664 -2.0889100236639 -2.5961224744801 0.540006463325897 -1.58017682948842 -0.554964530048061 2.7786989770289 -3.25112683690856 -3.52684552851854 0.0899976857358395 1.26151925116866 -7.87280300127752 4.27163942318427
-2.11848207842104 3.80447862756864 1.66399871470683 -2.7367704930979 2.7953525288607 -0.4779706690281 -2.06622389794312 0.850516666183564 3.64410840862216 2.79711567379233 6.52975841620151 -3.08327481295738 4.66697965840091 0.648825607494204 1.03632897244106 3.11393396087616 -1.82236589464585 -2.70606661626502 -1.06538801802709 3.87309853239473 1.35769814898139 5.62563070043742 -0.278088733136118
0.604411291059921 8.48235697117448 2.38335926502318 2.3795172638127 -1.96779390354279 6.22886472197448 4.49034366269823 4.31332888304871 -5.29374474014004 2.0238470943054 2.12822205483336 3.08912248977279 2.00271619709505 -0.505768111393616 4.08940109071684 3.02892997965186 -3.8293693059786 5.2241304835564 1.49521371669305 2.64559226672101 -0.898384528664769 3.0840899555667 5.5536345004965
-1.49774193567154 -0.4136490996505 -1.06711770592649 1.66852123427332 -0.697114772498508 -0.769131055233136 -3.17340317187776 2.57101849509824 -4.0992293227915 -0.496836562396735 2.9100661966698 -1.18852404608801 -3.09746404616271 -1.29029680763495 1.17472594436439 -6.50197499603164 -1.85376076027135 -0.891911236993259 0.456274454710004 -2.90755670802878 1.16109037578364 0.880239230708549 -2.00760965456752
-0.301015713110449 -1.84965625148657 2.16844275290898 -3.28124496846769 0.183498281425802 -1.3513673650945 -5.76098942605088 -3.15709074903748 -4.91428468906447 -3.60614971618255 0.0873905565547122 -1.02689637136912 -3.52349764171955 -1.65345318505524 -0.729198922821068 -1.85336523810565 -7.38040364692437 0.935058243410485 -1.79376109587807 -4.80143122017037 -0.472974745248182 -0.563186785800643 0.718080709813937
4.02913951898396 1.89627080186367 0.449121978042859 -2.22109262818611 2.7298446160554 1.36958848413349 -0.900033605124452 3.30161082411876 3.90265937641901 5.45138753345622 3.81669866376907 2.60435356921887 1.4556337407724 0.0619690217153096 0.447702003047212 4.00807565054091 3.75684665083704 5.35896632701923 3.44584781613516 3.22297817148921 -0.629732742110792 0.936093310075543 1.63943609779277
3.99853066859317 0.399772693189149 6.18496096110688 -2.20116526024471 -2.12743144699511 1.87819358665674 -0.117264678512058 2.72137244138579 1.45409456161359 3.72019240178097 4.23577327740935 2.19631106744719 2.11210901886218 -0.303430832630251 0.129479227416231 -2.16575636011257 2.9986845313818 1.55237533591497 2.63407420021591 2.02304103782967 -1.48874219210765 2.93784959813264 3.19561136180952
0.125176442451484 -0.628155744829197 2.55589501348643 -3.83401163489944 -1.09809796639043 -2.67899246313089 5.34370080646363 -0.52074027073424 -0.21836026174686 -0.698128298867426 -5.07057401754063 -1.78726999283993 -3.15782544159635 2.24976105957324 0.506592046871725 0.774101450814625 -2.16610219523626 -0.918418220683903 -3.63776798850901 -4.52634032409133 1.79219622993974 -0.356856268380139 -1.56918386658758
-2.44812298318806 -0.518495993213397 -5.15323535762641 0.106474672212368 0.114742807756277 -5.02411307219763 -1.62088868305367 -6.89301131493344 -5.0478760986251 -5.55898009140222 -3.73078723663787 -0.521067504676633 -3.56497258683812 0.00566869754484178 -3.20040803548516 -4.87735409077987 -4.42088110415543 -1.87428933180468 -2.7712212499445 -3.09223164824302 1.69218144157667 -2.19478714134777 -1.53042952255995
0.258615553029958 -1.84362561576022 1.03867368158863 -0.781220884938015 -0.528839252704409 -11.1469417213609 -3.30307595651058 -2.55843872410611 -0.567887290254302 -3.22167368854141 -0.872342145441336 -0.182793118187759 -0.792819876018413 -4.62537223875648 -3.49590978947219 0.950212869231718 -3.12545264413815 -2.8758497861795 1.08437503940403 1.3074521688126 -3.28801069998519 2.23706093298572 -5.64663877289416
0.506057153907199 -0.514492992753524 0.149698118609091 -3.13421455845129 -0.998177779416278 -0.593668546278804 1.91167322826827 -3.278623332179 -2.7769113835958 -3.97978044260826 -1.53044417266158 -0.42564426666196 -0.22376011769165 1.4817730213997 -0.511979608888099 -5.46688799660802 -6.11672345934268 -3.26652831467712 -2.07008819311621 -6.47928404192496 -2.46740506075069 0.49083309640566 -6.79679231705493
0.87246992550463 0.812547998023372 -1.8693905932046 -2.12626732951795 1.39248619830064 2.55218494769048 -2.56728339007013 3.40710430734275 2.88026736954765 0.285348821536587 1.87007633916824 1.31329767883425 4.66485563023555 -0.323602665018612 1.12481376402444 4.69811574299545 3.32967283717223 1.03223602014729 2.8019888933217 0.990907479226325 0.164832767736649 5.62869124461994 2.79470905596309
1.49502268446216 -1.83177944374387 3.07560918345966 -0.0550251817713539 3.64913688483601 3.25220936930259 -0.996890052376064 6.02794455907186 0.564180547851593 3.7236287709576 4.87776099480093 0.458629585850117 3.78635993889785 0.620289870230825 -4.00943554554775 0.914221287381065 2.06418727009586 1.81678097839029 2.1827229794999 -0.513831541949601 -1.42130509352643 3.03103797199869 2.5520802626131
0.114838400957511 -2.71132555108769 8.30451559066369 -1.74375683774355 1.53745617763194 0.638047152525948 -3.19766242437398 -2.47321861624276 1.04652854567825 3.31749040164512 2.72739312401591 10.3316508730513 0.401020609986259 2.9675657541321 2.41490822460356 2.18489794662178 1.50065775948364 -0.534218873898204 5.01274409824062 6.31872283560198 1.30484444831959 1.42021514322482 1.0419606802501
-0.393289630574349 1.18258456026494 3.40834885775898 1.65966126263981 0.233262300925291 -1.00648466413385 3.7137933991251 3.25343648824166 2.7987104303742 3.14778404241533 3.36283118039317 0.811685344331417 3.35244774657479 1.55250448663123 -1.91130412247721 3.05581987636766 2.85649706254106 -1.66695463483369 1.55198726607508 1.35074571994042 2.7085634856508 2.55450281514145 4.99976114360553
-0.561429885912504 -5.55314580041262 -4.81647852784505 2.1796233114162 -1.40339194425779 -0.802385514159894 -1.97287102632103 -4.64194157340203 -4.21580765695945 -3.00045977793994 -2.61468177438708 0.0907752947628352 -1.85023827013576 -3.63689733987326 -1.31063040211984 -7.92348547365284 -4.96856155624136 -2.39107077768834 -1.27554817362568 -0.647493245588568 -1.62800152000098 -1.72111679613479 -4.3498683866346
-2.55010791414142 -2.11666268394202 -1.80897029023927 0.97628066789337 -4.59117990920882 -3.60207811113398 -3.0190788947798 -2.88965554837551 -4.24692803023596 -5.71333653327837 -2.23405375929013 -0.340462260988118 -2.83976528667426 3.01113952042896 0.239822307740569 -4.43431489134356 -3.15263906725959 -0.151933760510955 -2.96568111026954 -1.9197356051672 3.71473928889278 -3.31052726197176 -3.28744728987282
-1.62520639574879 -0.958977358821899 -2.54850524986974 -5.2956740410302 -2.79424548449395 -0.922621569875094 1.20605776936426 -0.688713927371166 -2.27414829771343 -1.79669601474336 -2.94034738450737 -2.86271466372294 -3.74363828180333 -2.73992611450516 2.43006648980362 -5.43891658854425 -2.24156400109592 -1.50713383693712 -6.52455918433451 -5.65786245730062 1.11882276016179 -3.52375170507761 -2.71865540768817
1.03669527616179 3.95675259995575 6.66326593516192 2.18418413107515 1.00141324906358 5.19010738720463 -4.91908870498541 5.66435653455118 2.00204518618302 3.15801002309999 4.87405032107508 1.69767900692292 2.18148211733896 1.44815944841591 0.364776979863678 2.23073804186128 -0.857263557027062 -2.12571503023627 1.86414882056479 1.59324987001578 -0.723748562672191 3.45441739841227 1.27806429957971
1.06569264421377 -3.09727919291715 -1.36633795532689 -0.48506604980317 -1.60073188676417 -5.16037936438041 -3.13283532736884 -5.15485233172417 -0.343304647152966 -2.65893862530647 0.748278180509703 -0.48644993269226 -3.09083454457889 -0.151099710141646 1.83813480244786 2.84921902548699 3.06193173203047 -5.1184601461429 -3.45910108253558 -6.31096886630523 -0.597268969576099 -5.61917610035921 0.189998644253335
1.30812267123116 -1.78087124860249 0.837412117754953 1.79590457516711 -0.648452453252911 -3.99619230184403 2.47937287080444 -1.83577949625245 -2.22711416508802 -1.87077698693826 -3.16429111874574 -2.23489948269994 -1.93164420748927 -1.24667728485012 1.7920921013463 -1.12633801490307 0.275423996244256 -2.63702981218657 -5.06687451974193 2.42825960876584 0.654850573310514 -7.31101711146539 1.78534581383144
1.11928079533105 2.40236682466523 3.55520749621201 -0.49321944595935 0.597421637356971 3.67367230267595 6.85377247254297 -0.991262080720311 4.32027441026293 2.96250651695941 0.726085176218888 -4.33307592310395 3.53953819784705 1.9596320715557 0.0341057979501039 3.19200045584003 2.6220291847584 3.27620609345151 4.07041727433014 3.26100890979892 -1.18636762703244 4.95375359681542 2.83644668156175
0.697919323302487 5.22866348044311 1.62062775840741 -1.44917562611856 0.0615117180178334 4.86757103417586 -1.64273036612212 2.45177103185939 0.546225014658724 3.25163753264892 2.68946154099113 4.43475206125636 5.3036705488824 3.44997829331525 -1.97074500881629 3.93018886669579 4.96217503963059 0.492373817744664 3.00440165601244 3.89858412245945 -1.23502748067087 4.95214957392971 1.22607557762307
1.71166362657256 3.94632928850887 -0.533822899499912 0.224079520410706 2.24063353145384 5.79688163627963 2.95316348512352 -1.2782128141017 1.49191998885408 4.18304093414184 4.75833398244188 3.98067707971978 2.98966945895893 0.9028296849814 -3.82445965691895 1.01946865396056 2.4201599234273 8.52271184243024 3.13271837674143 2.3929396261897 0.597383775694392 0.991882959505343 1.32300170218424
1.48181102837105 2.29298289643207 1.44492756598527 -0.416585627787444 2.40068850560339 1.65039400594445 3.16126573369363 1.66464850234706 2.28227836635413 1.70499413419041 1.78212035367949 2.13074620135384 4.05503853083031 -2.60995939572564 0.282452467945408 4.74439916932732 3.35710380715702 -0.886315135995824 2.55257601782445 2.28033945481267 0.211268056452236 1.30464270400099 0.621983756340916
-0.483191449721569 -1.75656026419416 -2.36177223153479 -3.82843333196569 -0.42698780457327 -1.52201046290687 -6.49865850354346 0.856162446919617 -3.05709453182988 -1.95566084582869 -0.878769250743586 0.854612958521176 -3.53672157584614 -0.799334500942838 -0.306224200368007 0.681393551933389 -2.44794142059551 0.861905771819494 0.956419310289089 -5.51029375104104 -1.20733519916643 -5.30599685147445 -0.836694015181436
2.15920557384314 0.690162354298852 -2.38396311451178 2.38840990929926 1.00338458550756 0.414518410727659 -3.05139177194884 3.82974290117422 4.57127838060566 2.32854665303104 3.77169305011928 -1.41593330296992 5.84738260615041 0.716841598063243 -1.56448668732525 1.04934380815354 4.43757137962333 3.97246934142971 0.832789539837316 3.50744262407188 1.41549088242227 1.04851426925845 1.34213840664479
-2.91546684595143 -0.567570763693191 -1.59948141588146 -4.16093241573437 0.86897241804482 0.912294863613557 0.729026743254733 -1.93754123010393 -2.51071972955454 -0.257435550497503 0.984517689571182 1.41285124777258 -1.77022133654754 0.97712318058871 -1.30359821774298 0.988927607481252 -1.5024484716209 -3.94798368316555 -2.21680042046504 -0.831962427231211 2.54652949886906 -1.86674222677323 -0.726919361276286
2.71562562187113 0.179946743660221 -6.00319224639182 0.269098555331807 3.28750838729738 1.99387678786346 1.40005666339265 4.41855404558466 7.34810859985263 3.00796720774962 2.38999492318031 -4.04195370183224 0.787236547191778 -0.219821798941153 0.824601454645196 3.30861441316163 -0.851796510309034 5.3248350603104 2.14645675245351 2.66672055517922 0.633747020259217 -1.83611431329714 5.27391127159859
1.21568627044666 -3.279679663015 -4.26783878733804 3.99267697836377 -0.726146932787632 -3.05673143443839 -2.16536724753116 -3.87756693652715 -2.7002925808039 0.0625461305427191 2.00040596842405 0.19206381383486 -1.56263601208175 -0.656161756932989 -1.46060229894203 -2.50569983627227 -2.15621268267799 -4.256207812836 -1.31887169992679 -2.58088608512397 1.14007339648233 -2.94990903405851 -4.77466404364859
-1.16287200358716 -3.36106140895305 1.64694232830429 3.22455542948767 -3.01970916461003 0.643799301075976 0.434875427853596 -1.98221195817702 -3.94439099954339 -2.30090018516399 -0.063523699496705 -1.41884077991329 -2.62394630360594 2.37460675807289 -4.29047780203528 -1.69179192934911 -1.67349013650304 -0.849499458822536 -1.856018179473 -0.981136222076894 -0.392013690830365 -4.16513806678702 3.63805855577925
2.94297887313567 -2.04156301628917 1.8653396356462 1.94378113593779 0.729299719823553 1.8418436184512 -3.5576765229576 2.15009786015398 0.240220178731571 3.65871785061431 2.73197633108009 0.710875173424156 1.80899307874864 -0.213005653078954 -0.475357999048146 3.50856828187911 1.38510602111332 4.77245022737336 2.27360514242002 -0.607244868678555 1.01073560378883 1.09535219225269 6.08547617656092
-0.475644714247487 -1.50424916087633 -2.68654120492976 -2.07585322495813 -0.492541583810155 -2.72403540841539 -5.6790864942808 0.377831089185273 -1.52046875110099 0.0363241900094708 -3.52023161520403 -0.466544482529389 -2.57977914899167 2.53199929474647 0.536504853901228 -1.39842307541989 -3.12027679168166 -1.30656846584849 -5.40209467036424 1.54374443807758 0.534969265314581 -4.02097647898178 -1.22979247194977
-0.474155516056392 -4.44671315633995 -4.39973420377348 3.83375948639544 -2.30657752296096 0.118203087628991 -2.8554542925985 -3.87674783061947 -4.10576182083241 -5.00532883386758 -3.81009082159513 -0.505492214183619 -3.98094584243596 -1.67655335229047 -2.23899553873507 1.25631093610646 -2.07238778497675 -3.14627134378432 -0.618551545063601 -6.60328595198835 -0.599658328612262 0.256014607992291 -2.37993977854491
-0.0900940294932526 5.73122989037147 1.28926912055029 -0.286587828760119 1.27535356407754 3.70665079329451 -1.76111753220719 3.78020667118566 3.4107920704945 1.89571299944367 -0.976874876430695 0.061758292928596 1.18462050121649 4.39077298311764 -2.41808650854426 -1.28983409668766 6.80634815450688 3.21054357561406 2.94377024400408 2.28576137544742 -0.525695949139166 5.86926192151727 2.00187993491497
-3.49916488263458 0.47816238228005 -0.481656412103757 -1.75380857461566 -2.66892648191751 -4.3298678526764 2.17162146171687 -0.702428541376803 -1.15049304076931 -4.81147368441798 -2.45753330964826 0.952397807477 -0.161776625351926 5.17822251589595 -2.34526069724469 -4.54472586908253 0.507957670245292 0.271198380988907 -7.31803825942515 -4.29645054671535 -1.58881439922096 -5.76361039188746 1.55961558760006
-4.21974561892082 -1.35067153366665 -3.96172258810046 -6.1958324151097 -3.02203970914475 -1.98086822659276 -0.582012105963131 -0.603001201401272 -3.25941472510936 -0.75396572513153 -3.75823321180951 -1.08944944662087 -3.60486992901918 -0.586385523975394 1.35494327243719 -0.127602495621558 -3.41630572154025 -2.72013636063472 -3.85774997271551 -1.06449404775621 -0.538402371120569 -3.72782130511382 -1.9880081003511
3.57406289721936 2.00901287175214 5.07468423807749 1.17775873525379 4.77132190802296 2.41123660119223 -1.10121360641984 -0.0338684305172365 1.05362593488792 2.8490969964586 1.32204875280413 1.0456406958053 6.92954394581571 -0.799353835648568 1.4988578873735 -2.05449367713391 -0.914265412483079 2.30315875047134 2.58774243252035 -1.22679440804232 0.105107496389198 -0.942815985202512 2.19665953142996
-3.98291811011158 -5.24151661911769 -2.79234498519965 0.238326901195327 -3.05255697677931 -3.85765411785467 0.00608689748176638 -1.52838703067328 -4.58469501266307 -0.743903498477385 0.626950066268027 -0.750145441792307 -4.00582911218321 -2.4307407823489 1.82849536023092 -0.318322730489547 1.06482695382834 -6.52482970170861 -3.39939323108529 -1.28856616359244 0.177869253490185 -3.08991944185036 -1.97038226578284
-3.43442606115457 -3.26745209006013 1.50096569585479 -4.16076809726936 -2.14125656910001 -2.28992937485269 2.22726090913324 -4.75836727671224 -1.77800128322487 -1.74330458698486 -0.991733316756916 -0.819891440611521 -2.71633313152544 -2.04640778622172 -1.31733085035345 -5.38654115115833 -0.825708335179022 -1.6722282974082 -2.85159277878738 -3.21472920108647 -3.37931981470027 -5.36016536671674 -1.38117121848076
3.66495837046539 2.14354486488399 0.927688512751864 4.37584702751576 1.74457561522459 0.0479807521684044 3.06853758362548 1.57193406591499 1.76998696092416 1.41291358474914 3.16143517986884 -0.334473530384191 -1.34213622686739 1.41440892454283 -0.523505936250468 2.22985337918797 -1.38709443743133 4.71658401289607 2.44379627999819 1.2139745972084 -2.67829644050894 4.19497657403119 -5.07243339135114
-0.821452808582504 5.4504249147957 4.4048823269219 -0.301499040424977 2.57082233926981 4.69108931444025 5.83766747453504 2.45692097253282 4.85862303359792 2.76428460035152 2.09552513839908 1.77135690864487 -0.513728612073713 -1.49554897843284 5.86037353877886 0.975432128710255 -0.144377743664588 1.72140434763703 3.88940953679981 -1.57314124853181 0.820527862853967 1.11095276933909 -1.20387320346563
1.07559672956952 1.03384603389969 0.782171326854747 -0.448646722617512 1.09937605088771 5.2034635774731 -2.51636587251408 3.18799360218069 0.695270751126107 2.18501312518239 4.46954512269801 -2.54747822863564 8.10062483661869 -0.914089448243999 4.68477436954538 1.80713785527369 4.09654044740639 -0.163074052644467 -0.449997598261313 2.38342284679867 1.11849286676641 5.28986112239095 0.534844968613328
1.42296624193034 -4.31473354877446 -1.38070141455916 0.98662503871549 -0.718934217130926 -2.9198419303229 -3.05793421468086 -0.433011353091228 -4.42042443004903 -4.18335090291894 -4.74249032200279 -1.19392588646265 -2.28263294759601 -0.330755556791819 2.95024738558411 -9.8531930621516 0.666490895673293 -3.13902380275999 -4.04710034409575 -0.834340311971462 0.675495346598183 -2.05272801133686 1.81895276161571
