x1 x2 x3 x4 x5 x6 x7 x8 x9 x10 x11 x12 x13 x14 x15 x16 x17 x18 x19 x20 x21 x22 x23 x24 x25
3.86443166669168 2.53454586612637 5.33746860279644 3.64949674482256 -0.264313064115821 -0.398775997145182 -0.369331631406651 -1.87519012937968 3.43735518453666 1.7605260513332 -0.985397586294117 1.18217302171052 4.99937420184857 0.46443027184183 5.82125180681049 1.17843199238303 -5.02343597163111 0.356078891691101 7.30492802206329 -1.93710242021984 -2.14274698607415 -2.49098833807301 0.232174228742759 -0.896531408336863 2.4171234382298
-3.9081688051765 -8.04240472620503 -0.552786465464771 -4.10836936830195 -2.05170399262174 -1.36774482318166 -4.88710795631514 -4.85219535318747 -2.76619842336563 -1.32850599054731 -2.81873854370078 1.52693496314637 -6.45877654333119 -2.58064860651546 -6.02771572529939 3.23127164114776 -4.40882839005727 -4.70045310784442 -2.77098318358152 -1.55501559238505 5.50185247057637 1.63863023292216 -0.121523740602254 2.73175067876312 0.146130744673019
-3.14693181093747 -2.65299353589642 -0.505505210760434 -2.30094961854801 4.65570908973933 3.77981095483991 -0.53885384796336 -3.85875676142341 -3.71669857615704 -5.13158320835903 -0.891297228433737 -2.0448068374554 -4.11907894644244 -2.63391310281552 1.76385497696326 -1.07243974371861 -5.76814763128942 -6.1827413904556 -6.02816549650002 2.08418440864937 1.16398852961485 -2.70386326804293 -0.611139401766364 0.796493989984577 -4.9218764928349
2.48897457342408 -1.80099783112986 0.548219024460033 1.24455735378217 0.634157617447604 3.46634533703909 -1.74282942063944 -0.657206314504267 0.519459644522338 -1.14664849561361 -0.273783695141192 1.74943923301284 0.23325568424166 -0.292876298446126 -0.411663936758463 1.18256180321499 3.24286841038568 4.35573986883427 1.29380917108811 -0.866179181520813 -5.76002931630644 0.420156838432362 1.79594078876496 -0.974642346650329 3.30827381416202
-2.74568770591379 -1.70308700867917 -6.04434832175089 -1.66351317455818 2.50947871254821 -1.72550817893019 -1.97700308948431 -2.10186518573921 -3.55714542327526 -1.84326132465854 -3.54488734856939 -3.50982707035337 -3.63719309691525 5.52818664166353 4.85787358815923 -5.69651773864077 5.32946944144638 -3.31603745083646 -0.966680692873656 -1.86788884506862 -1.25149808657104 -2.82641124650876 -2.74110200906815 -0.666335291960912 -2.97494567517194
-1.29007027681841 1.82131649798294 -3.44033690399727 -2.84005529936859 3.84564887296903 -7.11136215828794 -1.23439491496522 -2.63381757266265 -3.96009515507253 -3.32024853436755 -3.94972396998689 -3.04241860777985 -3.83377119201659 -3.58603598611986 0.0804086592772034 0.413505311588714 -3.72637302800732 -2.59373624085342 -6.41648951478303 -0.775937643348889 -1.89754888981802 -2.91066420522137 -2.53512356103315 -3.0103106253123 -4.03548399430402
4.13083289608423 0.746958487438341 0.264348134141297 2.83964476951497 0.710379429200172 0.934808449694334 1.24051154548148 -1.25600415085357 -0.754066010609928 1.93032922339277 4.88404627853868 -3.50257287734836 3.90942853647788 1.72788099148431 2.30621384859345 2.6113957012979 -3.57619855267334 0.231717152963179 4.125133306967 -1.79423346012841 -3.85728095486541 -4.97845259419662 2.20373795444462 3.06203935810932 0.19632183960655
-2.17706943399068 0.289656869521381 3.68389526013033 -2.37147109796453 0.205393642975321 2.3850946563454 -2.31184593742573 3.35906410226301 -0.776365462404447 -6.86151133573948 -2.42055009606221 -1.03299656416302 -2.99146246590858 2.2731004195962 2.88398174455905 1.66155149153884 2.56684747753129 -0.629212715792461 -1.58227573572656 -1.41012280438786 -4.32656124165139 -0.266233026712965 -1.90220597290611 -1.49662891623821 -1.83451606557547
-3.38146187326595 -2.76239299284191 -0.963956395585032 -1.5783933542653 1.99827285691431 0.77031535316636 -0.718977987434353 -4.57382359732836 -1.52506016756902 -4.25015604426615 -2.96551318706285 -1.01552435630193 -3.35510913838598 2.30448331644688 2.03049522786387 -1.5710150298611 2.49440611563211 -4.68815596565342 -3.3548936420243 0.607320775925815 0.0244260254678084 -2.38232944772097 -2.38961978094569 -1.74621696271151 0.822249444288447
-0.412797249416946 1.00199321151541 5.32823341187772 3.14022620018762 0.83242060205222 -1.79320688142053 0.272978188648164 -0.737915039137904 -2.42687604689508 -3.70229559087358 2.65359735154423 1.86626619611133 2.15213440385482 1.28338803032322 2.94616147811511 1.05259433142772 -1.38700581912739 2.872418703295 3.94561838177867 2.19424723454325 -2.27755816175973 2.15166003696815 1.78311394739204 -1.80216610674772 -1.46808061202198
0.194932521603119 -4.67322850611027 -2.48508185407225 -1.10646529515155 -2.18636455865697 -0.682779701266146 -0.210143023575247 -0.683146713543935 -2.13530620900901 -2.92808255692059 -4.78587961308741 0.590212664638517 -1.59260675570133 -3.55775348667633 -5.38181974887074 0.730474029200172 5.43366573540085 -2.82316399224228 -1.94190020622196 -2.98949217105474 1.14936874612751 2.77919099421567 -1.35863165473543 -1.38486870546857 -1.49737848643851
-4.56829775418211 -2.19549830254414 -0.744223325616246 -2.85000996850028 -5.44691567385339 -2.52284910105333 -3.73823856160763 -2.9477893287682 -0.671183465177296 -4.72477318145474 -1.47499963067011 -0.206005102687756 -3.96461143245969 2.34079646084742 -1.51155532830909 -1.77273068869485 -10.9565941819333 -3.58660320242704 1.83414145314189 -2.40763010833595 -4.04747165565045 0.319883747220505 -1.18953813121447 0.107133776391447 -4.2318052723926
-2.06219132976653 -1.91465946826895 -2.82302029677234 -0.805415627456805 0.757907202239424 -2.38774659935107 1.11009589019912 1.63884788435231 -5.80051669360334 -8.86624785312498 2.1135656413918 -1.10096223596589 -4.73321465012242 0.0411295732579912 1.97791385883689 0.299690096337039 -3.79784104441426 -1.56407800539701 -4.01824911046672 1.14446520851855 4.60664527891834 -1.37600964116743 -0.916128051338396 1.44585117338277 0.238553345040256
1.92504078782309 3.0830339187605 6.25969086951621 0.217276366458633 1.70032776251356 0.839263840818689 4.01525017534795 0.712464443748383 2.83799667431753 2.63688842166094 1.75503223404899 4.11435015500777 3.25407673006242 1.58472898029735 -1.9111562809039 -0.0653838390694864 15.990840223464 4.80872605459927 4.04573578681128 -0.997300431100297 3.2430242739958 0.957347745691593 0.272433991708576 4.77811901501805 -4.69639787118131
3.6005186187673 2.66877580798739 1.4026262816174 -4.32533410771758 -0.534576756532481 1.86475600993269 2.72225119501678 5.32817235033023 4.99237923890072 4.8309333324106 0.304909459662902 9.56548844311893 4.24246874488058 1.01618737047483 1.99877192083226 2.05920024706387 -0.845330764186916 0.886932955550365 2.65040916222896 2.69492641494619 -2.80596339796884 -0.59586376859538 0.852002547814406 2.80793375013711 2.15382152960028
-2.02426477898514 -2.18011279347206 0.937521034267667 -3.3486064216774 -2.15612529653638 -3.20738046207151 -0.42767045639676 3.7567092067253 -2.60760321162833 -0.266678292637782 -3.46404518186585 1.68150503292753 -3.47278543110939 -4.62955357910693 5.80334391663624 -2.60562198109818 -20.0615726665767 -0.441509513575226 0.447287375600011 0.552871199467652 -1.54957974167053 2.23260872440337 -1.70776290176666 -1.18681309529903 -2.75150982136247
0.336590266694192 1.13332929055635 -1.08034598323302 -0.0816704316131358 0.00637164012911817 2.11066379533771 3.51071183674666 -2.1146293360638 0.954730266601572 2.0826780718771 1.33866583217093 1.24256934199842 3.08052782097607 -0.295129794844172 -0.210660796415646 1.28438185623385 -0.838750089135273 5.05003210725861 0.952082195832006 -1.83177436106936 -0.128335852740501 0.422767729014524 1.48751779845506 -2.96730993559403 4.26727548118106
-6.26138967476076 -2.37102022555156 -3.58808107458987 -3.13300837658598 1.39350696874335 -1.89678040577713 -4.10362124182611 2.3510005981437 0.205102568266735 -2.36337164761412 -3.70584614424979 -3.12786779645388 -4.34057561558277 -1.42852042537856 2.9223774818264 -3.16373445862064 8.8815495108717 -2.6840653228756 -2.25146316212317 2.07207771619665 2.8079284296951 -1.50512652410001 -1.57075979614352 -0.506063472780861 -0.881195959287489
1.10635899950414 2.10728766499786 0.344783953703692 3.75537891592906 1.29508119550546 -4.136588029645 1.02227446240483 -0.190425770589818 -1.24055751413441 0.859370996439626 0.357455487279463 -3.92904327590641 3.62828642414799 0.121971433722124 3.30274720269487 2.80006171117168 -6.22499140947819 7.53161766059001 0.770977094992577 0.145667327841795 5.67547434378065 1.997580007589 3.39590100624937 -2.13340423568874 2.09748817696035
5.62134621261241 3.71037293613243 2.85220340112554 -0.78471547350922 0.561635466544774 1.08749444429374 1.32200890009279 2.3924330448012 3.77700494684822 7.01793371646825 1.68322048317328 -1.3144044744016 4.39101088903577 0.526831463382842 -1.94102671002038 -1.05180313063826 -11.0123632384026 2.29441686426015 2.16906372958331 0.527939048063433 -4.13720492918131 3.37879504280202 1.92226116869458 -0.543903045570025 -0.678062833752191
1.94280833619445 1.85463023979502 -2.1061864762968 0.749653700180963 -0.343368784326359 0.526138183445612 1.99851323305005 -1.21756130515352 0.709665845437188 0.829334367535315 1.6527000498578 -2.21438722767367 4.68400476400078 0.312842735404827 0.326892673558456 1.95270810464482 5.43378938148856 -0.445797328396109 3.24889127713999 0.0610399804383298 -3.43004249763474 0.452022790037906 -1.16669281726468 4.40578526783563 0.0178525108714336
6.09860169150526 1.67454472191983 5.77654486690531 -4.40644778338229 0.203243176016799 0.159187192750312 1.42380040522365 4.53857171747797 1.77709210752238 6.0027025983865 -2.1704883355011 -0.689438001910799 2.07747094751935 0.883891666509163 1.1290913906353 1.1166448297031 -7.94757689699399 5.01523247324575 3.95025427950275 -2.56779749430209 -0.982880722160588 1.58179294445738 0.58774980833984 4.41885452938105 -2.24226278959985
-4.76985972148422 -4.09903670472619 -3.98102825977287 1.80043721815687 -2.0982814754567 -1.30238228976662 0.230753771994957 -2.97582623792791 -6.00614450976085 -10.7155014918933 0.264847588763485 -1.96576834438977 -4.95549077780987 2.17071934584656 0.120964832454712 -0.835159777550316 -2.83471764589639 -3.43624962713521 -6.01243798878431 -0.678638873022508 1.05614308983484 0.135595804751624 -0.806225196021975 1.16152410658521 -1.50476828824903
1.01206407798734 4.27573521469555 4.7504496368899 3.49248318401125 -0.661172329933356 2.25851689704857 1.16364416685333 2.91624143401037 1.88770078796202 3.73512045134698 1.3393989960354 0.377049447808842 4.8717150107004 -0.425577573810916 -1.77628854445519 -1.38925426156349 -0.855277843453285 -2.71748672268559 3.33293758533048 2.2350311125884 -0.725180831766424 0.254741410702748 0.944774852074009 4.91133807358561 3.8532177014266
-1.93249426048254 -1.56497752119359 -7.69788883158178 -3.43519283850292 -2.50799941446523 1.10723339460234 -2.06339528381158 0.656142397370103 2.92033024200985 -0.31117549482426 -3.83350397823053 2.40832878590729 -2.49490131307128 -2.93643822537679 -0.457231165813822 -1.01747033479443 6.45116251174038 -2.71210615171385 -1.04988718600865 -1.79048636903181 0.377524240040932 0.208342457554355 -1.970572993186 -1.77575779265501 -2.50855076203241
-5.97743331455904 -3.16973237740043 -2.08725851601119 -1.79131438633899 -3.50102315263679 -2.36325713657721 -1.0762747612583 0.67308542129424 -0.0878033633983777 -2.81432114619919 -1.76383557554715 -1.12847151778583 -2.45617013031847 3.31896698675608 1.3348174058444 -1.87369949015096 7.20179504538142 -1.89704124826693 2.10793327521223 -1.88566899344999 -2.13433097775012 1.38761713816918 -0.486237149843853 -0.0581494638746953 -0.611856065860104
1.55562018080565 -0.33188036092909 6.37101164230319 1.56026286051149 0.996922181751384 2.00696123518764 3.25914960311962 3.19838990729916 4.9431026522857 2.44194923123386 0.560407325916245 -0.875966120654136 4.07920659536417 0.831853464265056 -0.68838264594382 -3.56715483221479 -6.37231470581767 5.43824960116421 -2.16848354434323 0.24211169320678 1.89739441991008 1.506064034881 0.084012110211289 -0.543253211248253 7.21366351254308
-0.52472890412434 -1.69387860525968 -4.1427872763171 -2.05824431944019 1.2125824635199 -1.27611368184207 -1.78937914414541 2.04616636392217 2.03172470006006 1.23533730528724 -2.93618377254244 -1.72307439820207 -2.43346860935476 -0.892736252959852 1.72815577770636 0.204173742366366 12.0441273536784 0.41836148010618 1.34888960437593 0.509110011031328 -3.57162973375596 1.94917972520025 0.341099386540207 -2.87634878211891 2.30454116632752
-4.68552903512544 -2.47528700168337 -7.75587194047437 -1.34703097825205 -0.87215215255514 -0.282919192740657 -1.24061842678516 4.90989200682813 -1.54887717828693 -1.23599517440688 -4.49155911536157 -0.047689480422036 -2.95390144800611 0.41544701903655 -0.263244707421722 -0.6443930893812 -16.3556304473642 -1.95497034574309 0.324478804770997 0.581491260275275 1.84476432021556 -1.15881900032975 0.632868747256766 -0.706554566776222 0.94419572548623
0.253449774558127 -1.55235262325452 -4.85332424267184 -2.80527906533693 -0.758896462283586 1.99932202107375 0.424368156988565 -0.00266264382894998 -4.22609016219407 -0.558698899056251 3.1561863794321 2.53774561057334 -4.20799353300173 6.48754532870851 -1.93911432085812 -6.5089025771031 5.85232904936675 -0.256134393910001 -1.91921136782891 0.0311966884887813 -2.59043174316203 -3.53749443882057 -0.201765004817196 0.158041984113012 -1.62166094321895
-1.35333840775681 -0.105246889088919 -0.194100216783004 -1.28311948301211 5.55058244546174 1.96812322774855 -0.961046029455617 2.12375097220868 -4.02413930901696 -3.30499726071262 -6.14936586264792 1.11567091775002 -2.5175263611704 -2.59544980625807 0.907968231775586 -1.13066950266979 -7.8563285305068 -1.99915998005486 -1.77010215694464 -0.523960148602892 -0.542028530377615 -1.42846275191783 0.0743067042079759 -2.49073468403226 -1.12410415345168
3.63323125567441 1.42728913268296 5.82010493839109 3.84655380524531 0.739109344896381 2.27219258356084 1.64894649835416 -0.172611634087047 -0.0105125043962282 0.0121278773781972 -3.24505972667475 0.243690797673519 3.43874677014653 0.692188306141112 2.55979561498088 1.77321535292753 4.97532080586063 4.6437996125142 1.81753975886987 1.34192810363505 -0.177285230320203 1.01478858294546 -0.846364162925994 -1.26079894346957 -1.14508044206737
1.49117109593869 3.61298812762032 3.58149125839852 -0.89400133372182 0.189004916694207 -0.79141734492884 1.83947560650428 3.28370754556574 5.77484868922526 1.32155030112212 2.24794393500605 -0.733894577962415 2.72700148080141 0.407418732177259 0.471354190229705 2.27851580088873 4.51452654388511 1.51817886006357 3.42823343486327 5.24621315497125 2.642191623587 -1.12251746606958 0.391936456496606 1.28988699987466 0.63933912026866
-2.92011420856506 -3.49887550903451 -2.30509527116505 -2.25720156474969 3.96464921620351 -1.66826541263386 -0.918301378191118 -1.19696663579627 0.374813356626996 -0.556507601260816 -4.64293743024149 -6.65410260728728 -4.53128962141651 -3.61516743324973 3.15588956179484 -6.8532501351427 4.96016415296129 -2.28628247885146 -3.98182965717733 -2.61676312688294 5.16876263752171 -4.31832794056083 -1.8935727939642 1.02018333259316 -2.97061001743555
3.87462551911992 1.50258592507513 3.59273464154923 7.72959352261919 -1.41375408650665 3.03132502962336 2.73559614644619 1.28935656664591 1.96033176023357 1.40425144178663 -0.195655952966019 -0.297760235103234 3.7144794334147 -0.0620170425719999 -1.50075467071996 -2.33424316385007 10.8093663669254 -0.332857023310881 2.26386870142219 -2.74764484877414 0.0561159708316764 0.14335232503435 4.59335656792276 -0.207934068780636 4.53574700889726
1.1451262118624 1.65156664743773 2.80130181273585 2.84493516070273 -0.336182963722567 2.02545775694182 -0.25131545961945 2.2882917646343 -1.04285829533424 2.36654430128022 6.00755292384748 -0.446168987668071 2.6389497860614 -0.795634257479553 1.21470494533472 2.5603527045567 5.77789900403395 -2.65562222399305 5.95401936995223 0.7105482341069 -1.86651591349817 -0.317415394968204 -0.280948624869952 2.99978128823776 -0.324311038324371
1.75739486843347 2.24139544544544 3.46274635455983 5.65206902607902 3.01127148310126 0.489864850262937 0.568006589109591 -1.23802640854664 0.922640856129678 -0.059042830332718 1.27457451138686 1.61026348981187 3.12915724774553 1.76229748011634 1.35442296054421 1.07045410484261 -4.11255003803026 4.69198895377025 2.93756049258895 3.02156140407142 -2.51193380544147 -3.01508571618877 0.0750795239972037 -0.72374061575823 -3.39885407295917
2.48404950963622 5.02396977366027 0.273011273944712 4.74944210625018 -0.736591190144631 1.23841144608174 2.60257028060387 1.60907470424514 2.9525254302232 6.8692493186168 2.15325219748272 -0.415382864147059 3.82450719366673 -0.034070589902727 -0.985123887265164 1.07666837368278 8.13522040992896 5.60823512625738 6.32561611480269 -0.64640288542055 -1.85909142952065 -0.563491792666212 0.0653591220601393 7.13147586396276 -0.579364136026966
0.666713274702663 1.81392456416308 2.37265764749668 4.88549702523698 -0.769772115081844 3.38541134423708 -0.0073527475608457 1.58952195646272 2.1209824678016 1.07177081914974 0.94716874918859 3.2185418893661 2.72962042150912 2.12663732545525 -0.458712087600631 1.32892823310473 -10.4300474467144 1.99846499223809 5.6084961420019 -0.664622911257477 -0.191197083307552 -4.78002603516606 0.133335512723574 -0.455771050129268 0.113108109982272
3.31166687511718 1.18615730941566 -0.718535873385851 0.862883763834815 -1.63924079869361 0.790815389136524 0.159299058115365 -0.264452500554003 2.42892163123954 6.61094821552019 5.228551802605 -1.01139388303529 4.23081576402485 -0.161718409895038 0.736268353868429 0.432852038972021 6.86386167259147 4.60519010322648 -0.384903114023418 -1.54166614118455 3.69613394175233 1.76254034229738 -1.9192466870197 3.20479236353422 -0.646066212176094
-1.39508440890862 0.544762477897359 -3.39706429666685 -1.64602252145775 3.17338667218758 -3.40706087066288 0.963304532968775 2.07500523095473 -4.02105078112671 -2.63350677729335 -0.179801548262764 -1.95474950103248 -1.921023306831 -1.20954338580313 0.641100243380949 -0.850756718721212 0.528229806999759 -3.75508119802421 -1.96104991791629 -1.11981461424383 -3.54324070932106 -2.12525479863021 -1.43423884248114 -1.16264609682181 -2.15830520820683
-3.86934728914475 -0.164595790456609 -2.65355297225724 -1.83021280449789 -1.97677227453286 -2.22794496351487 2.72349962496911 1.58237167550783 -0.84697891331125 -2.20741842377113 -1.34033591594649 -2.10111014228706 -1.79528109794567 5.0590410074083 -5.00796885994945 6.51405270845748 -5.16726004240447 -3.39799510352874 -0.582226002451312 1.77274365755622 0.554202751209379 -0.360192300285881 -1.31736301421064 0.398371987277705 -3.44295823177413
-1.98725426736238 -6.63364445730683 1.7800363024399 -3.23639744780219 3.99514633068415 -1.87538278009364 0.274661329279241 -4.48773097592841 -2.07080498766676 -6.35795632938263 -2.63216644289948 -1.62311958895131 -3.64100234814252 -4.45053297870317 -2.89316200024683 1.27651469315963 -11.0124682883536 -1.5730794088052 -1.51185921589435 -1.60719512825386 4.44297446370036 0.316890384580959 -1.50434715910985 0.230235142915318 -1.207702705057
-0.792074599069899 0.145868431296225 -0.0580514577156062 0.82021256598299 3.4007950815494 3.29555156588117 -1.40063023610837 2.30030400352169 -4.12796034009448 -3.52493969662764 -0.532488726435766 2.73906449862606 -3.24677558335432 4.82429886687177 -2.6848226245632 2.58959539327943 -2.60512844160004 0.00317221407788848 -4.54462946195621 -2.34943187174215 -3.3965680843108 0.610531992765925 -1.7544641020239 -0.0402283553087297 1.44121354289494
1.16489996404478 -5.39516584851368 -4.45515822940152 -0.875247262026122 3.62506141641131 -3.21220450150135 -1.70846468608327 -5.85948369604019 -3.68266970331764 -2.30346331002577 1.19727232451084 -4.87709937165678 -5.20839156210968 6.68359461572176 3.74807130189559 2.36075966302703 1.63803784332469 -1.28996895365787 0.433956782262195 -5.64807915930612 -3.03746904876171 0.978262465723515 -1.16002307980965 -0.954135656510123 -0.524833743676751
3.89572406690348 2.89404456288908 3.45431969478748 3.20784760125101 1.10135810730358 -0.0459836110254498 0.0999792158170316 4.2632206541155 6.01343592074787 4.3186465347318 3.90965506264787 2.24586765070019 3.10758079270713 -0.179593628757464 1.08041091303224 0.201928312090715 15.1234797519787 0.406555713804389 5.47032709218968 -0.875378305147631 -2.22559803758079 -1.22569349911815 -0.122364594309652 -1.33018993169936 0.155968292651353
-5.52767914420678 -0.587494847920534 -2.02587679844467 -4.46103794980701 1.55032813247046 0.760224989018016 -0.839545939607596 -5.79974827298376 0.82763002558736 -0.417168666728828 0.0975268202647586 -3.42387110220141 -4.42016410677586 2.40131167953663 -2.05589295188106 -1.06294314711426 2.0844107208424 -1.48790032676945 -4.20999942270934 2.05474902918917 2.03382448306958 0.0909314318378208 -0.809920325720317 -0.911649582045676 0.496813048099622
-1.65740125538092 0.551749522267888 -2.98591708926347 -0.878849944126162 -5.69168946480031 -0.132420136252789 -1.75230105143348 1.18823667054643 -6.33254063541409 -2.53698380950393 -2.07509106310483 -2.95995586744954 -3.34017974068657 2.05582812167608 -5.69721875839495 -1.4092404605789 -2.51690324696317 -0.330720046754502 -4.27658147749299 -1.67925261047013 0.56485652467078 -0.923823270225577 -2.69704177297137 -1.0865134496422 -0.527100577076154
-0.214891998233743 1.91244506997326 4.21679874646785 1.19055913440774 2.61839833240764 0.276138589749318 0.807909189640725 -0.756610463384942 5.54277387635772 0.751235043633479 1.75825624065136 2.5286690092795 3.7750086599294 0.515071469725799 -1.83472485171136 3.1335539159918 -7.3296161458086 9.36676489832523 -0.792215856619614 2.17582937928533 3.12528175268781 -4.40053610470253 -1.51746336855733 -1.15017743963635 3.33688587159095
-2.32318272326251 -2.42162482823292 -3.61614468524815 -1.93399254375594 3.43945617248368 0.636195003922185 -2.49928605960989 0.57556806354607 -4.39861968488156 -6.17735396856305 1.55648493629224 -1.87538294647436 -4.12641093568626 1.75370461028853 5.42149167188114 2.90778049944876 1.97177819923183 -1.40793691927846 -0.896409919504539 -4.23495014752053 -1.3354603046522 2.07104323299279 -0.0161421687500367 -0.0931420698941723 -3.07019835485861
-0.636254103975034 1.32735166495759 2.41938501336829 -2.11354121584368 -1.27679789306041 2.25907717807124 -0.0836539454081335 -0.722361955443617 -3.36905686970415 -3.99036140276771 -1.33999399449479 -0.412015497843765 -4.54026879696165 -1.92075318363265 1.84409098386881 -0.657793031902031 -12.779106102919 -5.71255976308248 -1.892041807428 -0.81263678707483 -1.39632775133422 1.28795065693806 -3.02109089764352 0.0986118646827171 0.664028260959183
-2.2969600225162 1.18608695642561 -2.2333263349836 -2.11359019219418 -0.160437073400818 1.9421023935769 -1.21679438680321 0.55588046880462 -4.0100782753366 -4.93559267183504 -4.25536524349037 1.31741975344008 -3.01808713835298 2.02433460644834 -1.81094211181072 -2.4360962185733 3.05654938662073 -4.53068955162833 0.55600364819361 -1.04279234979461 -0.202033774704615 -1.10410336398765 -0.665014986906634 0.0842329027857227 2.41995431420842
-2.97097037299791 -0.3608426161858 0.172670254517696 -2.19213538914594 -0.799345200017851 -3.97600886401182 1.45012400628446 -1.72533840465145 0.745201100302403 3.48954852191217 1.15523978179234 2.15816507818152 -1.79161490188519 4.04629774613381 -2.84798806278775 -5.77340356756616 -6.94309773676532 0.237188392190532 -0.448785726801305 -0.395842856738016 0.346287330432005 -0.385142425009659 -0.216721902583817 -1.32842277554773 -3.08458993756721
-2.72640078301131 -1.66515564170788 -4.26284087595868 -1.1249727691894 -4.8500730077099 -5.40873313774549 -1.32745891882504 -6.62676877758894 -6.64593332778493 -7.98282936654249 -1.80340519294901 1.24954672946615 -4.7355217332257 -8.83713177206769 0.354923536545126 1.2946308475181 3.87012798663509 -2.53910028697275 -0.761178955901351 -0.410478956472504 -2.75802253188272 -1.81106472398193 -0.519377391870884 0.170052607769591 -4.95145552202543
3.65899381564962 4.03842530480787 1.24740373253569 6.64764735188645 2.45822390804666 1.37567298951732 0.691422573720335 0.881832624745131 2.85097535153972 -1.52910016222356 4.03105544372056 2.09549594731312 5.4313315781615 0.577097823309676 0.139596256191852 1.16667941625952 1.16034049048454 1.27208991667389 -1.93480882385282 -3.84184374571205 -2.51766113952065 2.638962612209 4.96885790090299 -1.86381185027772 4.93307645826054
-5.72106190438382 -2.95999246595175 2.24128862159613 -4.5008820016013 0.556634779385581 2.41027505941037 -1.67568193017265 -5.3930597884796 -4.16971926569777 -1.49938487194838 -1.48891672159723 -2.46754965864298 -4.58523078855604 -2.98126641659693 -2.90207531771345 2.84523740185252 -0.651628896798276 -0.303870508274115 -4.05484584992514 -8.62645409940876 3.84302880245165 -1.34750593652763 -0.804810912429462 -0.70088952655549 -3.02961330278607
2.33632017091897 0.839966624456735 0.999982543998771 -4.87764387178342 -1.73275847224529 1.0761218262673 2.45804020715842 2.48525567171718 -0.212808185705702 5.19315020883399 3.83698162464852 -0.697715238238108 4.71590326999091 0.255632543168745 1.80130530404988 -0.660349419277397 -4.2307044625209 3.89121234444406 4.50411302217771 -1.37966684161154 2.81117097725034 2.09314520123373 0.243812413735056 1.04869869502087 2.43414373538971
0.708748330382802 2.57144978218121 5.31428986684806 1.7695277760833 0.238343515851756 1.33670184071983 2.22472585553232 4.06115424669267 3.21445263265556 1.5198175309392 4.2821548145543 9.65124250705538 4.37536716833152 0.365946747555043 -1.17628143158765 0.67604864469223 7.23243215411168 6.27023298361251 0.61589395632643 -0.562176551991238 1.58507053952132 -1.50268654104694 0.509079638266087 1.50603598933896 -0.502913197314117
4.55351336045888 3.3415073578493 3.78491534103702 5.95975135072409 0.556605469726458 2.38453093173216 -0.268391621707616 -3.1488476556041 2.26078821652591 -2.24890282716874 0.822926849427005 3.54785359912292 1.74711172276363 0.78686935299881 -1.20195597356332 2.82459404488942 -5.08204732407093 2.32231192473093 1.48557428662061 2.49707112803751 0.98993766051784 -2.03811877943007 1.82489038713793 -2.67448943723453 1.96896849787546
3.203245436362 2.1775447486133 -0.90208879158598 1.23045359141805 0.380464305779956 0.837991398741598 2.00279619268644 4.7052640962836 0.63499336936987 4.07797756491107 0.635508860019909 -1.3569893066556 4.6607966455988 1.19333983875319 2.77916928577631 2.12893603462657 -8.57326860423187 3.20116185071278 4.52754756758521 0.685946142815517 0.279608114296917 -1.55037571062832 2.70861380685262 1.5473299769898 1.48509078370399
3.33495935528903 2.22624822174655 -0.710887834385077 -0.812401091751072 -1.04793422873778 2.05499524006247 1.09178621339504 -2.79190368903574 2.24496292204396 3.50404994020293 3.59464437080532 -7.52870803240727 3.15550007317958 2.77721115597805 1.70011146655609 2.01297524485903 4.56072283526487 7.69500132146328 -0.591453265082219 0.464120635502238 4.23086072948413 0.913939976628549 3.39428140936532 -0.525227121032591 0.515620127868642
-1.89325941220421 -3.87169061884732 -2.05376632887273 -3.55501108010405 -2.14043912175579 2.12236689295883 -4.02289758225677 -0.267924574679746 -0.222831978222859 -5.31526429748807 -1.14333515702626 -2.09144221010549 -5.49510123548323 -4.49844252198702 1.94060529251949 1.54309467074365 2.94447178218483 -0.998273767159 0.172865369196486 -2.07603361920369 -1.86082166355322 -4.76764222886797 -1.00592702583589 0.0793153498572212 -0.468796301235362
1.87826092119187 2.1545387231528 -0.8756178772577 2.63663381879546 0.911455423345098 2.3716119398897 0.694131291755728 -0.37140564049852 3.0813568612936 3.5828781504282 3.34866124387085 3.97759154098139 3.59893444000664 0.31748826017913 -0.507992329271194 0.851932892616226 -2.78438642922701 3.65604869691983 7.74521048455771 -1.98349458141663 -0.54180314424245 3.52351304992643 0.61763906520104 -2.01296513764758 5.30419709708617
6.58937272834095 4.02371015606374 2.38378974946215 2.88775051709615 -0.590383383996385 0.292494285627401 2.5503586971451 2.88381204815949 1.36405998552497 1.65730887914222 -1.76462751202073 5.49398847835433 3.04607967658631 2.67244741227142 -0.151961093111368 4.43374749654605 6.6002890127151 3.95494972474119 3.60123552469667 1.23032622381557 4.08801950339628 -1.89683342028383 1.67379141738054 -0.183759992807743 1.76901505977264
5.15910785070316 1.84404243099349 2.33853016948829 2.71116458123779 -1.89676987376812 -0.951796601490638 1.5128988809274 6.79298679995139 0.419190973120054 1.35718713847687 0.95697271815403 8.05586103367015 7.36182257663851 0.633867859215766 4.92444891858528 0.088297569288696 3.1976385347845 4.54056118957697 4.59110999739234 1.60586343781715 -3.08220154384282 -2.57599388949012 1.84306309071304 1.5290135910807 3.58106338741001
-4.09862994315403 1.35403900962073 -2.32487316427096 -4.87460367651357 -1.79180659039922 -0.952972935301047 -1.23608777556678 -3.09971145374832 -0.0734971051550204 0.897167096798426 -5.79332262607227 -0.918354802167746 -4.81702703721693 1.3691491660533 -2.52831827943092 -3.90461293883058 14.7964342106365 -0.779579119563517 -2.20752492867522 -4.1774915308192 -4.26591597104978 1.9239511032871 -1.2932592848657 -1.83471285458842 -2.34518357677827
-0.40929003140236 1.27839439705697 0.834478181147648 1.58309535101266 4.24090098165215 0.647714686189155 0.0669632041994168 3.89836471316014 1.91470109281603 4.8740313171716 0.871634017340704 1.24707465006982 3.78364231160108 1.52520913638299 1.07975404726971 -0.766027743661716 -9.60746977394688 5.80803904706534 5.34737346136806 0.629338403818168 -0.0143348750402599 3.37337124900696 0.529266432092411 -3.80803922317804 5.06211536796141
-3.90103519267193 0.855098837991166 0.049030447283303 -1.46794590544451 -3.57617054624104 -1.75421467674025 -1.73224326502202 -6.0582754895545 -7.49049573207674 -6.13409635539632 -3.02736124492415 -1.30844534584679 -3.48843418306944 -2.3793797062183 -1.04781675658185 4.39181737253973 0.710554622543638 -2.27464034364726 -6.65661145513579 -3.31878142645153 1.53348192087232 0.243306289066322 -3.63624383389166 -0.131007768384305 -5.50514904305513
2.81588431881457 1.80647240239218 -2.68804469900623 1.15000409176407 -1.63306600716332 -1.10123267956023 0.464256756397808 1.71233978326849 2.11837114215151 3.82551588221583 2.18082728114992 -1.82791210666117 2.97515194856247 1.28677051212091 -0.339542685741857 -0.432592645362559 0.0516999133562205 6.72009672574199 1.30638630080942 0.689828359225418 -1.92628729600036 0.614242813859587 1.58747346103394 -1.1805919682722 1.73373969788202
1.38203975035865 2.51053502182023 4.29356992026786 -1.63475279529839 -0.82051162165878 1.27687067456914 2.95860150365979 -6.45836029162001 2.65385972834059 6.60578678210114 4.91207445949325 6.70361854994667 4.02994151408289 0.296326117113844 1.18515600199155 -4.81636559069869 5.14958317443645 -0.756574431281236 0.590901035652793 -1.69915824371135 8.3820528830081 -3.57136578500534 2.39713382912588 -0.00516950422510332 2.4460837370916
1.46166103105874 3.22434480045173 -3.63256403141928 3.54370660066401 0.899636854365233 -0.276244701796959 1.24378680894058 -2.55689696261073 -0.0819754868863343 3.54427170773008 -1.24002016050418 3.61527445485575 2.43728368225116 0.525415220067336 -2.64652708850364 -0.38121578409625 10.5502910384877 -0.720728346218159 -1.11159700808464 1.17389769196779 -6.57162078827023 1.29396924932898 1.39015102062832 4.05804962125173 2.82172060810715
-0.155161052251556 -1.74032039697316 -5.93434164873137 -1.49064467951345 -1.66251806058831 -0.17846174733429 -6.71181061305102 0.578222578008612 -5.31251539231536 -1.48508182673197 -6.62579457843804 -2.92085455158197 -2.74006771946752 5.72679104856575 -3.25894418286071 0.677222497959303 -9.89155123006545 -3.17476695827486 -5.6854480134548 3.72986178923548 1.51482879349279 -1.93022699642224 -2.19329091822442 0.282799452566061 -0.193185106264898
-1.93348634283631 -0.266524477580942 -0.354915001449069 -1.47478684609908 2.07423241310724 0.308818331746565 0.67868005338748 -1.2755616872109 -2.63605035694221 -1.38428315165431 -0.00878263263906343 0.904513793664734 -5.16167073269651 4.9031281487061 -0.643830043356623 -2.74998642990163 -0.29320798336767 -1.80445822281444 -0.41479231907784 -0.127623944303773 -4.51054468303793 1.5558814720865 -1.85936256262758 -1.56783705880041 -1.66736820124797
3.92602482840117 3.55284891398267 1.21661874558916 0.320816955631189 1.49265830586066 -0.569771663529119 1.46610369423045 2.3471626296415 1.79845778046998 2.13237100583556 2.24822489336218 2.23543214221371 3.97924718539034 -0.202804613260338 6.05354100377726 0.888453006312356 -0.435526162912802 -1.41512871755023 -2.36139853391372 4.57992400400678 2.34400281838909 1.29725696818403 -0.203180582174967 1.8884299386007 3.88894461106457
-2.75604961074114 -1.43019788132628 -1.30664109797275 -0.0273905779233097 3.90592244738676 -5.54253516028832 0.192043703549556 -3.4188268138345 -3.79579002999834 -6.80071942207553 -0.543734698558173 -4.65439543219048 -4.06586125122676 3.77328574421426 0.773748580149502 1.60590086031083 -2.51030290871604 -2.76233997722136 -2.0866174812296 -5.3442366542179 -1.89857319436945 2.02244555683684 -0.644281941686966 -1.27309412226159 -0.411829581617991
2.72923622701155 3.40682581133095 1.47238155187657 -0.778603367616648 -1.63638466905559 1.84877558728308 1.11995961499326 0.305416904479649 1.78552973451422 -2.08444894707919 -0.580150716760451 -2.15541873548733 0.675075723971091 1.72724569580093 -1.01191615569855 -2.44790481474621 14.933800561493 0.107565271665594 0.293901488409202 5.41581694858484 -3.34488841764693 2.87745765550013 2.37385501822541 2.07534311019016 2.28700164203565
-1.71570039135293 -2.45796687032144 -1.76256320839679 -1.57213716837371 -5.69789237773752 -2.51401121398447 -1.27330857244945 2.01838530309409 -2.40023946032424 -1.58402975620119 -3.9728833035948 -1.93218836445065 -3.62239400797791 -2.30344596076519 -5.00939662383019 5.06117415639557 0.322389197944233 -1.76933328712976 -1.94048804436128 0.310346742330633 5.9069762902936 -0.443460020268856 -0.544304302774746 -2.1240857191886 -2.06873749205264
1.74304134620863 1.34533907249206 4.92919693585494 2.34028775639318 1.08184942798596 0.627941067122402 0.61681982045979 4.34503194034646 2.31397394972261 -0.995582057045409 0.900327316537034 4.65414630028886 3.13155237096939 0.845756757069182 2.06966371280555 2.2142435979651 -1.14591573949813 4.51509298270186 -1.26573407389046 3.57600582114308 -0.959396513678301 1.64454108503036 0.385420129824825 -0.670695348452055 3.70258268787892
0.834804212344265 2.27764118629122 4.91049300121099 -0.701607636624839 1.60683333502474 2.83567167028942 3.28002601142311 4.38750721684179 1.34269564635816 1.27156102881775 0.773537982378 -2.43619576736345 2.49743875759604 0.503901273996687 2.77738392890863 1.77174214265992 -13.2673287631488 0.799113209229547 1.92675486675169 -0.0571773528533039 -0.0653355731819304 3.39859775300949 1.72987424759977 0.469491037700553 0.0921969835894234
0.985771795231412 0.981514785137777 5.11123266288155 4.28355884504465 -0.567005571095516 -1.75219413824647 -0.861900108033561 -0.565478477253375 3.25728199615905 3.60689734028846 -0.527513795630514 1.20478618484892 2.42409301707223 -0.104425301630312 0.215769288052416 -1.87016896968069 -12.2529847261609 3.56157905863671 5.36634372965754 0.607642042368819 3.8877540637807 3.88125694590514 -0.149520209708235 4.39448617562689 2.29403280738422
2.91286167309322 -0.19246122687069 0.714434703398061 2.27800246895023 1.85804460545103 -1.16136694300493 0.127398669036316 -1.82182915935071 2.33095867648359 3.33067235843279 0.635986825563994 -9.32468716215905 3.71284308204564 1.8599996650749 0.518191705875214 -0.740121721721243 -14.3769567830958 4.97139283950152 3.64754481966648 0.773346853362335 3.44206182254083 1.34435641721376 2.27594428317887 1.88699197230083 2.44785811781627
-1.51360391031484 1.14293423716007 0.104779552770167 -0.908889376821996 0.587015445366274 -3.31053250779393 -1.80346564899388 -1.52255030880441 -5.63183531153481 -6.48561951628827 -2.21597340815386 -1.61311566061871 -3.91726123573251 3.38102870783205 -3.54341997029979 -3.95390117995425 -10.2942315328151 -3.296105420502 -6.08340827146716 0.326711633931788 0.723889821798325 -0.276660959712366 0.752340146955135 0.503095295800238 -1.78299088459542
2.25827989431684 1.15278090321075 -0.392383258059554 3.97176166078069 0.780462610974516 1.17280475035541 2.97799428691882 -2.84264598870428 2.92673687996683 6.02078401610067 2.4699181369877 0.295526077089179 4.24869434454392 1.24917927602417 3.28331652672316 0.439858463038739 -2.55689784360903 -1.57910986016946 -0.999948496580882 2.22465132356849 4.88308550383887 5.40952357589476 1.2349929705821 0.527626027132241 -0.484191531671431
-1.58964505094702 -0.813777803944395 -1.67854076687438 -1.18106556559533 -2.44869578282412 -0.917507856091049 -2.89813556295584 -1.62399398528627 -1.0629843930576 -6.58274141535547 -0.744417126381935 -2.68438418772861 -3.22789654850667 3.74287952494108 -4.53409979598748 3.39885645926868 -7.30339731997546 -4.91826842751121 -2.65905357313985 4.50645690743226 -8.07584980695287 1.33539432481259 1.39531240737766 1.18898071734185 -3.50477404150634
-3.45736996431708 -6.04239800969217 -3.96128188481333 -2.45479175460411 1.70024964499483 -0.488185407173627 -0.341322992916633 -4.73401154041901 -4.50146685806332 -4.94296477796122 -2.58646002798185 -1.1606036863589 -4.12988276912348 -2.68667723028385 -0.813889782421059 -3.03225649015974 8.22676900921358 -3.26771134045956 0.102727556345317 2.81094150201777 -1.76561889733823 -3.20011658477636 -3.41022428237262 -0.036757042686705 0.0181290202385715
1.5285807266599 3.37029570235126 3.92360451869751 2.74610628738743 2.23521907718182 0.378493280509176 0.649424112152595 1.82498065856674 5.88072836186348 5.60674068576247 3.85572824717148 -1.04176774144603 3.46562514530916 2.57131652370442 -3.34208813864536 -1.69302067352016 5.37070284582155 -0.148507750247746 0.448268065263883 -1.17326180713298 4.53368758854024 3.58293163472493 -1.13916862852047 -0.180984539882881 -1.0800071047017
6.78549725812941 2.27263519018453 2.47666290922009 1.97054605352142 3.41812713081763 2.03723875129042 0.892079283065307 -6.67475179493317 2.11379158637992 5.93529619788509 1.59763744127684 -1.31249899271965 4.51943374576116 0.54051640406726 3.02795010524788 2.11691670659497 1.84273352974672 8.30030325452786 3.19369301556948 4.2508825973974 4.32213631257011 1.61408849877106 0.611370587512434 0.665133798007253 0.601926820231671
-1.88092868754493 -3.36743939362178 -2.19211049235632 -3.08804165422767 -3.49774209067654 -2.10036342919563 2.32196395721506 -0.616318265445238 -3.27079768592901 -4.29829351347369 1.90383428501135 0.137354306267208 -3.8924731596519 -1.98575324661615 -3.2538280955665 -0.465544741023446 -5.15147358559103 -4.24787998920391 -1.95721997322734 0.274806131146198 -2.9233637509785 -2.46629105735214 -1.58963414772211 -0.13612284803758 0.595555917382151
-3.57193629328151 -3.89592039305705 -1.93076552783687 -3.18578926355289 2.49762485424547 -1.38991883915729 2.14902197076372 -0.483042550971463 -1.6939530003622 -3.4863058103917 -0.653197575704704 -4.83047210307168 -4.45557611382303 0.672467583499438 -5.54027043426953 -2.28372754407709 -2.08003242564595 -2.45031141599874 -2.66126614975462 -5.25088112536975 0.926980386795699 1.39712068449567 -0.329921887525283 0.916251182424861 -0.0581149038190676
0.736448428854868 -3.43618382238424 -3.61144953470056 -4.27172810684077 1.63263414978297 2.63660230237156 -1.76555634829931 -5.36751683801519 0.488893508906445 -1.99056054394125 -1.39598078826428 -1.11208492845197 -2.7353109812969 0.497807501276829 1.51651661931171 -1.50606189800358 -20.3646410836017 -2.27595262197012 1.43750695531324 -3.23692701703409 0.417308985271769 -0.213070876542243 -1.72635295712441 -0.756072768987678 -4.21799089826924
-1.13041563441919 1.900151818678 -4.31468610853546 -1.63654740760953 -1.29970092463416 -0.0668506213337178 -0.997608178061324 0.349734220520429 -0.847235838400672 -6.86916355412507 0.578811895425384 -4.12365016401252 -3.36539562237957 0.402310200002674 1.32837288809978 -2.12057937094159 16.2661527978439 -3.45991289243711 -3.18096083742874 -3.28860485747276 0.657762236708505 1.00275759455477 -1.43724024175485 0.66097258857928 -0.365257643985958
-3.7502288442502 -0.934783345147185 -1.66347037986941 -1.17046201320073 -2.30469429085651 2.49064367495297 -4.25266745566562 -0.354730347592464 -1.54077755881042 -3.79677179987222 1.19312913937561 1.88190429521313 -3.06060967379246 0.53331340777624 -2.48333916786364 0.670509956197877 -11.8760537893929 -2.67612590526971 -1.46392995008749 2.32425579577874 -1.73117536777218 -2.79730360290503 -1.33274553780464 -0.668080964765123 -2.86171537731907
5.65034325497023 3.58668516310127 -0.645084108386127 1.81746202702143 1.25079432683954 0.644671387952706 0.0317165411479514 -2.99979006050484 1.34511675281627 5.81744863754617 4.08487076366458 0.985532454865778 4.83308848458111 0.0118983965647376 -0.0507075919936705 -2.86006272498513 -2.07382949868788 0.357649401561026 0.136037727123395 0.347030434097881 0.536336347145008 -1.94904921396342 0.991625118430572 3.04443509519378 3.46514340125267
-0.432697511735172 2.69894836933887 4.84194630458655 2.09560403349931 0.603965634285369 0.94385983234805 -0.876252758364078 3.10512975641818 4.05388566748971 0.276856324877545 2.86754443546871 -4.78635312265236 2.39358364930744 -1.28215704108686 0.702691215639428 3.39077377105017 -6.75866282427938 2.76303830758667 2.94391562904965 0.498468610236364 -0.188949356931173 -0.017964374060002 3.74162541998342 0.962674950538881 -1.51029832835293
-1.68492210627404 -4.56764698284751 -0.405241969664575 -5.79110394085366 -0.837613217431863 -2.71977671968668 -3.82427022487601 -0.795412052413256 -4.41685702745095 -3.63416781479946 -2.077207173496 -2.55364572663315 -4.40515515216519 0.439682120911201 -2.1914339343077 2.97966067033385 12.5047559631138 -2.66524937590135 -1.65798160005973 -5.31542958972836 1.78374626026185 0.383115646526092 -2.21808412181098 -0.935841046583895 -0.854668236031764
3.17848197082325 0.700909673183788 -0.244424190410144 -0.44950453909909 -0.268402600964952 0.469924338956353 0.302749724698012 3.35979221144808 1.64496174166097 5.82136528298965 0.602061504667566 -1.2786232774405 2.7393116255745 1.09259049739932 1.52906489645766 0.554862423599148 -6.95896814332337 2.74812428165651 -0.688959181332539 0.0340497230796803 3.51935070463806 2.66280557984689 1.90792556339599 1.7007885451524 -1.56903863653156
3.31319632340306 0.285578488685521 0.132725288804238 -3.38222844031623 -3.6358629597871 -1.01183465688693 -3.41949207512444 -0.177893047165802 -4.76047068728173 -0.737406268057556 -4.23525465775506 2.1504184628484 -3.37074337769798 1.86722865918723 0.635064643071523 -0.881237954014679 2.9726430122251 1.65339947213427 -3.29826198838667 -1.12133068679161 -2.9981919005639 -5.31828564298702 -0.231255077896028 -0.325962960945479 -8.39753588287777
4.63708374693395 3.63764385132526 0.687272740569458 7.71877225074108 0.85395941521894 1.5604805775809 1.99537018697947 4.61387025831939 3.23922672092654 -1.35690169130787 3.14514212442122 -0.883055176763976 3.38919095482689 -0.692017616558043 0.0516792911850525 3.43965416283938 -5.30430294020081 0.814381881837007 2.14062187377104 2.07258386011586 -0.542554493135241 7.81056378232284 1.94707154537074 3.20052891640563 -2.02128353219087
7.66153299860677 0.949570209148927 0.909656250509753 3.6697133720012 -0.795462245709207 1.549875181008 1.4730071309701 -3.83320797717503 5.19015279292178 -0.210855311357335 -0.535081670127976 -1.01848517214749 2.59728416260716 -0.306004970599363 1.66841897265195 1.67302751103365 7.02687560167769 3.83091695978419 3.94882097146704 1.70465416590764 -0.142469428479958 5.21931947733642 1.36034150659063 2.61546569824389 1.13802565800929
0.31034144409148 -1.64645040028595 -3.05957895691991 -2.3774247256787 4.75465619251416 -2.38166400354356 -2.5189356467235 1.41653296703056 -1.65784993392664 -1.65413036013498 -3.52915387995052 -3.83657872615393 -3.9850472729183 -4.62178122897743 -2.59250068429325 -3.69758231584722 18.7507370098217 -1.61238056153966 -2.49916364151656 -3.39372918436216 -0.513186943183073 0.746322865281071 -1.41008292265047 -3.04432767764656 -4.74202724138272
