x1 x2 x3 x4 x5 x6 x7 x8 x9 x10 x11 x12 x13 x14 x15 x16 x17 x18 x19 x20 x21 x22 x23 x24 x25 x26
1.30803412851643 -2.01869655424452 -1.33988798838585 -5.13853738884912 -3.58308796979871 -2.98150436455481 -0.382778897871272 -5.59152705554963 0.774408557519476 -1.28702973827425 2.3484046608193 -0.916612901641873 -2.92304120532952 -1.45283268325067 -4.95698280856569 -1.51238647074958 -1.62153420946118 0.978760924357276 -2.44363842161888 1.36022979139287 -3.67829430057934 0.485628905224024 4.66189796157489 -5.45212705203746 -4.76979087659364 -2.13891664940159
1.45965772533927 0.130060780439321 1.26605329477474 1.43892901439147 4.19916326577926 1.29212190813368 4.08211962119199 7.04613559365823 8.99366663425193 3.43634003479604 1.27748154859104 3.20661921406799 3.17766890705936 -3.47974719134608 -2.69491420504104 0.377467343126252 -0.533754121085763 -1.12591991626454 0.388389208888379 -1.07433901852545 0.857944177304261 -1.02463639874727 -3.15260833909655 2.91463262315601 3.33559640186076 4.71772239592134
1.74518320498326 2.88649142877482 1.70886261385925 -2.51367030488262 -0.237880036673994 2.09293640358852 2.95882572411666 2.2642549685608 2.30066464330418 -0.177215100967835 -1.21368209626484 3.30047767979824 3.10809841681785 -1.56492531277385 2.3411613540633 1.47251680657853 -0.362342595245643 -1.94165558273795 0.880491099937925 3.66717413478784 0.376053460526383 1.21657633653556 2.4337391167339 3.71218676776597 1.44554657332702 1.27107513468508
2.27232470848652 -0.297944963200783 1.39418784173133 2.05154518914992 3.37319183764193 8.63816655512509 2.67342975923639 3.71691123966641 -1.04889304583475 3.466277068285 -0.101266201958578 2.27982262050158 0.39768758280213 1.84748678436016 0.808363009183214 -3.35490951731357 2.58577341430689 -3.49620853543648 0.942910440062008 -1.34810770349148 1.45310905332609 0.439099921867098 2.87959940952106 6.93722489071916 3.55936297771861 -0.831866552260482
-6.00596547315382 -0.930751778010698 -1.23880458789069 -2.57749138654908 -2.02952945456638 -1.55604730547167 -2.79520504079717 -4.50877858620674 -0.431242600327317 -1.56457141551114 -1.23603937244267 -3.26069209546097 -0.533890944211157 -1.22545561537675 2.3720018745065 -4.19480726900892 -1.29636215264449 -0.589194499943443 -0.717005474428994 -5.45172765285795 -1.44090836174126 0.479310108729663 -8.00745088173212 -1.66004416929422 -1.61341194687359 -1.01456601248373
3.92219362154148 -2.12741585727979 1.18390019034165 -1.85678163570609 3.47735796171175 2.46784514267163 0.342112414466573 1.6517233016784 1.57242098985061 -1.52762421244425 1.083015929276 2.42120452075212 5.50293074295877 0.645226274808454 1.67377580760774 1.63849666970284 -2.22567148585324 1.97930929307535 0.788956432681087 5.2682055553945 2.20552392881817 -0.0825538130359239 2.20025483400662 6.33155489982067 -4.03054760433961 -0.217174228888608
1.42476296131082 -0.32151705020831 0.333474971218096 2.97008639975602 -4.04568606647579 -0.844694631441802 0.393037638145621 -1.96003463397346 -4.15636459245735 -0.497203833090048 -5.4267052459903 -3.4837837929314 -0.124206206123129 -2.4233420524706 -2.91700873382633 -2.2998119889979 1.07781509182055 3.1412750583974 0.381942306753456 0.606436157631768 -5.6704341896647 0.0185460489107593 -3.9270120273125 -2.19212633783028 -5.46927972646818 -4.26592677513701
-4.66668625680302 -2.34408134151503 1.30820364499925 -0.73871309092171 -4.7363104520631 -1.60848769989589 1.03086182765323 -5.25474695940096 -2.30378606159407 -2.14590985438766 -0.171894675759763 -4.45448652136984 -4.80734788794013 -2.20682138552528 -4.39001551232448 -0.521663433126622 -4.10823906551509 1.3937674541665 0.0787688728518114 -3.16145463912761 -3.83203907146156 -1.5898036599471 -6.56730313855991 -1.35346074517304 0.523356147724807 -3.94615606798549
-3.95636239907069 -2.23739661428581 2.58233796963425 -1.41549012043157 -1.86272165102681 -1.63256349102262 -4.49162574727529 -6.22461157239756 -2.20932269617091 -2.52812032227232 0.647996826041826 -3.22759109097273 1.72340194921577 -0.0937772989522874 2.7318611177921 0.94536379578632 2.09097168450162 -3.57006342547589 -3.61043530620719 -2.47629482174127 -0.1979007819582 0.477424089972758 -5.10184743913544 -0.289600576232583 -2.69326527428912 0.71460947810978
1.23942157161803 0.554645609549571 -1.96113775062291 4.53027221996202 0.964368434964857 2.72650452643916 -1.06051582891421 1.20994181963375 5.40619553571991 0.984016854263222 0.000313448488563961 2.38718929235692 3.41936972378426 -3.50987451717862 -5.71584212036039 -0.107744408689427 -1.23283769814631 1.29324472844949 4.26003799218098 -1.13775169106206 1.89243042402392 -1.92301727765269 0.83120520659696 5.46118231616939 4.87091210682204 -1.13776971033714
2.17399397719216 1.03229381014664 -3.07475103686587 2.09640191001568 -0.937306507251895 2.59409657650684 1.19224910845533 0.7304998288641 2.81056874099751 -2.39488679798169 0.921731917260165 0.111978753458539 -0.160606055430228 2.70276690166639 -2.71648217400136 1.92254928333815 3.43456500559685 3.19122278758501 -2.12931709039633 1.67095988510454 -3.21548040958579 0.881077740227519 0.540561697393702 0.316400644288698 2.48247256702768 3.84384566338487
3.56405307032244 -0.926851812251119 2.12560015967564 3.90160761933811 1.42350843993703 0.718386365993794 2.85347518269254 -1.21839446613731 1.02724926118857 3.36076280365206 0.640158766555555 2.17551600025786 -0.16913368642379 2.02071225661534 3.16825533066926 0.752334424422896 -2.08252729334033 2.78535953263898 3.30544781514752 -0.473056929623177 1.34964283924975 4.38551989869443 -4.66572878800227 5.52187406523548 3.50541919800866 1.1784393483894
-6.96930450233383 1.3327491874771 -0.105136675166061 -3.41006903098127 -3.91145666497919 -1.84312011212904 -5.74671016738072 -4.99836242250254 -5.506152008574 -1.18792200607574 5.00400309063298 -1.79563743548175 -0.190882073782654 -0.162299180681076 1.7067257251736 -0.416478162494702 -3.25585862788251 0.326770131948537 2.3854889045534 -0.5818806223543 1.22857329544695 -1.41378051579032 -1.07139601960623 0.503612886484154 -7.79671864454324 -1.90130631293008
-3.92293164546312 2.91515516036351 -1.70983802616674 -3.70264539299954 -3.26093743338646 -0.222916265438962 -3.69338035711063 -6.93766109651815 -1.90927081564812 -2.33532840570258 2.75461584167724 -0.991009809916429 -1.24052003941283 -1.52272681148096 2.50432394769174 -3.31541126005523 -0.327991320776217 -0.675710362054493 -3.37019192102464 -1.1057444024152 0.471182572365854 0.674419054752201 4.15398708138712 0.156291426360406 0.525739424825133 -3.17940693682918
4.84334132270631 0.469225617589039 -0.230326189763726 -0.329308193778089 0.333350745574125 6.04096428955326 4.32570691536151 3.43560926188278 3.82994522284134 3.78907453140107 -0.662048483609325 1.00072128983795 5.56340802783805 2.79442680700211 -0.692331581775911 2.30455752389226 1.08681273636622 -0.143141083450844 -0.252506700872929 -2.65999900488251 2.03922510586089 -0.92687502107117 -2.17903122417679 3.50454505069061 2.17770327269522 4.75360662914245
3.88366613548138 0.593065398094002 -1.02227756128285 0.101741237177621 2.47727549261143 -1.35768127031857 2.89054346334992 4.91043767047861 4.63618413810737 1.35849229609613 2.62732755479046 4.51249485120651 6.07866868009408 -0.983114783348588 -1.50721670998661 4.08243083321947 5.53121397189942 1.08390050475929 2.60515768329494 0.131648567526451 1.15074183641825 -1.77808812168451 4.64851977293899 0.84403529215932 0.918675651444436 9.04035005736629
2.08936317460161 0.899979413403018 -2.35828817712736 0.524752240400649 3.83218475720525 5.73681994792762 0.0514833086331732 4.80605008549214 6.67704645470761 -0.18576959559993 2.80296494049665 -0.607827963148025 2.23375198611587 -1.15072381425911 -3.25016043316028 0.521196624218318 -2.33795596614048 -2.13773582710223 -2.11659657713356 1.47014943836361 -2.15522620542133 0.293161282310597 -3.45470803250711 -1.04064336271875 3.34499483658913 2.98904367686631
1.43118160679844 -4.62344775640246 0.881723988977229 -0.40981064805204 -5.41047174678891 -1.65295601067512 0.088409147496342 0.898198545202602 -3.56884134887149 -0.317725216991908 0.25281302846829 -1.88463596403885 -1.4552884400384 1.04896509293791 -3.6417689587733 -2.08161830823337 -0.416654831202927 -2.63863432628601 -2.86944073395666 -0.835069816799967 -0.00576805530420099 0.354666965624726 -3.39435674909524 -3.04974963762092 0.368963830921886 -3.18650908432976
-2.5928180558246 1.04030375388896 0.00577231624198832 -1.71187288234849 -2.11039937289604 -3.3500598684541 0.984580791373781 -3.18758923090917 0.273275579485988 -1.17631176116118 -1.81960894952331 0.69895499730907 2.2161191157356 -0.0602902156797225 0.739237565717673 1.25859209510472 0.971527778203519 -0.0649050725068925 -2.23583770488717 -2.95831600780562 -1.03213878196144 -0.726892820917254 -3.24786545964775 -0.899174863860135 -5.30303092635014 -3.6479967550233
1.37100989603318 1.16767121327221 -0.492753407511167 1.72777747995979 9.06793150088245 3.5548988646029 4.46011632154143 1.63298068870657 0.975460108855482 0.920632516436406 3.03895523020937 2.42514319568669 -0.192444965882054 1.53470892822814 -2.62997722638259 0.614120958099535 -0.365267821658965 3.31684664008642 1.93459323422375 -0.759008653804243 1.39905695680999 -1.20549582653039 0.49171705302979 1.84143330908279 9.37048951618399 3.5321367376227
-3.45548872538061 -0.635897426614353 -0.319978385283734 -5.64245159931117 -1.91610060291233 0.491882999706677 1.38899309816695 -3.35751374198866 -3.27552439200263 -1.30403831672446 -3.36247960964318 0.57046172240325 -0.00498900223324272 -1.63372038445074 2.4121417334321 1.09911517684577 2.76285117691531 -0.545460737805214 -1.52753670426079 -2.06327495416022 -1.38822855838053 -0.592765541998839 -2.81180463851162 -2.0166590640166 -3.19920741082266 -0.584981036957476
2.3993600443162 -0.0161654935987142 0.417431701365555 2.67954175568157 5.1785069916673 4.25679364421853 2.57379439401953 -1.28876176113065 0.455485832442297 3.30033899726299 9.80418130202999 2.47358816364485 1.08341841729213 1.43417136565809 3.47858320227689 0.459056158455539 -1.03425235433764 -2.44554698050546 3.08415945552946 1.98407336324203 0.210591367726612 0.527371956544469 -0.395408874009532 3.66876876689232 3.68167572783234 0.937527794684944
3.69167728119676 4.41488297817689 1.06413441455103 1.99460231155021 2.61716322316644 2.29370419151849 3.68944815973268 1.96984022688411 3.66181332506553 1.69333679630849 -1.1152857073921 0.907445472650261 -1.70382863072868 2.16477251735507 -1.26197287782869 0.883704818632944 6.32173223212139 -2.09583766601383 8.24429540687292 -3.03756977464457 4.70554025873083 -0.0950269918727925 -0.85641858093181 3.61964866486889 3.81218520062758 -0.391343297220275
-1.52575351748275 -2.57013656355372 -0.860699391144063 -2.5966356128789 -2.10113821721765 -1.7464534678487 -1.75847114827551 4.57776672648804 -5.71927201631828 -0.669381806634672 0.929547931592206 -3.95310570204762 -1.58782056737592 -0.725805101017159 -2.4450560100687 -2.20987744184712 2.81166514182776 -3.6865817584453 -2.25202098527581 0.893702698354017 0.776637645932773 -0.359595894557352 -3.13407230654969 -2.51704923422251 -3.60387997811064 -0.983299857128822
3.27617162646149 2.75117659959028 -1.20969194027175 0.73401325399281 -0.304701760825379 2.44550013778595 -1.80540250212012 3.28057547725148 3.33280275174959 3.32366958816179 -1.54813785227221 -0.497443960256842 -2.15014345183019 -0.250823364780573 -4.00803405645708 0.741086804031737 3.49389496387013 -1.29855652820701 3.48450023950445 2.93557260128485 6.55899892461123 -2.50852258289963 -0.758074564156028 1.74123735703662 5.24795963259524 0.907994224175347
3.19147804483918 1.30925718812131 -0.99391418997396 -0.702350612101437 2.71418116033226 -5.75866738013939 -4.77705244750515 -3.29604823518951 -6.4655207280575 -3.04308334528433 -3.93992451345683 -0.655084855199313 0.672470064824354 -0.776535682306494 3.00042205100348 -0.721691565273344 1.28492954208292 -0.623336097473349 0.151742130535221 1.17726988348138 -3.30232414131719 0.917773435067229 3.61917480108889 -1.00065963138678 -4.93400668621194 -1.43748665312021
-1.14404331916806 -0.821609437534393 -2.26044393062084 0.44133769566298 5.13947454448002 1.96411171930256 -1.00324422381445 3.13892475261059 7.45446626648395 1.55354792835581 0.815318436180084 0.746976264750629 2.06166062825204 1.04175067250502 -1.88759199156623 -2.78250100755567 2.85181046544458 4.811380683519 2.37711570880014 0.3572525147484 1.01179110481437 -3.92142158192614 2.27045901311603 -1.71595889568782 -1.47594068103627 1.35688676688491
-4.55982958083624 -0.708665482854259 -2.07521945908874 -3.13761868103933 -2.02809345384894 -4.76367248077498 -2.60615028381281 -0.0780552482734591 1.43345888016395 -1.59656003809314 2.25132108447592 -0.560964960954122 -2.80616422636674 1.05554082354882 2.07276914830358 -0.740649670368234 -1.14923873965204 -0.217715842069981 -6.07792216201156 1.16625734310196 1.47687055413039 -2.72152710743234 -0.256176833436793 1.80194489435355 -3.29435668541219 -1.09676390726022
2.37766837309298 -0.0189621462417646 -3.59995553279497 5.45372824638613 3.39055104545668 2.09058158659215 2.22613510842556 7.11309978174777 -0.67969591039347 4.49742683441041 0.550786972758793 2.45886779300436 -0.0113195472226516 -1.6548646139889 1.15361520186512 1.77028890398028 0.659739908709343 1.87383424940596 3.69489844247379 -0.200049434558065 3.48254438284436 -2.77604102886908 0.549869180716547 0.610278263316898 5.25851563318867 4.9038202804119
-4.7545165402662 -4.66850320199431 1.12250848454615 -4.16301190307386 -1.63561477151338 -3.34662386143239 -5.30649115686312 -6.39929294057035 -4.48453709137009 -1.07894596386026 2.97656622895805 -3.80195763495118 0.162485669208115 1.20380064854414 3.56773040115932 -0.166758182477689 -1.1397299395468 -4.21060491895424 0.975667714461465 -2.19135521228173 0.0878212382618344 1.68666115993675 -2.52841226324214 -1.46367081697758 -3.86665637850821 -5.50460782545376
-4.19859540766183 -3.07076965518627 0.902414570424697 -2.49901695678546 0.190691698995186 1.31093522702152 -5.19488314506724 2.22287324953379 -1.3141180576754 -2.62087067506115 7.86303059975771 -2.24225449359771 1.10938104308088 -0.0152591817413008 2.47745587556837 2.59911387062421 1.03828196355019 -0.348968762711218 -7.37812596324485 -1.35621226410751 1.35104587098541 -0.586829786355577 -0.319812343957359 -3.69184078661389 -3.56339542562326 -1.91716368945521
-0.576196472372243 -5.40289422094636 -0.408911877161223 -1.26158665022958 1.04396635655492 1.82770571974286 3.67513348476532 4.04936707794014 2.91399152668898 -2.89532481232341 -1.87716130030543 0.637511555689887 1.82674646529962 3.95847279284669 -3.33950141201834 -0.640839768849801 4.22261645989074 1.27889474528757 2.96188399351715 1.33214220456757 -1.29480120962444 -3.81336834221952 -0.278165635213797 2.87611947656481 4.96048801910007 3.11398355966206
-1.02194707405547 -2.03458332393183 0.2185781294463 -2.02393307312237 -1.24483048227047 1.66162987549318 -0.417749091697874 -5.31114905275387 -7.56505354357787 -4.54911631890132 -2.21063269699092 -1.71174612527003 -1.32059665671584 -2.09634374610865 3.64870723096414 -2.53546827205636 -2.52140214423836 -2.63874852971924 2.35599559699066 -7.31887529788407 -3.28698885146638 1.25292901590943 3.11723597081671 -0.670205895998837 -7.44409663793719 -1.45178612877794
-2.95887050762345 -0.93688259151171 -2.45844688494843 -3.16354212687093 2.03064058207037 -1.90742568465812 0.092222364475814 -6.36805975585333 -0.521040698305961 -2.29959243970535 -1.51021159638634 -4.48450232651474 -2.76210247354347 -3.34495797129595 0.80032344475287 -0.225005983455975 -2.25262682886664 -0.293294928919681 0.184418436124814 0.405466239961685 2.85799104009256 -0.372487730447157 0.500845566412161 -1.46473243239431 -5.26044423173897 -3.54666926387785
2.25489355942268 -0.8385522180989 -0.138765161758007 0.254887524825566 1.30753441102224 8.18012352742089 2.15806173608503 -0.685608411169417 -0.448302883831185 1.14502967890157 0.116046034635761 -0.482597424327787 0.496624256221205 -3.69700271285653 3.33643036634778 -2.32644500772036 1.95190577235077 0.275981983247302 1.76751556659989 1.18926741098303 0.997077766350193 -1.31675779354695 0.109858844503034 -0.43607916524198 -3.94140678162333 4.94844718823854
0.969434037350612 5.00066782638874 -0.956919182809007 -0.38611640122536 4.2979786697811 4.35346719159315 -0.95184711120167 1.68634069601943 4.97908267742634 5.53259970817918 -1.13838497677836 -1.55072065060375 0.580499450409062 -1.10349843020153 -2.12385903555702 2.26023307492609 1.70682211103822 -1.46167403218738 4.99495669781342 1.6803137367442 2.60900092158932 -1.69337929361448 0.296705013476886 0.37290293200194 5.4465313575233 2.02174982313491
-1.99331859000194 -1.72014853911616 0.967223366258802 -2.74692575468418 -2.47172727288487 -4.64879330399146 -3.00202201515787 -5.69953780343311 -1.45167238588116 -2.50962852176799 0.650052377256424 -0.812659839752534 0.370430033271275 -2.58802505361441 3.16882207157834 -2.00625871976816 -0.476066608894975 2.67775474863877 -0.987422051016583 1.21452803473917 -3.17826240556895 0.824237677135066 -0.632780343240138 -3.07689810832752 2.85492071469169 -1.33038996530829
-2.68499130732012 -0.375135688803015 0.0476372494001267 -1.08997350358384 -1.95247902583822 -0.871814090360039 -2.7458633287242 -5.12984323213874 -6.70865077374367 -0.341249874651938 -4.35074591222764 -2.81455169347621 5.728244409874 0.485528468592488 -3.80803762934945 -1.2706057696369 -3.66329751657392 -0.486745347656296 -2.72151883556266 -1.67285666458222 -4.3318543834575 1.24232724770899 -2.78728520025291 -2.85240536324061e-05 -7.66829731816181 1.02958104156079
3.07994167724079 0.0722697992211643 0.897956945068411 -2.20265544469674 -4.22182913836804 -0.205979992773697 -0.0427933627466164 -5.52048404452943 -0.00352312531106369 -3.48903097391679 -2.7469732096316 0.275520036280677 3.09029714725617 0.728540659767454 0.622883761990819 -1.11929295614538 -1.56453088526298 -1.27876196606005 -0.949367193274148 -4.0158502848453 -3.98701685776458 -0.0363497394698409 -0.715114945813315 -2.18676396145602 0.591034942006575 -2.70760368529894
1.25487661090094 0.531759311722483 3.56572119987194 1.42256112245687 0.629984862403959 2.53049971214164 -0.539422657850688 1.71771330200554 -2.30954917949812 0.924844999658667 -0.653297044868275 1.00519870981198 2.07111323144367 1.29677997858969 -4.87532820908513 1.73134795480905 0.0141161190680068 -0.55205208466014 2.38005924191516 3.26337495879732 3.79486559738617 -0.729032619832364 0.487334827621025 0.442453036566072 2.290272184056 1.32385637528093
2.67507339386256 -1.39779420063839 -1.23938467276874 2.11463553526978 2.08699308492052 4.01013084217491 1.30450754889908 2.90893080035087 3.65728535356761 3.98451188724187 -4.26227435514581 3.82876204105165 -1.28449612071664 0.619084287056328 -0.888231591218993 0.98015608424498 3.83637914781574 2.59936794293242 -1.39217808797859 0.821163057655018 0.411148747641559 -1.52227046916923 -2.71135936614946 2.40642609234275 2.68667533150218 7.01704979406543
2.44291841218924 -2.50380702707878 0.406898749107549 2.08713500069328 -2.07736660898711 -3.88653817970583 -0.893004523970209 -6.49586602202765 1.06219821981465 -1.37055330875994 -5.67240384249873 -1.96076697097534 0.0263741105819536 -1.32958819557816 -0.313103582512999 -2.6206410526481 -0.750027275914677 -2.30582570234308 -6.85472879208838 -1.68220991525623 -4.82345402611952 -1.14110913809829 -1.77539437475891 -3.3202586948443 -0.415768562648126 -3.09744327182696
4.45120633708457 1.72812657812614 -0.109639066051457 2.94295577278478 -3.61017075388157 3.57833665931037 2.56823114138086 2.82936620893929 2.03294722389514 0.254220924191836 1.77164694374375 0.292079390119905 -3.99441966314573 0.917771298413349 -0.48817471767948 2.49055879369505 0.613934373318337 -2.92098441741367 -2.7193722764629 -0.491726313591023 3.00988654144595 -1.16617585131082 0.268517214221079 5.07773141953338 4.90609231841211 1.99332618085332
-1.75863665942341 2.65549332849866 0.26865720831801 4.57605105891276 3.90943664054246 -2.23540017332843 -0.306833385772852 2.296516025326 1.75927920452515 -1.29310709926272 3.69271056998996 1.19695974863994 1.37864277661971 -2.03065401970369 1.14067558301439 -0.20065204334073 3.31837405009825 0.496724545164856 1.31810172092223 0.216350065504785 2.3380401433115 2.123896731833 -1.64983825616261 3.4134457547154 -2.35749300851523 6.15395069901094
3.3199962890173 -1.91945510437188 -1.43528901853789 -0.158554766059209 3.02426689129348 4.66804099391655 1.39489424008507 1.68538864847055 3.84124552894402 2.93849719665806 0.608422347373511 1.33569914736896 4.22697874457424 -1.12274130720032 -1.02696449633202 5.15512519053991 2.82566939094272 3.13535205054152 -1.02880904826651 0.69666457016782 -0.22798976577299 -0.219988305597474 1.24060982686579 7.8238021336869 3.08443570762493 3.0646955894613
-2.00813373338922 -0.708534661799528 0.860180593729126 -1.83611871820727 -0.473663007058597 -1.81938884278014 -1.05826521883217 3.2453921598286 -1.41056832367015 -1.08879646592648 -1.33215717572247 -4.0830774462227 -0.0996750923027894 -1.94377021456846 -0.153473805219734 -3.52281056737115 -2.37574012419693 -3.92066240265186 1.70686846563769 -1.67575992512473 -2.82489325589864 1.22514054279634 0.320627112777516 -2.53100028177104 -7.84571286484977 -3.08495178963848
4.09503759835674 2.14416515228616 2.19136208790119 2.03955958302663 -1.10265073388272 2.76107611624223 0.525795494515521 -0.0253270514610549 1.43440480775328 1.83212551866346 3.40750068508511 2.50006886351588 -0.982793422971158 0.693729726162993 0.738006159588158 -0.513738667850851 1.35710341510368 2.59502342210305 0.677322313610759 4.2550704640007 3.13010564984813 2.36915263755366 0.577363897509411 1.83704357707503 5.22043481903941 1.05729733844869
0.891317140831379 -1.24205562094851 -0.876640923008517 0.162678281400456 -0.564571235905895 1.26787226303126 -1.08355945175604 -4.80138656021437 -0.357400945968239 -2.57199059342342 -2.30487111038687 -6.93830734754809 -0.148217375558053 -0.958865580972088 -2.21799847297897 -2.62071126955543 -0.372426669993532 0.242799849889964 -4.88290743470408 -0.120807191582206 -2.70639703192053 -0.290505431662508 -0.165083928264211 -2.59245431189463 -1.57527060617487 -4.33685909313873
2.61266590332643 2.30305450863068 -0.19484037675919 0.443189173095701 1.05960578121206 3.55676127494057 -0.379110067383108 3.76862725716876 3.7276514487791 1.34683199903048 -0.862845561413397 1.82893981888755 -2.66655952219872 1.71717426984043 -2.46992414494869 2.0591773227224 -3.34650808452943 -0.0661734692048246 3.54301316117147 0.663825704800199 0.507796999098754 -1.11919834346258 1.19718327632199 0.216770382776514 1.88438324372794 2.60426391297082
0.519620520214411 -1.90556233206008 1.97304546214056 3.22420382527859 4.16403940722661 0.140566530681759 0.492230168250114 5.35410604480869 2.39100355502272 2.41372380663696 2.70520776780167 1.45120586161483 -0.59839129707996 0.0490340747475875 -1.13342582787686 1.29988268164912 2.92228069752571 -0.272089544726994 -2.48789470178869 0.951389606506639 -3.13312892494327 -1.45514164562498 3.12143161159119 2.19640579624529 1.1383653689565 1.69471853177449
2.42536908968248 2.59800192241824 0.402511942581097 3.07678901385763 0.667957277912854 2.44931591215388 6.93880689173162 3.37789377285432 -1.61803406742772 2.57882621208118 0.833657047631403 0.81035172678498 0.534092461885991 -0.0365584600031327 -0.721543930780037 -1.02394211293851 -0.168213365879733 1.94618460613048 3.51000550929539 3.8735812431536 1.31227673361141 -0.53647576707544 3.62531084923698 7.64847518212449 3.44961918377866 -0.575895482922705
-3.47778113506378 -3.27237947233321 -1.76340653736717 -3.49169196453729 -3.96474553422417 -1.98491724759935 -1.67146594617809 -0.167488713450427 -4.74396920918284 -1.09533150723494 1.24648104071888 -3.72672657450061 -3.10130485388303 -0.841521908606068 0.78925978836694 -0.249898751544346 -5.99832483975625 0.656522953804612 0.344537334168227 1.92956783034582 -0.665479310612124 0.588821173305913 -2.0667029701952 -3.54718799118244 -5.34468474303504 0.535694212601286
1.36881633562624 0.29276706251573 -0.535839665468883 -0.273523949526537 3.59813408998401 -4.11586630869355 3.90025263198185 -0.212795305226008 8.72950060855701 0.346224133623554 0.9880461993572 2.6697179825225 0.739471040657748 1.64303982160526 -2.08089007592138 0.360678604066105 5.84504939442995 0.890117268362917 4.62126421737141 1.04291256988353 3.69070175756999 0.0233035381780081 -1.45783497961307 -2.44045208544419 -1.89609139631158 2.46620281898893
-0.508047680366778 2.98855506867675 0.199605807459396 1.73435749365762 -2.84009644869733 -1.11914229889883 -2.16003011960728 -5.8978769342478 -0.483367742552402 -2.46796588088441 -2.43854252145467 -2.16482636383086 -0.316718307000238 -1.12480979193135 -5.55297633738088 -1.33603752699822 0.696247333246452 -4.05536045662451 -2.81692207479828 2.53694546904409 -2.47324172252217 0.403266932064543 0.405793768917148 -4.78500496307817 -3.38438611945317 -3.75922645209337
-7.78759208456226 -1.76407771332403 0.502535689414292 -1.48778655788674 -0.923988306831995 -0.922392196192101 -3.07054115082631 0.0409280284069822 -6.88853710921285 -0.244777668350641 0.310081796342535 -0.457880729390098 -1.83049984549176 -2.65247940523014 -3.53955245386951 -0.701913451867923 0.226434095844508 0.867018214229851 0.0554937861740401 -0.989349889870373 0.442326532833702 0.330471384616889 -2.58824052584192 -5.21824315103113 -0.484702093417502 -2.47652410544213
-2.65349702533587 -1.29753388629336 -0.430325576627938 -1.31313479848541 -4.71362883142554 -1.83786484117279 0.496400708569016 -4.0794248540831 2.14963803935192 -1.09871116524529 2.47720893569075 -2.65021840024741 -0.154715678031351 0.0520707683601053 -1.86464236817794 -3.72004361661433 -3.85872895478063 -3.17352544061453 -1.45408939766636 -2.47763106270984 -2.96243754034582 -1.47273429684491 -1.46812265663801 -1.73805786463606 -5.91406132736396 -2.77878494966716
-3.88874637477149 -1.48023291171241 1.60490022929523 -2.16210190182724 -3.85027657839143 -5.45193203896332 -1.41190712221898 -2.80223906832338 -1.0086506989023 -1.33331367432462 -1.6502227572975 -2.95180753888295 -0.540067472916342 -0.890769630057711 -3.63051851097611 0.350503496383105 -3.83898510234677 1.64828669095241 -0.165709428286804 -2.43083090170255 -3.36946092583294 3.02978405519569 -4.5255820486893 -2.9007667683149 -1.69951662392282 -5.8487460077752
4.94209282489719 1.28553535257799 -0.74335434854822 3.18682984171086 0.219356285866978 4.97743185909597 3.36993305373236 0.374124781689718 2.49784834296033 -0.417835644489498 -3.62589162762538 2.04543790702209 3.58924188379683 3.57676981369985 -2.33258818694317 -0.879866285888112 6.94276783501908 -0.604340313100879 1.26878678631792 -0.619931143025538 4.92548394684858 1.12559547985154 2.57775552557122 3.59540981363641 -0.063836015548481 -0.227560096527541
-6.10081613713193 -0.586336640216657 0.398636012152674 -1.88903308146463 -1.00175756589792 -1.52722562368059 -2.13757702113957 0.328820821930117 -3.66583722322823 -2.17760417727526 -0.0783871272413588 -0.367502976536926 0.329334411281615 -0.377497278550252 -3.32594545771828 -0.696139362941245 1.31868299041423 -1.72316238486051 -4.36410338146927 -1.95621064484745 -5.00022985231077 0.961506100416644 -0.117460149966283 -0.925406898947642 -2.88993727461599 -1.63284218887473
-0.0376242301980021 4.3861406841072 0.702571914394285 -0.446550813025685 3.0313731015302 -0.0915109218266983 -2.4307531323109 3.20521688440686 2.19617351989868 1.91045438509222 3.90258236512868 1.18031900823213 1.41554514203171 2.21931447398075 -2.43006346988591 1.79228488888034 -1.20161468783357 1.54021248436778 2.40342429211623 -1.83220745515977 -0.838374308061968 2.88616575541984 2.86154008798494 1.01347129958093 3.61414197983266 -0.104207582643701
2.51791811574445 3.60358022810072 0.614249362772065 0.457376497986646 1.4342695468908 -1.8044595346771 2.48592155625134 4.0331833182756 0.736727306050059 1.03602930800283 -2.46443300881587 2.3432768586048 -0.680756647411597 0.412980067992613 2.43908343742551 5.06104696603655 0.821914934642812 3.84699891403172 1.27958535345067 3.56909000401939 2.60061761567469 -0.725983668331519 -0.965959056875033 2.46943753649246 3.44932047127451 -1.73789598241243
0.0578859268458094 -0.584294706550854 -0.8025763794673 -2.08866663494209 -5.42620470704372 -0.457897944814212 -1.68374121907653 -0.97439990788706 2.24302190106871 -4.08601050898496 -5.65143577953557 -4.74086364302866 -3.97079556043793 -1.20319722080591 0.183583755870423 -1.05263422533169 -0.0275583244677665 -2.85563814432085 0.454077991013249 2.73436725833051 -1.02141855400641 1.25024262203599 -3.31908743251764 -4.30040494947763 -1.97578975159103 -3.14676028960867
-5.40452953421556 0.627072602350131 -3.6497296525154 -2.5323452224924 1.6598583165568 -5.67351258071597 -1.08884514027903 0.138948360789819 -9.49270384622347 -4.0277919648067 1.87885572007636 -1.17522571100345 -1.86763361532431 -1.62553767758745 -1.82850051091232 -0.443663363014642 0.144822463625384 -0.841424387755014 -4.71744696839218 -5.79984702916923 -1.63464617378874 0.503154533218234 0.0456304812625827 -2.78846107535026 -0.223432746121441 -2.72657480756908
-2.8368019125596 -0.701253117210617 -1.16306791042095 0.875039028708977 -1.70886461208337 -4.45848253879522 -0.390676971378785 -3.11948712744886 -7.62936262167113 1.48660033092115 -1.52712098601706 -2.87698268563537 -0.482503279593182 0.746706900145025 -0.0100972501143831 -2.97082573707987 0.0797755001031969 1.28681758660799 3.1032939125838 -6.25559166453645 -1.59302322667466 0.692335204422305 3.0452470627324 -1.93499154222685 -4.00294063543999 -4.00233760753958
3.39611214597223 -1.58497542344017 1.56231095284893 -1.16625707816802 -2.87053457233556 0.637659678296515 2.00055585622526 -6.29334039305321 -4.58383466165188 0.0922458842386311 -0.114173549885568 -4.06444296000375 -1.47484751306348 -1.77895009670318 0.597138229869752 -1.05890967071566 -4.14794351449704 -1.9723179373836 1.14735888152681 -1.15999298274719 1.35848768073408 -0.258404688811768 -1.77613953138419 -1.42481017071087 -4.2348842778268 -1.88028049414675
-0.481917243511608 2.2582822051305 1.24919496440115 9.58588305657135 3.6141746662246 -0.81210652937895 -1.65635729133636 0.444121754687419 2.1842741804093 -0.837574364997846 3.91805232338764 4.63585601292156 4.33816140366835 2.82781110488837 -3.779631235002 -0.85713723407058 0.0593510467143435 4.35906901273002 0.839724325044995 1.91031906595524 4.24506476935482 -0.563039948396824 0.240565553820545 1.28339244839626 6.49187400782529 -0.647356134969769
4.9158898655766 0.514330352635355 -1.14965229944361 -1.35135116252583 -0.313454475501044 -5.68922421665189 -2.30023816515146 -2.10588906682238 0.150645984358733 -2.23614533000232 -2.43577411487804 -1.73447957793058 -1.96720782403139 -0.213903437248448 -2.42843540960104 -0.790706715454045 -1.03205289412818 -2.49539877006422 1.34282084473297 -3.50709157362258 -2.00855826123799 -0.272339803829457 2.92170944530232 -2.03203058063423 3.20688708183054 -4.63759729629317
2.24770419482485 3.07828101718021 1.18338814440096 -1.86336001753701 0.619872461873689 -4.09906475812788 1.44414732952601 6.20217664047076 -0.324428357492614 0.24932911137383 1.12167539047514 4.0361437918799 4.22383741085828 -0.946983646204983 2.50860395373436 3.22352204454746 4.44662758451445 0.0881826828978802 5.11224951718233 0.915133317122078 1.70110755911432 2.06290230468634 0.230902761977764 6.51152659046086 0.395828435332898 2.7284472141149
3.31228769139516 0.893385999729982 -0.0657522015116985 2.42134502024037 5.46362258673573 1.64477451006059 -0.603037193949909 6.15151805852039 -1.11129361485026 3.31419525608424 -3.11075917096032 0.820063497307268 -0.0325412831117217 3.17208837690004 1.02367781975882 0.688216516971946 -2.6588975802546 -3.14147248177881 4.4299070512612 1.04198981904238 1.45652031666827 4.63527231168299 1.43982810177901 3.3588248959001 0.84659882737539 2.82367948166323
0.141771479863225 -1.19549774399122 1.29804717435907 -6.309154110983 -4.18868100063981 -2.33580292840622 -1.71099157173614 1.07611499455291 -5.3293733589577 -0.943794808270959 -0.698366572592169 -0.405225018823979 -3.46169228219822 -0.786621676375756 -2.47196031390976 -0.984312156695991 0.166731090642052 -2.18377358367098 -5.93299321693974 -2.30730168666723 -4.74535043165101 1.02415731209584 -1.30187189424515 -0.569295036580623 -1.69532102867144 -2.66673024317738
2.15401497342433 0.91180071287854 -0.83123189022248 2.88057182904681 0.0298703464009051 1.21918047460004 4.24813544792653 1.53240993366548 0.368157489838777 -1.94877326632745 1.33297597446724 2.49682185943882 -2.54334205543422 3.12621779046789 -3.36097559005762 1.67593010000581 -1.21320323907458 2.00170395645609 -0.846463665904695 -2.59069427775054 -2.27225407045222 -4.90267389527025 -0.0919753757293773 4.01374487122347 -0.141093058713171 5.61386704250721
2.35580167256186 1.87983959669328 2.17443821455309 6.65541690670474 1.98157936978418 1.6763376172387 -0.745744874552554 7.14319579320809 4.92315797096278 0.516424760714521 4.36551889065534 -1.89524993567545 -0.324374887262802 -0.997972618190382 1.94789529067178 -0.0489995225576574 -3.38445482016341 -0.521159745912152 0.889469637046817 0.960804729720705 0.770854948207538 -0.52298948704517 1.76876918947506 2.72267424534805 5.02796516910873 1.99819575008054
-4.57326049885328 -2.39912223113581 -1.59398553489049 -0.0544810177263411 -5.14649720205186 -5.10397328922357 -2.86112262841453 -3.19837054891094 -0.507650267585248 -0.961417498408524 -1.71480375421933 -2.06914067487743 -1.6512130547357 -2.19385761809424 1.75180582266737 1.5365715513577 0.832994194905313 0.656729173810143 -3.44268909852254 -1.67052869070218 -4.57661882751521 -0.0761648898180017 0.529535660391404 -1.20843340850611 -4.22701022212986 -1.86269008564093
2.03647914065378 0.785241747417073 -0.716917023846654 2.37172656292337 2.66168170647642 -0.388333348325667 0.933664201145835 3.0676500749576 7.90557303624963 1.75376421855914 0.653948205701553 0.634248529243258 6.41603168288393 -4.86353001765592 2.7007961546221 0.140928069367408 0.118829420786307 1.22327058346623 0.480957011384874 6.0284761496102 2.97875665487674 1.41760963975099 3.72858813230319 1.63472211202193 3.82247011896751 3.02882494783904
-3.72378799908358 -0.616923234068688 -0.796426491996162 -1.57835139535336 -1.7960635329248 0.555819784978223 -3.86728120291393 -1.68563457836536 -5.13100939362258 -1.43538024284951 -1.04122944965445 -1.24943842128621 0.305860171966716 -0.315866077914104 -1.75277441271804 1.03278585148152 0.7428144010361 0.496372127332762 -4.43578080813458 -3.01486883229685 -5.45616244821781 -1.1654586918836 -0.501101124713363 -1.59675320362833 -2.34150413241577 -2.18895952719935
0.819834778772504 -0.0692760682966742 2.45944309033871 2.99331049249482 3.07675164274352 0.653016788610277 1.6955895963136 1.30564061602325 -2.12911909558988 -1.72080074162603 2.53354006319211 1.29678045514637 1.85834250287396 0.720805960034624 0.294778563247346 2.50351344658602 0.371353964160052 -3.60205900567741 3.78631204610457 -0.0876824393554969 1.20900967434076 0.734686731720766 0.749408791819895 2.67808313030295 6.70886477210254 0.987534060307807
2.32225250286545 -2.83843102471539 1.53714934478 -2.02328907408122 -1.52355982827837 -0.44121399524433 -6.0437012002594 -2.25126098052384 -0.517618199959464 -1.54514011303511 1.61920305365867 -0.452948751852493 -1.05762501758132 0.924070401709923 2.75402271148163 -3.11957184077774 -1.47848225004212 -0.0951118852323527 -4.18165490559794 -1.62502000294992 -3.20743705969326 0.559276166123494 0.545893266778335 -6.65593168869922 -0.566714790715328 -1.79576121945747
0.488226313180658 -0.148667960242048 4.19762508189925 0.831962734660913 0.27007139413816 1.8927233660388 0.273541266065157 4.72474264843406 -3.5019689360193 -1.66787506086706 -2.46989167545188 1.45751018273683 -1.74214413707942 4.91741833658111 -2.66692028208962 1.75776130376488 2.25146141703787 2.95571192566284 0.518241970307722 3.66419636379217 4.35099891686323 4.63872928387609 1.56462423657312 6.86693373186861 5.26154918734939 6.27771592822043
1.51096757581067 0.415156017262546 3.08176478429832 1.34461064157408 3.80392218776141 0.560833012739096 0.174781525222129 2.66033886504268 -1.59927005237694 2.41300895060374 2.83522216065924 4.17512426835557 -2.64675403680011 -0.591555051808196 -1.19449190829032 0.0439562059194004 -0.723253469652741 -1.60479846524132 4.47241196065242 -1.66694476274674 -0.174009713950948 2.61282880571371 0.563181630135986 3.82974047796461 1.47051747467009 0.750614548434325
-5.43070505012889 2.38394814822292 -1.51570815200411 0.937681707614799 0.216436631525117 -4.81900983220535 -1.89887703291056 4.3911157323994 -0.861072063026051 -1.0461375790972 1.27421052116963 -0.108790688084707 -2.02918496741557 0.696833065237291 -2.28185427715486 -2.56325722385869 1.05024357949967 -2.61444767821906 -4.97263517186946 -0.962821931154072 0.709487086836871 -0.596187557711124 0.906874634357827 -1.61538702734214 -1.44379635129297 -2.74362201963954
3.96287445253946 -0.891931018362556 -1.02847249142382 3.07344125568353 2.72253458473707 2.22543651395485 -1.90250641879122 -1.34502696698487 4.8629341702976 -1.86050494514768 3.29228104937186 0.716279756529013 -0.190708787894964 4.18497670537213 -2.50686229149221 0.37287771744891 2.43381569750118 1.27536195218219 1.970177945862 3.97380996535696 4.40032714040273 0.341736124504538 1.84074268094284 2.52116265092823 1.8589090961628 -0.176242257173304
2.52424857936622 0.463364243141169 -0.431550289532299 -1.89696750972742 -8.35617904221309 -0.594443805271692 1.83644190084828 -6.01382098183725 -1.73933943712739 -0.128964146899918 1.41494464059676 -1.4032748504212 0.883570705021684 -2.17947670226074 0.251925088107184 -0.306813347857662 -1.48689829629865 -1.66035730490694 -3.74878228348151 0.399078014765645 -3.0711430757495 0.138379986123762 -3.1924087288628 -5.00455791926194 -1.16417165278467 -3.11277689690386
-3.77281007284965 0.715112308958938 1.11168889730945 -2.26451954317725 -5.3974021842254 0.487385684273907 -1.9123157500701 -1.29466058858301 -6.774766572488 -2.06965814224781 -2.27437013109689 0.204953412548756 -0.293542973924065 -1.42872492981541 -7.67398438255321 0.457192434510012 -1.00423641202179 -1.65918193757155 -0.864311523758692 -2.45505274638423 -0.340062521312172 1.55263666275618 -1.39856233697622 -1.66215641603773 -3.8699379648508 -4.07464514842639
3.2037991279111 0.0677930172025125 3.35916981483007 -1.34063707739497 1.25423762309366 4.2302775504553 1.98127518072619 -0.508184508890944 5.84411011899967 3.28045029764858 -1.11973878403132 -0.73054365331163 -3.70954083504025 1.44692513667527 0.838731851092969 0.957373535004449 -1.95022776054357 -1.59373245726469 0.598822604450316 0.231404143971882 -2.2744867733066 -5.26330576700487 4.3718660286867 4.65261740704646 5.07103473737357 -2.98602012670228
-3.41905091082925 -5.40373109853815 0.853859418548019 -1.97300004504479 -3.69637217521236 -0.461758926607521 0.216446145283376 -4.81522098857006 -4.88755975493807 0.21687899002825 -1.07358773925448 -0.512104204037015 -0.15031430772693 -1.15196854082292 2.11744007988337 1.13301049429661 -0.514374218797798 -1.55760932266928 -0.789838591031584 -0.948953171445873 -3.9440344493861 1.67480682544487 -3.80305351171649 -0.691652223421842 2.38517973912343 -1.91339533086515
3.78594449926715 -4.46313055619926 -1.7689864178105 4.77272287983684 -0.825572356430225 -0.343911577997586 2.12625683459341 2.93193284947174 11.7919630735794 0.344610136201569 -2.53697762951347 0.451698645896915 -1.61978498262162 -2.94922912686825 3.28825838599524 -0.672228374555193 0.593220236825459 1.66632093049962 0.215042687931911 0.132697452533356 5.46014641102451 -2.88104261622745 -1.00944777072057 2.51588683773839 2.42968437162844 2.10455132780639
-0.583912785296853 -0.818398419117776 -0.56678934693343 -1.53769304292784 -2.73390855210209 -1.94356952652552 0.758055209805337 -1.45571151140325 -1.8835331691328 -2.60857249948048 -1.1154159208707 -4.17954411524762 -4.65202948530723 0.166891907071297 0.642225701524062 0.563732322658853 -1.39612050230246 -4.02652108767675 -6.69701904953799 -3.11817188352895 0.125321147769098 -0.0397715277631426 -3.98468347324423 -2.1824557514349 -2.41357204901302 -3.15466866819317
2.66070921977519 3.26726761241151 -0.829670723932323 4.38433806845992 0.637848022501131 -0.314065919541007 0.438706596337616 3.04735385289154 7.96671149083106 -1.85040726256098 0.616724279222234 0.984675528135806 4.30657403971707 -0.815394911782866 -1.12976213507765 2.37899709521063 -1.30095324984568 1.07599667066667 3.35134180751392 1.11364211091479 2.0606851317389 6.53541800554887 1.06213027236381 0.98278257822464 3.2533781790939 -1.79829711824436
1.56641971235185 1.28366920566767 0.105920957288946 7.97702748067705 -1.15916060688163 2.29047690782587 4.84219637978657 5.01217251122471 6.14996257871755 -0.914163912353092 -1.33525126449681 2.77149851697957 -0.229278193205943 1.54270900473819 1.81568201753971 0.617174636391686 -0.391224237506853 -0.817530991018064 0.814427690083667 0.774521444878136 -2.48073299559648 -0.995131124107809 2.44766213996212 7.27384140674367 1.64026212166738 -0.221191575677308
2.55743919488951 -0.131714384174903 -0.401063602182938 -2.48119732913451 -0.857747298599708 -4.56694805779773 -3.7575161517196 1.06091079491849 -4.76008304846103 -0.600883305089972 -1.52280569291396 -2.79577616376939 -0.10065367416273 -0.120241569594215 -0.66803457003287 -1.14625723644167 -3.67246376200441 -1.3484345828204 -5.94443600078361 0.123858649748808 -5.22861074620359 -3.14147787703004 1.63460274969185 -5.01052922214033 -0.647111299601099 -0.429462618186699
-0.863586045529802 -0.977170397083318 -2.77910562882212 2.5853407256678 -0.687758365702484 2.29466324881898 -0.181291412526561 2.71092167995415 5.6777331490669 -0.661990866276103 2.20951420405509 4.05239468427655 0.839378551617066 -1.25507153688179 -3.777272496445 4.53393927670251 -0.162726955081497 0.337574975071873 1.65388623481978 1.35982558000785 3.20408881575907 0.854763618717435 0.0540808184217834 1.99659967987095 0.612919974334607 5.20039457342837
0.679640837194735 0.673807134356221 1.46609423367167 3.17011055409641 -2.91550589936664 -1.20436255120542 1.40162940916759 -4.66068090821764 -8.63447514408597 -1.17669003588204 -1.36692543525416 -2.61431140701231 -0.408999970338464 -0.363162663881858 -4.35483113647525 -2.48927798429292 0.782756336407027 0.925487091641156 -4.62004351479468 -2.76291430839899 -1.54168753544038 -1.92895341211584 1.79407509450177 -3.36118121074105 0.755586879768213 -1.11146894974238
3.52110991949109 2.13889026892622 1.40766412902853 2.50242884872944 6.05374964600688 -8.11178836829365 5.52805460762431 1.48459850009455 3.19104641650316 3.63029392517241 -0.677963922126536 -0.547238970182272 4.20551652434486 -0.0993371420669728 -2.61044800480336 -2.10803721514119 5.75312171480953 0.84080964813981 3.76861266175418 0.674646977480052 4.89427104132627 1.05642530870238 1.39707429042744 -1.65782537675495 6.72513420762486 -1.57859220845309
1.9680008969632 0.0333904862394893 -3.46936347966448 -0.053452745244144 -0.82760502072794 2.07237941156091 4.87221517681936 4.41817406230335 -1.06850985026759 1.08104285700271 2.90633511317017 3.23647452282529 1.12186315767922 0.788862145405395 0.302116758918596 1.10179708615092 0.0244394700752538 0.142144582117258 4.18223421166821 -0.814563579936279 4.17499899685778 0.231300528762205 2.77517285875057 3.68638696660316 7.34669430358512 6.55971808524035
2.51854500995985 -1.15828312145573 0.186506992008257 5.77788385850971 -0.576363815447685 -1.39988747948395 2.13912168025676 0.290508890249063 6.783619848664 0.345796036880332 -1.34076717958614 4.18182087718326 -3.84522513879982 -3.24147373395963 0.693730630063921 1.48234037172757 2.14661924115549 -0.336892080141425 4.05004625906076 2.51537121270024 1.22960916351195 -0.483767476048234 4.4123523144665 -1.96583785349229 2.24265901469542 2.04981735352395
-5.12055476194405 -1.66317364288282 2.0420647236791 -1.44781153490848 -0.783275967305056 0.201179596717323 -2.29702535789483 -8.94179978490106 -2.80408625548479 -0.808352978474913 -2.58604929193217 -2.67013225976557 1.10942375364883 0.0321160108109865 -3.4582840619569 -2.6136522834275 0.365138542223161 0.751095394522565 -3.83405564917827 -1.07554427812916 -1.53849250477331 -1.42967508195299 2.18764500516796 -4.98348558678175 -3.60819474128089 0.305896211709436
-1.78133218599224 -0.413758897388511 0.336915412317023 -5.76191579610495 -0.587538527667625 -2.1351045558522 -0.321319995610018 -7.25161422044711 0.370710084610734 -0.687664487816013 -1.82773318602416 -3.45126167094491 -2.39591039776535 -1.60503354233852 -1.59732696217144 -2.27768757396783 -4.72194170445134 -2.60178400977309 -2.17983506397935 -1.66035922483234 -4.46079979033412 0.260809700439628 6.38562198742958 -1.93136659425631 -0.766482694629225 -3.44316084950257
-1.01115773528611 -2.1024412065443 -0.300881516636503 -3.84503711091326 -3.46315892216333 -4.06019786057615 -2.00176142567836 -0.141667322715724 -0.492687171557927 -0.392186818272751 -1.33422803629523 -0.103266167236103 -3.85380073611589 -0.889581732044611 0.437454384307429 0.748737542904481 -1.14734983349575 0.358336896464489 -1.87660195907121 -6.05658875590283 -3.49493733837447 1.42740368788495 1.65808718946118 -2.66940134200859 -2.54261511253712 -2.11540088722928
-1.17699021803527 -0.792050335136397 0.0604615880834304 -0.19100038318697 -2.26865965528732 -3.17754609710296 -1.66963373969783 -4.88356675029191 -2.65729367710555 -1.9576729216539 -2.28661070551378 -2.67748556951982 2.5814131971195 2.0977551468678 -0.0830016614425418 -0.468042977003833 -2.74833656714374 -3.98916260875845 -1.57352949827335 0.576495600464261 -2.16439116765462 0.0648794827761075 0.99874248468159 -4.3625971488664 -1.30166056762818 -1.94435442267497
0.221835067172232 -0.67660261237575 -1.10906591224107 -4.15145260943324 -2.63207410482896 -5.78414105982848 -1.16695079082376 -0.940621506891574 -5.71633906870586 -1.40118461828709 0.699648652223518 -1.40381071205079 0.129708102437422 -1.4037212711477 2.56071494218296 -0.894229939151588 -2.90728345393539 -2.60186103631269 -1.43425581106428 1.73106132901929 0.705178249417491 0.100016113033363 6.72838275314948 -2.87327100720788 -5.03779248654946 1.59853656237354
